doc_id,block_type,para_id,sent_id,is_para_final,page_n,textstring_orig,textstring_rich,textstring_simple
524584,head,0,0,True,[1],"ΓΛϒΚϒ΄ΠΙΚΡΟΝ Wider die betruͤbte bittere TrawerKlage/ Bey Abfuͤhrung vnd Begleitung zum erlangeten Ruhebettlein/ der Edlen/ Viel Ehrentugendreichen/ Wolbenambten Frawen Annen Marien/ Gebornen Sckoppin/ außm Hauſe Glaͤſersdorff: Des Edlen/ Geſtrengen/ Ehrenvheſten/ Wolbenambten Herꝛn Hanſen von Noſtitz vnd Noys/ auff groß vñ klein Strantz/ ꝛc. Fuͤrſtlichen Liegnitſchen/ Briegiſchen Raths/ vnd des Fuͤrſtenthumbs Wohlaw/ ſo wol zugehoͤriger Krayſe vnd Herrſchafften Landes Hauptmanns/ ꝛc. ehelichen hertzlieben Haußfrawen/ ꝛc So den 18. Septemb. Anno 1614. zwiſchen 3. vnd 4. Vhr nach Mittag/ ſanfft vnd ſelig im HErrn verſchieden/ vnd den 28. Ianuarii des 1615. Jahrs/ ehrlichen/ gewoͤhnlichen Brauch nach/ zur Erden beſtattet geworden iſt. Chriſtlicher Troſt/ Außm vierdten Capitel des Buchs der Weißheit/ Duplici modo Tractandi, Durch M. Wolffgangum Droſchkj/ Dienern am Wort des HErrn/ zu Steinaw an der Oder in Schleſien. Leipzig/ Bey Abraham Lamberg/ Jn verlegung Hans Eyrings vnd Hans Perferts/ beyder Buchhaͤndler in Breßlaw.",γλϒκϒπικρον wider die betruͤbte bittere trawerklage bey abfuͤhrung vnd begleitung zum erlangeten ruhebettlein der edlen viel ehrentugendreichen wolbenambten frawen annen marien gebornen sckoppin außm hauſe glaͤſersdorff des edlen geſtrengen ehrenvheſten wolbenambten herꝛn hanſen von noſtitz vnd noys auff groß vñ klein strantz ꝛc fuͤrſtlichen liegnitſchen briegiſchen raths vnd des fuͤrſtenthumbs wohlaw ſo wol zugehoͤriger krayſe vnd herrſchafften landes hauptmanns ꝛc ehelichen hertzlieben haußfrawen ꝛc so den septemb anno zwiſchen vnd vhr nach mittag ſanfft vnd ſelig im herrn verſchieden vnd den ianuarii des jahrs ehrlichen gewoͤhnlichen brauch nach zur erden beſtattet geworden iſt chriſtlicher troſt außm vierdten capitel des buchs der weißheit duplici modo tractandi durch m wolffgangum droſchkj dienern am wort des herrn zu steinaw an der oder in schleſien leipzig bey abraham lamberg jn verlegung hans eyrings vnd hans perferts beyder buchhaͤndler in breßlaw,wider die betrubte bittere trawerklage bey abfuhrung und begleitung zum erlangeten ruhebettlein der edlen uiel ehrentugendreichen wolbenambten frawen annen marien gebornen sckoppin aussm hause glasersdorff des edlen gestrengen ehrenuhesten wolbenambten hern hansen uon nostitz und noys auff gross und klein strantz c furstlichen liegnitschen briegischen raths und des furstenthumbs wohlaw so wol zugehoriger krayse und herrschafften landes hauptmanns c ehelichen hertzlieben haussfrawen c so den septemb anno zwischen und uhr nach mittag sanfft und selig im herrn uerschieden und den ianuarii des iahrs ehrlichen gewohnlichen brauch nach zur erden bestattet geworden ist christlicher trost aussm uierdten capitel des buchs der weissheit duplici modo tractandi durch m wolffgangum droschki dienern am wort des herrn zu steinaw an der oder in schlesien leipzig bey abraham lamberg in uerlegung hans eyrings und hans perferts beyder buchhandler in bresslaw
524584,body,1,0,False,[3],"EDler/ Geſtrenger/ ꝛc. großguͤnſtiger Herr/ Recht iſt es zwar von den Gelehrten geſaget/ Quod ingenii celeritate præditi, & dociles homines, recordatione plus valeant, Darumb E. G. durch mich nicht erſt/ die Betruͤbniß vnd ſchmertzliche Leidklage/ renoviret hette werden doͤrffen.",edler geſtrenger ꝛc großguͤnſtiger herr recht iſt es zwar von den gelehrten geſaget quod ingenii celeritate præditi & dociles homines recordatione plus valeant darumb e g durch mich nicht erſt die betruͤbniß vnd ſchmertzliche leidklage renoviret hette werden doͤrffen,edler gestrenger c grossgunstiger herr recht ist es zwar uon den gelehrten gesaget quod ingenii celeritate praediti et dociles homines recordatione plus ualeant darumb e g durch mich nicht erst die betrubniss und schmertzliche leidklage renouiret hette werden dorffen
524584,body,1,1,False,[3],"Aber weil einem jedwedern Vernuͤnfftigen/ der lieben Seinigen Ehrengedaͤchtnis/ bey der poſteritet lieb vnd angeneme iſt/ vnd E. G. auch ſelbſten/ den tractirten Troſttext/ mir denominiret vnd an die Hand gegeben/ daraus/ was vor ein γλυκύπικρον, dulce amarum, bitter Leid/ ob derer hertzlieben Ehefrawen toͤdtlichem Abſchiede/ troͤſtliche Frewd/ wegen wieder zuſammenfuͤgunge/ in ewiger Herꝛligkeit vnd Seligkeit/ in E. G. Hertzen damals luctiret vnd gerungen/ leicht zu erſehen: Als offerire vnd præſentire E. G. ich dienſtlicher wolmeinung/ gehaltenen Sermon, habe auch eben dieſen Text/ auff eine andere maß vnd weiſe erklaͤret/ ſubjungiret, daß E. G. die ich weis/ an Gottes Wort jhre Luſt zu haben/ diverſitatem daraus ſpuͤren vnd vermerckenmoͤgen/ vnd bitte zum hochfleiſſigſten/ E. G. es ea animi affectione, qvâ factum intentione, großguͤnſtig erkennen/ auff vnd annemen wolle.",aber weil einem jedwedern vernuͤnfftigen der lieben seinigen ehrengedaͤchtnis bey der poſteritet lieb vnd angeneme iſt vnd e g auch ſelbſten den tractirten troſttext mir denominiret vnd an die hand gegeben daraus was vor ein γλυκύπικρον dulce amarum bitter leid ob derer hertzlieben ehefrawen toͤdtlichem abſchiede troͤſtliche frewd wegen wieder zuſammenfuͤgunge in ewiger herꝛligkeit vnd seligkeit in e g hertzen damals luctiret vnd gerungen leicht zu erſehen als offerire vnd præſentire e g ich dienſtlicher wolmeinung gehaltenen sermon habe auch eben dieſen text auff eine andere maß vnd weiſe erklaͤret ſubjungiret daß e g die ich weis an gottes wort jhre luſt zu haben diverſitatem daraus ſpuͤren vnd vermerckenmoͤgen vnd bitte zum hochfleiſſigſten e g es ea animi affectione qvâ factum intentione großguͤnſtig erkennen auff vnd annemen wolle,aber weil einem iedwedern uernunfftigen der lieben seinigen ehrengedachtnis bey der posteritet lieb und angeneme ist und e g auch selbsten den tractirten trosttext mir denominiret und an die hand gegeben daraus was uor ein dulce amarum bitter leid ob derer hertzlieben ehefrawen todtlichem abschiede trostliche frewd wegen wieder zusammenfugunge in ewiger herligkeit und seligkeit in e g hertzen damals luctiret und gerungen leicht zu ersehen als offerire und praesentire e g ich dienstlicher wolmeinung gehaltenen sermon habe auch eben diesen text auff eine andere mass und weise erklaret subiungiret dass e g die ich weis an gottes wort ihre lust zu haben diuersitatem daraus spuren und uermerckenmogen und bitte zum hochfleissigsten e g es ea animi affectione qua factum intentione grossgunstig erkennen auff und annemen wolle
524584,body,1,2,False,[4],Der ewige Gott ſegne vnd benedeye E. G. an Leib vnd Seel/ hier zeitlich vnd dort ewiglich/ Amen.,der ewige gott ſegne vnd benedeye e g an leib vnd seel hier zeitlich vnd dort ewiglich amen,der ewige gott segne und benedeye e g an leib und seel hier zeitlich und dort ewiglich amen
524584,body,1,3,True,[4],"Steinaw an der Oder/ den 7. Februarii, Anno 1615.",steinaw an der oder den februarii anno,steinaw an der oder den februarii anno
524584,body,2,0,True,[4],E. G. Dienſtwilliger allezeit/ M. Wolffgangus Droſchkj.,e g dienſtwilliger allezeit m wolffgangus droſchkj,e g dienstwilliger allezeit m wolffgangus droschki
524584,body,3,0,False,1,WIr leſen/ Meine Geliebte/ im erſten Buch Moſis am 23. cap. da dem Patriarchen Abraham/ ſeine Gottfuͤrchtige/ ſchoͤne/ vernuͤnfftige Haußfraw Sara/ todes verblichen/ daß er ſie anfangs ſchmeꝛtzlich beweinet/ wird eine groſſe vnd bittere Klage vber ſie gefuͤhret haben/ wie die Egyptier vber den Altvater Jacob/ Geneſ. 50. Darnach ſtehet er auff von der Leich/ wird ſich erholet vnd getroͤſtet haben Jobs Hoffnung/ cap. 19. daß ſein vnd jhr Erloͤſer lebet/ vnd werde ſie hernach aus der Erden aufferwecken.,wir leſen meine geliebte im erſten buch moſis am cap da dem patriarchen abraham ſeine gottfuͤrchtige ſchoͤne vernuͤnfftige haußfraw sara todes verblichen daß er ſie anfangs ſchmeꝛtzlich beweinet wird eine groſſe vnd bittere klage vber ſie gefuͤhret haben wie die egyptier vber den altvater jacob geneſ darnach ſtehet er auff von der leich wird ſich erholet vnd getroͤſtet haben jobs hoffnung cap daß ſein vnd jhr erloͤſer lebet vnd werde ſie hernach aus der erden aufferwecken,wir lesen meine geliebte im ersten buch mosis am cap da dem patriarchen abraham seine gottfurchtige schone uernunfftige haussfraw sara todes uerblichen dass er sie anfangs schmetzlich beweinet wird eine grosse und bittere klage uber sie gefuhret haben wie die egyptier uber den altuater iacob genes darnach stehet er auff uon der leich wird sich erholet und getrostet haben iobs hoffnung cap dass sein und ihr erloser lebet und werde sie hernach aus der erden aufferwecken
524584,body,3,1,True,1,Vnd endlich beſtellet vnd richtet er jhr aus ein ehrliches Begraͤbniß/ waget ein ziemliches darauff/ leſt jhr eine ſchoͤne Grufft anfertigen vnd zubereiten/ Wie auch Joſeph von Arimathia/ Matthæi am 28. cap. in einen Felß jhme ſein Ruhekaͤmmerlein: vnd Joannis am 11. cap. haben den Bethaniſchen LandJunckern Lazarum/ ſeine trewe Schweſtern auch in eine Klufft/ darauff ein Grabſtein/ geleget.,vnd endlich beſtellet vnd richtet er jhr aus ein ehrliches begraͤbniß waget ein ziemliches darauff leſt jhr eine ſchoͤne grufft anfertigen vnd zubereiten wie auch joſeph von arimathia matthæi am cap in einen felß jhme ſein ruhekaͤmmerlein vnd joannis am cap haben den bethaniſchen landjunckern lazarum ſeine trewe schweſtern auch in eine klufft darauff ein grabſtein geleget,und endlich bestellet und richtet er ihr aus ein ehrliches begrabniss waget ein ziemliches darauff lest ihr eine schone grufft anfertigen und zubereiten wie auch ioseph uon arimathia matthaei am cap in einen felss ihme sein ruhekammerlein und ioannis am cap haben den bethanischen landiunckern lazarum seine trewe schwestern auch in eine klufft darauff ein grabstein geleget
524584,body,4,0,True,1,Weil wir denn an jetzo auch dergleichen Verrichtung/ vnd aber groſſes Leid auch erfodert groſſen Troſt/ ſo wollen wir vns darnach vmb ſehen in Gottes Wort/ darvon Koͤnig David im 119. Pſalm ſaget: Wo dein Geſetz nicht mein Troſt geweſen were/ ſo were ich vergangen in meinem Elend: vnd mit einander anhoͤren folgenden Text:,weil wir denn an jetzo auch dergleichen verrichtung vnd aber groſſes leid auch erfodert groſſen troſt ſo wollen wir vns darnach vmb ſehen in gottes wort darvon koͤnig david im pſalm ſaget wo dein geſetz nicht mein troſt geweſen were ſo were ich vergangen in meinem elend vnd mit einander anhoͤren folgenden text,weil wir denn an ietzo auch dergleichen uerrichtung und aber grosses leid auch erfodert grossen trost so wollen wir uns darnach umb sehen in gottes wort daruon konig dauid im psalm saget wo dein gesetz nicht mein trost gewesen were so were ich uergangen in meinem elend und mit einander anhoren folgenden text
524584,body,5,0,False,2,DEr Gerechte/ ob er gleich zu zeitlich ſtirbet/ iſt er doch in der Ruhe/ (denn das Alter iſt ehrlich/ nicht das lange lebet oder viel Jahr hat/ Klugheit vnter den Menſchen/ iſt das rechte grawe Haar/ vnd ein vnbefleckt Leben/ iſt das rechte Alter) Denn er gefellet Gott wol/ vnd iſt jhm lieb/ vnd wird weggenommen aus dem Leben/ vnter den Suͤndern/ vnd wird hingeruͤcket/ daß die Boßheit ſeinen Verſtand nicht verkere/ noch falſche Lehre ſeine Seele betriege.,der gerechte ob er gleich zu zeitlich ſtirbet iſt er doch in der ruhe denn das alter iſt ehrlich nicht das lange lebet oder viel jahr hat klugheit vnter den menſchen iſt das rechte grawe haar vnd ein vnbefleckt leben iſt das rechte alter denn er gefellet gott wol vnd iſt jhm lieb vnd wird weggenommen aus dem leben vnter den suͤndern vnd wird hingeruͤcket daß die boßheit ſeinen verſtand nicht verkere noch falſche lehre ſeine seele betriege,der gerechte ob er gleich zu zeitlich stirbet ist er doch in der ruhe denn das alter ist ehrlich nicht das lange lebet oder uiel iahr hat klugheit unter den menschen ist das rechte grawe haar und ein unbefleckt leben ist das rechte alter denn er gefellet gott wol und ist ihm lieb und wird weggenommen aus dem leben unter den sundern und wird hingerucket dass die bossheit seinen uerstand nicht uerkere noch falsche lehre seine seele betriege
524584,body,5,1,False,2,Denn die boͤſen Exempel verfuͤhren/ vnd verderben eim das gute/ vnd die reitzende Luſt verkehret vnſchuldige Hertzen/ Er iſt bald vollkommen worden/ vnd hat viel Jahr erfuͤllet/ Denn ſeine Seele gefellet Gott/ darumb eilet er mit jhm aus dem boͤſen Leben.,denn die boͤſen exempel verfuͤhren vnd verderben eim das gute vnd die reitzende luſt verkehret vnſchuldige hertzen er iſt bald vollkommen worden vnd hat viel jahr erfuͤllet denn ſeine seele gefellet gott darumb eilet er mit jhm aus dem boͤſen leben,denn die bosen exempel uerfuhren und uerderben eim das gute und die reitzende lust uerkehret unschuldige hertzen er ist bald uollkommen worden und hat uiel iahr erfullet denn seine seele gefellet gott darumb eilet er mit ihm aus dem bosen leben
524584,body,5,2,True,2,Aber die Leute ſo es ſehen/ achtens nicht/,aber die leute ſo es ſehen achtens nicht,aber die leute so es sehen achtens nicht
524584,body,6,0,True,3,vnd nemens nicht zu Hertzen/ nemlich/ daß die Heiligen Gottes/ in Gnad vnd Barmhertzigkeit ſind/ vnd daß er ein auffſehen auff ſeine Außerwehlten hat.,vnd nemens nicht zu hertzen nemlich daß die heiligen gottes in gnad vnd barmhertzigkeit ſind vnd daß er ein auffſehen auff ſeine außerwehlten hat,und nemens nicht zu hertzen nemlich dass die heiligen gottes in gnad und barmhertzigkeit sind und dass er ein auffsehen auff seine ausserwehlten hat
524584,body,7,0,True,3,Jn welchem Text der heilige Geiſt vns fuͤrhelt/ eine ſchoͤne Leichpredigt/ frommen/ gleubigen/ vnd doch fruͤezeitig ſterbenden Chriſten gethan/ vnd darinnen außfuͤhret vnd abhandelt zwey Stuͤck oder Theil:,jn welchem text der heilige geiſt vns fuͤrhelt eine ſchoͤne leichpredigt frommen gleubigen vnd doch fruͤezeitig ſterbenden chriſten gethan vnd darinnen außfuͤhret vnd abhandelt zwey stuͤck oder theil,in welchem text der heilige geist uns furhelt eine schone leichpredigt frommen gleubigen und doch fruezeitig sterbenden christen gethan und darinnen aussfuhret und abhandelt zwey stuck oder theil
524584,body,8,0,True,3,"Das Erſte iſt: Benè beateq́ue qvales morituri, Was Chriſten fuͤr Leute ſeyn ſollen/ da ſie dermaleines ſanfft vnd ſelig im HErrn ſterben vnd loßdruͤcken wollen.",das erſte iſt benè beateq́ue qvales morituri was chriſten fuͤr leute ſeyn ſollen da ſie dermaleines ſanfft vnd ſelig im herrn ſterben vnd loßdruͤcken wollen,das erste ist bene beateque quales morituri was christen fur leute seyn sollen da sie dermaleines sanfft und selig im herrn sterben und lossdrucken wollen
524584,body,9,0,True,3,"Das Ander iſt: Mortui qvales futuri, Wie Chriſten im Tode vnd ſterben beſchehe vnd wider fahre.",das ander iſt mortui qvales futuri wie chriſten im tode vnd ſterben beſchehe vnd wider fahre,das ander ist mortui quales futuri wie christen im tode und sterben beschehe und wider fahre
524584,body,10,0,True,3,Darvon wollen wir zu dieſem mal reden vnd hoͤren.,darvon wollen wir zu dieſem mal reden vnd hoͤren,daruon wollen wir zu diesem mal reden und horen
524584,head,11,0,True,3,DE PRIMO.,de primo,de primo
524584,body,12,0,True,3,"GLeich wie die gantze heilige Schrifft zwey principal Hauptſtuͤcke in ſich begreifft/ Geſetz vnd Evangelium/ daher Eſaię am 8. cap. ſtehet: Nach dem Geſetz vnd Zeugniß/ werden ſie das nicht ſagen/ ſo werden ſie die Morgenrõte nicht haben: Alſo verfaſſet die gantze Theologi dieſe beyderley Objecta: Hominem Peccatorem, & Deum commiseratorem, den Duͤrfftigen ſuͤndhafftigen Menſchen/ vnd den gnaͤdigen barmhertzigen Gott vnd HErꝛn/ dahin iſt alles ander/ auch was ſo weitleufftig vnd außfuͤhrlich darinnen/ dirigiret vnd gerichtet/ inmaſſen denn hier in vnſers Textes erſten Theil/ auch das erſte bald tractiret vnd gehandelt/ vnd einem jedwedern Chriſtenmenſchen/ wil er anders ſanfft/ ſelig vnd im HErrn dermaleins ſterben vnd dieſe Welt geſegnen/ dreyerley ſich zu befleiſſigen/ gezeiget vnd an die Hand gegeben worden.",gleich wie die gantze heilige schrifft zwey principal hauptſtuͤcke in ſich begreifft geſetz vnd evangelium daher eſaię am cap ſtehet nach dem geſetz vnd zeugniß werden ſie das nicht ſagen ſo werden ſie die morgenrõte nicht haben alſo verfaſſet die gantze theologi dieſe beyderley objecta hominem peccatorem & deum commiseratorem den duͤrfftigen ſuͤndhafftigen menſchen vnd den gnaͤdigen barmhertzigen gott vnd herꝛn dahin iſt alles ander auch was ſo weitleufftig vnd außfuͤhrlich darinnen dirigiret vnd gerichtet inmaſſen denn hier in vnſers textes erſten theil auch das erſte bald tractiret vnd gehandelt vnd einem jedwedern chriſtenmenſchen wil er anders ſanfft ſelig vnd im herrn dermaleins ſterben vnd dieſe welt geſegnen dreyerley ſich zu befleiſſigen gezeiget vnd an die hand gegeben worden,gleich wie die gantze heilige schrifft zwey principal hauptstucke in sich begreifft gesetz und euangelium daher esaie am cap stehet nach dem gesetz und zeugniss werden sie das nicht sagen so werden sie die morgenronte nicht haben also uerfasset die gantze theologi diese beyderley obiecta hominem peccatorem et deum commiseratorem den durfftigen sundhafftigen menschen und den gnadigen barmhertzigen gott und hern dahin ist alles ander auch was so weitleufftig und aussfuhrlich darinnen dirigiret und gerichtet inmassen denn hier in unsers textes ersten theil auch das erste bald tractiret und gehandelt und einem iedwedern christenmenschen wil er anders sanfft selig und im herrn dermaleins sterben und diese welt gesegnen dreyerley sich zu befleissigen gezeiget und an die hand gegeben worden
524584,body,13,0,False,4,"Das Erſte/ einem Chriſten/ der ſelig zu ſterben begeret/ an die Hand gegeben/ iſt Juſticia, das iſt/ daß er gerecht ſey/ Der Gerechte/ hat ſich angefangen vnſer Text/ ob er gleich zu zeitlich ſtirbet.",das erſte einem chriſten der ſelig zu ſterben begeret an die hand gegeben iſt juſticia das iſt daß er gerecht ſey der gerechte hat ſich angefangen vnſer text ob er gleich zu zeitlich ſtirbet,das erste einem christen der selig zu sterben begeret an die hand gegeben ist iusticia das ist dass er gerecht sey der gerechte hat sich angefangen unser text ob er gleich zu zeitlich stirbet
524584,body,13,1,False,4,Ariſtoteles 1. Rhetor.,ariſtoteles rhetor,aristoteles rhetor
524584,body,13,2,False,4,"Juſticia eſt virtus, qvâ ſinguli ſua ſecundùm leges poſs. dent, Gerechtigkeit iſt eine Tugend/ die einem jedwedern/ vermoͤge der Geſetz/ das ſeine geruhig verguͤnſtet vnd nachleſt.",juſticia eſt virtus qvâ ſinguli ſua ſecundùm leges poſs dent gerechtigkeit iſt eine tugend die einem jedwedern vermoͤge der geſetz das ſeine geruhig verguͤnſtet vnd nachleſt,iusticia est uirtus qua singuli sua secundum leges poss dent gerechtigkeit ist eine tugend die einem iedwedern uermoge der gesetz das seine geruhig uergunstet und nachlest
524584,body,13,3,False,4,"Ariſtides hat dannen hero von allem Volck den Zunamen Juſti, eines Gerechten/ vberkommen/ ὅς οὺ δοκεῖν ἄριςος ἀλλὰ εἶναι ἐϑέλησε non videri, ſed voluit eſſe optimus.",ariſtides hat dannen hero von allem volck den zunamen juſti eines gerechten vberkommen ὅς οὺ δοκεῖν ἄριςος ἀλλὰ εἶναι ἐϑέλησε non videri ſed voluit eſſe optimus,aristides hat dannen hero uon allem uolck den zunamen iusti eines gerechten uberkommen non uideri sed uoluit esse optimus
524584,body,13,4,False,4,Antiſthenes antwortet auff die Frage/ Warumb alle Regiment in gemein fielen vnd abnemen?,antiſthenes antwortet auff die frage warumb alle regiment in gemein fielen vnd abnemen,antisthenes antwortet auff die frage warumb alle regiment in gemein fielen und abnemen
524584,body,13,5,False,4,"Qvia juſtus & injuſtus pari ambulant paſſu, Darumb daß Gerechte vnd Vngerechte in gleichen Wuͤrden gehalten werden.",qvia juſtus & injuſtus pari ambulant paſſu darumb daß gerechte vnd vngerechte in gleichen wuͤrden gehalten werden,quia iustus et iniustus pari ambulant passu darumb dass gerechte und ungerechte in gleichen wurden gehalten werden
524584,body,13,6,False,4,"Denn/ ubi non imperat regina juſticia, corruunt imperia, ſagt Cicero.",denn ubi non imperat regina juſticia corruunt imperia ſagt cicero,denn ubi non imperat regina iusticia corruunt imperia sagt cicero
524584,body,13,7,False,4,"Phocion ſendete Alexandro Magno eine gewaltige Geldſummen wieder/ die er mit anſehenlichen Legaten jhm zuſchickte/ mit dem anerbieten/ er ſolte ſeinen Schatz andern verehren/ vnd jhn an ſeiner Gerechtigkeit vnd Froͤmmigkeit/ qvia opes irritamenta plerumque malorum, dadurch vngefaͤhret vnd vngehindert laſſen.",phocion ſendete alexandro magno eine gewaltige geldſummen wieder die er mit anſehenlichen legaten jhm zuſchickte mit dem anerbieten er ſolte ſeinen schatz andern verehren vnd jhn an ſeiner gerechtigkeit vnd froͤmmigkeit qvia opes irritamenta plerumque malorum dadurch vngefaͤhret vnd vngehindert laſſen,phocion sendete alexandro magno eine gewaltige geldsummen wieder die er mit ansehenlichen legaten ihm zuschickte mit dem anerbieten er solte seinen schatz andern uerehren und ihn an seiner gerechtigkeit und frommigkeit quia opes irritamenta plerumque malorum dadurch ungefahret und ungehindert lassen
524584,body,13,8,False,5,Vnd Glaucus Lacedæmonius war ſeiner Gerechtigkeit halben ſo hoch beruͤhmet/ daß viel von frembden Landen/ wie 1. Reg. 10. die Koͤnigin vom Reich Arabien einen fernen Zug/ die Weißheit des Koͤniges Salomonis anzuhoͤren/ that/ gegen Spartam zogen/ damit ſie dieſen Mann nur ſehen moͤchten.,vnd glaucus lacedæmonius war ſeiner gerechtigkeit halben ſo hoch beruͤhmet daß viel von frembden landen wie reg die koͤnigin vom reich arabien einen fernen zug die weißheit des koͤniges salomonis anzuhoͤren that gegen spartam zogen damit ſie dieſen mann nur ſehen moͤchten,und glaucus lacedaemonius war seiner gerechtigkeit halben so hoch beruhmet dass uiel uon frembden landen wie reg die konigin uom reich arabien einen fernen zug die weissheit des koniges salomonis anzuhoren that gegen spartam zogen damit sie diesen mann nur sehen mochten
524584,body,13,9,False,5,"Von dieſer Gerechtigkeit kan zwar aus dem 20. cap. Proverb. geſagt werden/ Ein Gerechter/ der in ſeiner Froͤmmigkeit wandelt/ des Kindern wird es wolgehen/ aber gleichwol wenn ſie ſchon im beſten ſchrot vnd hoͤchſten grad iſt/ ſo bleibet es doch nur juſticia carnis, darvon Chriſtus Matth. am 5. cap. redet: Es ſey denn ewre Gerechtigkeit beſſer/ denn der Schrifft gelehrten vnd Phariſeer/ ſo werdet jhr nicht in das Himmelreich kommen.",von dieſer gerechtigkeit kan zwar aus dem cap proverb geſagt werden ein gerechter der in ſeiner froͤmmigkeit wandelt des kindern wird es wolgehen aber gleichwol wenn ſie ſchon im beſten ſchrot vnd hoͤchſten grad iſt ſo bleibet es doch nur juſticia carnis darvon chriſtus matth am cap redet es ſey denn ewre gerechtigkeit beſſer denn der schrifft gelehrten vnd phariſeer ſo werdet jhr nicht in das himmelreich kommen,uon dieser gerechtigkeit kan zwar aus dem cap prouerb gesagt werden ein gerechter der in seiner frommigkeit wandelt des kindern wird es wolgehen aber gleichwol wenn sie schon im besten schrot und hochsten grad ist so bleibet es doch nur iusticia carnis daruon christus matth am cap redet es sey denn ewre gerechtigkeit besser denn der schrifft gelehrten und phariseer so werdet ihr nicht in das himmelreich kommen
524584,body,13,10,False,5,S. Paulus ſchreibet zun Roͤmern am 3. cap. Wir wiſſen/ daß kein Fleiſch durch des Geſetzes Werck/ fuͤr Gott gerecht werde.,s paulus ſchreibet zun roͤmern am cap wir wiſſen daß kein fleiſch durch des geſetzes werck fuͤr gott gerecht werde,s paulus schreibet zun romern am cap wir wissen dass kein fleisch durch des gesetzes werck fur gott gerecht werde
524584,body,13,11,False,5,"Darumb muß bey vns Chriſten das beſte thun/ juſticia imputata oder imputativa, eine zugerechnete geſchenckte Gerechtigkeit/ die da herruͤhret vom Verdienſt vnd der vollkommenen Satisfaction, vnſers HErꝛn vnd Heylandes Jeſu Chꝛiſti/ da wir ſetzen/ zwiſchen vnſere vielfaltige Seuche vnd Miſſethat/ die vns vnd vnſern Gott von einander ſcheiden/ Eſai. 59. vnd zwiſchen Gottes eyverigem Zoꝛn vnd Grimm/ der ein verzehꝛendes Fewer iſt/ Deut. 4. Hebr. 12. ſeines lieben Sohnes/ Matth. 3. des Mitlers zwiſchen Gott vnd Menſchen/ 1. Timoth. 2. Vorbitt/ Opffer vnd Gehorſam/ vnd wiſſen vnd ſchlieſſen/ glauben vnd trawen feſtiglich/ Gott wolle vmb dieſes vnſers Immanuelis, Eſaiæ 7. vnd 8. vnd Gnadenthrons/ Rom. 3. willen/ vnſer gnaͤdiger Gott vnd leutſeliger Vater ſeyn/ vns abſolviren vnd loß zehlen/ mit dem verteufften Knecht Matth. 18. von der zehentauſent Pfund wichtigen Schuld vnd ewiger Hellenpein wolle das hochpeinliche Halßgerichte/ vnd den ſtrengen gerechten proceſſum vindictæ divinæ limitiren, caſſiren vnd rein auffheben/ vnd hergegen aus ſeinem verſoͤhneten mildreichen Vaterhertzen/ lauter Guͤte/ Gnade/ Leben/ Heyl vnd Seligkeit/ vber vns ſcheinen vnd walten laſſen/ vnd vns kroͤnen mit vberſchwencklicher hoher Barmhertzigkeit/ Pſal. 103. Dieſe Gerechtigkeit meynen die Apoſtel in jhrem Concilio, Actor. am 15. cap. da ſie ſchlieſſen: Wir gleuben durch die Gnade des HErrn Jeſu Chriſti ſelig zu werden.",darumb muß bey vns chriſten das beſte thun juſticia imputata oder imputativa eine zugerechnete geſchenckte gerechtigkeit die da herruͤhret vom verdienſt vnd der vollkommenen satisfaction vnſers herꝛn vnd heylandes jeſu chꝛiſti da wir ſetzen zwiſchen vnſere vielfaltige seuche vnd miſſethat die vns vnd vnſern gott von einander ſcheiden eſai vnd zwiſchen gottes eyverigem zoꝛn vnd grimm der ein verzehꝛendes fewer iſt deut hebr ſeines lieben sohnes matth des mitlers zwiſchen gott vnd menſchen timoth vorbitt opffer vnd gehorſam vnd wiſſen vnd ſchlieſſen glauben vnd trawen feſtiglich gott wolle vmb dieſes vnſers immanuelis eſaiæ vnd vnd gnadenthrons rom willen vnſer gnaͤdiger gott vnd leutſeliger vater ſeyn vns abſolviren vnd loß zehlen mit dem verteufften knecht matth von der zehentauſent pfund wichtigen schuld vnd ewiger hellenpein wolle das hochpeinliche halßgerichte vnd den ſtrengen gerechten proceſſum vindictæ divinæ limitiren caſſiren vnd rein auffheben vnd hergegen aus ſeinem verſoͤhneten mildreichen vaterhertzen lauter guͤte gnade leben heyl vnd seligkeit vber vns ſcheinen vnd walten laſſen vnd vns kroͤnen mit vberſchwencklicher hoher barmhertzigkeit pſal dieſe gerechtigkeit meynen die apoſtel in jhrem concilio actor am cap da ſie ſchlieſſen wir gleuben durch die gnade des herrn jeſu chriſti ſelig zu werden,darumb muss bey uns christen das beste thun iusticia imputata oder imputatiua eine zugerechnete geschenckte gerechtigkeit die da herruhret uom uerdienst und der uollkommenen satisfaction unsers hern und heylandes iesu chisti da wir setzen zwischen unsere uielfaltige seuche und missethat die uns und unsern gott uon einander scheiden esai und zwischen gottes eyuerigem zon und grimm der ein uerzehendes fewer ist deut hebr seines lieben sohnes matth des mitlers zwischen gott und menschen timoth uorbitt opffer und gehorsam und wissen und schliessen glauben und trawen festiglich gott wolle umb dieses unsers immanuelis esaiae und und gnadenthrons rom willen unser gnadiger gott und leutseliger uater seyn uns absoluiren und loss zehlen mit dem uerteufften knecht matth uon der zehentausent pfund wichtigen schuld und ewiger hellenpein wolle das hochpeinliche halssgerichte und den strengen gerechten processum uindictae diuinae limitiren cassiren und rein auffheben und hergegen aus seinem uersohneten mildreichen uaterhertzen lauter gute gnade leben heyl und seligkeit uber uns scheinen und walten lassen und uns kronen mit uberschwencklicher hoher barmhertzigkeit psal diese gerechtigkeit meynen die apostel in ihrem concilio actor am cap da sie schliessen wir gleuben durch die gnade des herrn iesu christi selig zu werden
524584,body,13,12,False,6,Dieſe Gerechtigkeit zeiget vns der heilige Geiſt durch S. Paulum zun Galat. am 2. da er ſagt/ daß wir gerecht werden durch den Glauben an Chꝛiſtum/ vnd nicht durch des Geſetzes Werck.,dieſe gerechtigkeit zeiget vns der heilige geiſt durch s paulum zun galat am da er ſagt daß wir gerecht werden durch den glauben an chꝛiſtum vnd nicht durch des geſetzes werck,diese gerechtigkeit zeiget uns der heilige geist durch s paulum zun galat am da er sagt dass wir gerecht werden durch den glauben an chistum und nicht durch des gesetzes werck
524584,body,13,13,False,6,"Dieſe Gerechtigkeit deutet an Ambroſius der alte Lehrer: Hoc conſtitutum eſt à Deo, ut qvi credit in Chriſtum, ſalvus fiat ſine opere, ſola fide gratis accipiens remiſsionem peccatorum.",dieſe gerechtigkeit deutet an ambroſius der alte lehrer hoc conſtitutum eſt à deo ut qvi credit in chriſtum ſalvus fiat ſine opere ſola fide gratis accipiens remiſsionem peccatorum,diese gerechtigkeit deutet an ambrosius der alte lehrer hoc constitutum est a deo ut qui credit in christum saluus fiat sine opere sola fide gratis accipiens remissionem peccatorum
524584,body,13,14,True,6,Dieſe Gerechtigkeit wird von Gott begeret vnd gebeten/ in vnſern bekandten Reimen/ derer wir vns billich vnd taͤglich gebrauchen:,dieſe gerechtigkeit wird von gott begeret vnd gebeten in vnſern bekandten reimen derer wir vns billich vnd taͤglich gebrauchen,diese gerechtigkeit wird uon gott begeret und gebeten in unsern bekandten reimen derer wir uns billich und taglich gebrauchen
524584,body,14,0,True,6,Jch weis kein ander Grechtigkeit/,jch weis kein ander grechtigkeit,ich weis kein ander grechtigkeit
524584,body,15,0,True,6,Denn himmliſchr Vatr dein Barmhertigkeit/,denn himmliſchr vatr dein barmhertigkeit,denn himmlischr uatr dein barmhertigkeit
524584,body,16,0,True,6,Welch mir dein lieber Sohn erworbn/,welch mir dein lieber sohn erworbn,welch mir dein lieber sohn erworbn
524584,body,17,0,True,6,Da er fuͤr mich am Creutz geſtorbn/,da er fuͤr mich am creutz geſtorbn,da er fur mich am creutz gestorbn
524584,body,18,0,True,6,Sein Opffer wollſtu ſehen an/,sein opffer wollſtu ſehen an,sein opffer wollstu sehen an
524584,body,19,0,True,6,Vnd mich ſeins Verdienſts gmeſſen lan.,vnd mich ſeins verdienſts gmeſſen lan,und mich seins uerdiensts gmessen lan
524584,body,20,0,False,7,"Das Ander/ einem Chriſten/ der ſelig zu ſterben begeret/ an die Hand gegeben/ iſt Prudentia, das iſt/ daß er klug ſey/ Klugheit vnter den Menſchen/ meldet vnſer Text/ iſt das rechte grawe Haar.",das ander einem chriſten der ſelig zu ſterben begeret an die hand gegeben iſt prudentia das iſt daß er klug ſey klugheit vnter den menſchen meldet vnſer text iſt das rechte grawe haar,das ander einem christen der selig zu sterben begeret an die hand gegeben ist prudentia das ist dass er klug sey klugheit unter den menschen meldet unser text ist das rechte grawe haar
524584,body,20,1,False,7,"Socrates definirt prudentiam, qvod ſit animæ concinnitas.",socrates definirt prudentiam qvod ſit animæ concinnitas,socrates definirt prudentiam quod sit animae concinnitas
524584,body,20,2,False,7,"Ariſtoteles beſchreibet ſie/ qvod ſit mentis virtus, qva de bonis ac malis, qvæ ad felicitatem pertinent, benè poſſumus conſulere, daß es eine Gemuͤts Tugend ſey/ dadurch von gutem vnd boͤſem/ ſo zur Gluͤckſeligkeit noͤtig/ wir koͤnnen vrtheilen.",ariſtoteles beſchreibet ſie qvod ſit mentis virtus qva de bonis ac malis qvæ ad felicitatem pertinent benè poſſumus conſulere daß es eine gemuͤts tugend ſey dadurch von gutem vnd boͤſem ſo zur gluͤckſeligkeit noͤtig wir koͤnnen vrtheilen,aristoteles beschreibet sie quod sit mentis uirtus qua de bonis ac malis quae ad felicitatem pertinent bene possumus consulere dass es eine gemuts tugend sey dadurch uon gutem und bosem so zur gluckseligkeit notig wir konnen urtheilen
524584,body,20,3,False,7,"Thales, einer aus den ſieben Griechiſchen Weiſen/ war einer ſo hohen Klugheit/ gelahrten Weisheit/ vnd erfahrnuͤs aller dinge/ daß auch die Mileſii, da jhre Fiſcher einen gantz guͤldenen Tiſch gefunden/ vnd das Oraculum Apollinis, welches conſulirt vnd gefraget worden/ wer jhn wuͤrdig were zu behalten/ die Antwort gegeben/ eam ſapientiſsimo dari oportere, der Kluͤgeſie vnd Weiſeſte ſolt jhn haben/ ſolchen jhrem Thaleti, als dem allergelehrteſten auff der gantzen Welt/ offeriret vnd pręſentiret haben.",thales einer aus den ſieben griechiſchen weiſen war einer ſo hohen klugheit gelahrten weisheit vnd erfahrnuͤs aller dinge daß auch die mileſii da jhre fiſcher einen gantz guͤldenen tiſch gefunden vnd das oraculum apollinis welches conſulirt vnd gefraget worden wer jhn wuͤrdig were zu behalten die antwort gegeben eam ſapientiſsimo dari oportere der kluͤgeſie vnd weiſeſte ſolt jhn haben ſolchen jhrem thaleti als dem allergelehrteſten auff der gantzen welt offeriret vnd pręſentiret haben,thales einer aus den sieben griechischen weisen war einer so hohen klugheit gelahrten weisheit und erfahrnus aller dinge dass auch die milesii da ihre fischer einen gantz guldenen tisch gefunden und das oraculum apollinis welches consulirt und gefraget worden wer ihn wurdig were zu behalten die antwort gegeben eam sapientissimo dari oportere der klugesie und weiseste solt ihn haben solchen ihrem thaleti als dem allergelehrtesten auff der gantzen welt offeriret und presentiret haben
524584,body,20,4,False,7,"Oppianus der Poet/ ſo von Art der Fiſche geſchrieben/ vnd von jedem Vers ſelbigen Carminis, von Keyſers Severi Sohn/ Antonio, einen Goldguͤlden zum Geſchenck erlanget/ hat von ſeinen Landesleuten/ ſeiner hohen Geſchickligkeit wegen/ eine auffgerichte Ehren Seule nach ſeinem Tode/ mit der Vberſchrifft erlanget: Ich bin der liebliche Redner Oppianus, den der neidiſche/ abguͤnſtige Tod jung weggenommen/ moͤchte ich des Liechts in dieſer Welt lenger genoſſen haben/ mir ſolt an Kunſt vnd Ehren keiner gleich gefunden worden ſeyn vnter den Menſchen: ut Volaterranus refert.",oppianus der poet ſo von art der fiſche geſchrieben vnd von jedem vers ſelbigen carminis von keyſers severi sohn antonio einen goldguͤlden zum geſchenck erlanget hat von ſeinen landesleuten ſeiner hohen geſchickligkeit wegen eine auffgerichte ehren seule nach ſeinem tode mit der vberſchrifft erlanget ich bin der liebliche redner oppianus den der neidiſche abguͤnſtige tod jung weggenommen moͤchte ich des liechts in dieſer welt lenger genoſſen haben mir ſolt an kunſt vnd ehren keiner gleich gefunden worden ſeyn vnter den menſchen ut volaterranus refert,oppianus der poet so uon art der fische geschrieben und uon iedem uers selbigen carminis uon keysers seueri sohn antonio einen goldgulden zum geschenck erlanget hat uon seinen landesleuten seiner hohen geschickligkeit wegen eine auffgerichte ehren seule nach seinem tode mit der uberschrifft erlanget ich bin der liebliche redner oppianus den der neidische abgunstige tod iung weggenommen mochte ich des liechts in dieser welt lenger genossen haben mir solt an kunst und ehren keiner gleich gefunden worden seyn unter den menschen ut uolaterranus refert
524584,body,20,5,False,8,"Marcus Aurelius der Roͤmiſche Keyſer/ begegnet auff offener Straſſen/ nur mit einem eintzigen Diener concomitiret, einem vornehmen Roͤmer Lucio, von deme/ als er gefraget wird/ wohin er allein gedaͤchte?",marcus aurelius der roͤmiſche keyſer begegnet auff offener straſſen nur mit einem eintzigen diener concomitiret einem vornehmen roͤmer lucio von deme als er gefraget wird wohin er allein gedaͤchte,marcus aurelius der romische keyser begegnet auff offener strassen nur mit einem eintzigen diener concomitiret einem uornehmen romer lucio uon deme als er gefraget wird wohin er allein gedachte
524584,body,20,6,False,8,Antwortet er: Jn des Philoſophi Sexti Behauſung/ daß ich mich von jhme vnterrichten laſſe/ was mir vnwiſſend.,antwortet er jn des philoſophi sexti behauſung daß ich mich von jhme vnterrichten laſſe was mir vnwiſſend,antwortet er in des philosophi sexti behausung dass ich mich uon ihme unterrichten lasse was mir unwissend
524584,body,20,7,False,8,"Darauff hebet Lucius beyde Haͤnde gegen Himmel/ vnd ſchreyet vberlaut: O trewer GOtt/ ein alter grawer Kayſer tregt ſein Buch bey ſich/ vnd gehet erſt in die Lection, wie ein ander Knabe vnd Schuͤlerlein.",darauff hebet lucius beyde haͤnde gegen himmel vnd ſchreyet vberlaut o trewer gott ein alter grawer kayſer tregt ſein buch bey ſich vnd gehet erſt in die lection wie ein ander knabe vnd schuͤlerlein,darauff hebet lucius beyde hande gegen himmel und schreyet uberlaut o trewer gott ein alter grawer kayser tregt sein buch bey sich und gehet erst in die lection wie ein ander knabe und schulerlein
524584,body,20,8,False,8,Alphonſus wurde beſprochen/ warumb er ſo embſig vnd fleiſſig ſtudieret?,alphonſus wurde beſprochen warumb er ſo embſig vnd fleiſſig ſtudieret,alphonsus wurde besprochen warumb er so embsig und fleissig studieret
524584,body,20,9,True,8,Da gab er beſcheid drauff/ daß er recht thun lehrete. Denn,da gab er beſcheid drauff daß er recht thun lehrete denn,da gab er bescheid drauff dass er recht thun lehrete denn
524584,body,21,0,False,8,"Vnd Koͤnig Ruprecht von Neapolis, iſt dem ſtudieren ſo gantz ergeben geweſen/ daß er auch geſagt/ Weißheit vnd gute Kuͤnſte weren jhm lieber denn ſein Koͤnigreich.",vnd koͤnig ruprecht von neapolis iſt dem ſtudieren ſo gantz ergeben geweſen daß er auch geſagt weißheit vnd gute kuͤnſte weren jhm lieber denn ſein koͤnigreich,und konig ruprecht uon neapolis ist dem studieren so gantz ergeben gewesen dass er auch gesagt weissheit und gute kunste weren ihm lieber denn sein konigreich
524584,body,21,1,False,8,Diß iſt nu freylich wol etwas/ es iſt ein hohes vnd groſſes/ Klugheit/ Kunſt/ Weisheit/ iſt ein edler/ thewrer Schatz/ darvon Salomon Pvoverb. am 3. cap. ſaget: Wol dem Menſchen/ der Weisheit findet/ vnd dem Menſchen/ der Verſtand bekoͤmpt/ Denn es iſt beſſer vmb ſie handthieren/ weder vmb Silber/ vnd jhr Einkommen iſt beſſer denn Gold.,diß iſt nu freylich wol etwas es iſt ein hohes vnd groſſes klugheit kunſt weisheit iſt ein edler thewrer schatz darvon salomon pvoverb am cap ſaget wol dem menſchen der weisheit findet vnd dem menſchen der verſtand bekoͤmpt denn es iſt beſſer vmb ſie handthieren weder vmb silber vnd jhr einkommen iſt beſſer denn gold,diss ist nu freylich wol etwas es ist ein hohes und grosses klugheit kunst weisheit ist ein edler thewrer schatz daruon salomon puouerb am cap saget wol dem menschen der weisheit findet und dem menschen der uerstand bekompt denn es ist besser umb sie handthieren weder umb silber und ihr einkommen ist besser denn gold
524584,body,21,2,False,8,Sie iſt edler denn Perlen/ vnd alles/ was du wuͤntſchen magſt/ iſt jhr nicht zu vergleichen.,sie iſt edler denn perlen vnd alles was du wuͤntſchen magſt iſt jhr nicht zu vergleichen,sie ist edler denn perlen und alles was du wuntschen magst ist ihr nicht zu uergleichen
524584,body,21,3,False,8,Vnd Euripides ſpricht: Μὴ ζώην μετ᾽ ἀμουσίας.,vnd euripides ſpricht μὴ ζώην μετ ἀμουσίας,und euripides spricht
524584,body,21,4,False,8,"Aber das iſt allererſt rechte Klugheit/ vnd hohe himmliſche Weißheit der Chriſten/ wann man Gott recht erkennen/ vnd an Jeſum Chriſtum gleuben/ wol ſtudieret/ vnd embſig lernet/ dadurch werden wir rechte Doctores Seraphici, Triſmegiſti vnd Meiſter von hohen Sinnen: Denn das iſt der Wille des/ ſagt Chriſtus Johan. 6. der mich geſand hat/ daß wer den Sohn ſihet/ vnd gleubet an jhn/ habe das ewige Leben.",aber das iſt allererſt rechte klugheit vnd hohe himmliſche weißheit der chriſten wann man gott recht erkennen vnd an jeſum chriſtum gleuben wol ſtudieret vnd embſig lernet dadurch werden wir rechte doctores seraphici triſmegiſti vnd meiſter von hohen sinnen denn das iſt der wille des ſagt chriſtus johan der mich geſand hat daß wer den sohn ſihet vnd gleubet an jhn habe das ewige leben,aber das ist allererst rechte klugheit und hohe himmlische weissheit der christen wann man gott recht erkennen und an iesum christum gleuben wol studieret und embsig lernet dadurch werden wir rechte doctores seraphici trismegisti und meister uon hohen sinnen denn das ist der wille des sagt christus iohan der mich gesand hat dass wer den sohn sihet und gleubet an ihn habe das ewige leben
524584,body,21,5,False,9,Vnd Joan am 17. ſpricht er: Das iſt das ewige Leben/ daß ſie dich/ HErr himmliſcher Vater/ daß du alleine wahrer Gott biſt/ vnd den du geſand haſt/ Jeſum Chriſtum/ erkennen.,vnd joan am ſpricht er das iſt das ewige leben daß ſie dich herr himmliſcher vater daß du alleine wahrer gott biſt vnd den du geſand haſt jeſum chriſtum erkennen,und ioan am spricht er das ist das ewige leben dass sie dich herr himmlischer uater dass du alleine wahrer gott bist und den du gesand hast iesum christum erkennen
524584,body,21,6,False,9,"Auguſtinus ſchreibet: Qvi ſine Salvatore ſalutem vult habere, & ſine vera ſapientia æſtimat ſe prudentem fieri poſſe, non ſanus ſed æger, non prudens, ſed ſtultus, in ægritudine aſsidua laborabit, & in cœcitate noxia demens & ſtultus permanebit.",auguſtinus ſchreibet qvi ſine salvatore ſalutem vult habere & ſine vera ſapientia æſtimat ſe prudentem fieri poſſe non ſanus ſed æger non prudens ſed ſtultus in ægritudine aſsidua laborabit & in cœcitate noxia demens & ſtultus permanebit,augustinus schreibet qui sine saluatore salutem uult habere et sine uera sapientia aestimat se prudentem fieri posse non sanus sed aeger non prudens sed stultus in aegritudine assidua laborabit et in coecitate noxia demens et stultus permanebit
524584,body,21,7,False,9,Lutherus Tomo 7. fol. 57. ſetzet: Das iſt fuͤr Gott die hoͤchſte Weißheit vnd Kunſt vber alle Kuͤnſte vnd Weißheit/ ob ſie auch Engeliſch were/ daß man Chriſtum recht kenne.,lutherus tomo fol ſetzet das iſt fuͤr gott die hoͤchſte weißheit vnd kunſt vber alle kuͤnſte vnd weißheit ob ſie auch engeliſch were daß man chriſtum recht kenne,lutherus tomo fol setzet das ist fur gott die hochste weissheit und kunst uber alle kunste und weissheit ob sie auch engelisch were dass man christum recht kenne
524584,body,21,8,True,9,Vnd die gemeinen Reim lauten:,vnd die gemeinen reim lauten,und die gemeinen reim lauten
524584,body,22,0,True,9,Der hat ſeinn Fleiß wol angewendt/,der hat ſeinn fleiß wol angewendt,der hat seinn fleiss wol angewendt
524584,body,23,0,True,9,Wer Jeſum Chriſtum recht erkennt/,wer jeſum chriſtum recht erkennt,wer iesum christum recht erkennt
524584,body,24,0,True,9,All ander Kuͤnſt ſind Aſch vnd Staub/,all ander kuͤnſt ſind aſch vnd staub,all ander kunst sind asch und staub
524584,body,25,0,True,9,Die hoͤchſt Kunſt iſt/ an Chriſtum glaub.,die hoͤchſt kunſt iſt an chriſtum glaub,die hochst kunst ist an christum glaub
524584,body,26,0,False,9,"Das Dritte/ einem Chriſten/ der ſelig zu ſterben begeret/ an die Hand gegeben/ iſt Innocentia, das iſt/ daß er eines auffrichtigen/ vnbefleckten Wandels ſey.",das dritte einem chriſten der ſelig zu ſterben begeret an die hand gegeben iſt innocentia das iſt daß er eines auffrichtigen vnbefleckten wandels ſey,das dritte einem christen der selig zu sterben begeret an die hand gegeben ist innocentia das ist dass er eines auffrichtigen unbefleckten wandels sey
524584,body,26,1,False,9,Ein vnbefleckt Leben/ zeuget vnſer Text/ iſt das rechte Alter.,ein vnbefleckt leben zeuget vnſer text iſt das rechte alter,ein unbefleckt leben zeuget unser text ist das rechte alter
524584,body,26,2,False,10,"Cicero in officiis nennet Innocentiam, puritatem animi, omnem injuriæ illationem abhorrentem, die vnbefleckte Erbarkeit/ des Gemuͤts Reinigkeit/ derer hefftig zu wider alle Vngerechtigkeit vnd Boßheit.",cicero in officiis nennet innocentiam puritatem animi omnem injuriæ illationem abhorrentem die vnbefleckte erbarkeit des gemuͤts reinigkeit derer hefftig zu wider alle vngerechtigkeit vnd boßheit,cicero in officiis nennet innocentiam puritatem animi omnem iniuriae illationem abhorrentem die unbefleckte erbarkeit des gemuts reinigkeit derer hefftig zu wider alle ungerechtigkeit und bossheit
524584,body,26,3,False,10,"Seneca ſagt: Si ſcirem omnes homines ignoraturos, & omnes Deos ignoſcituros, tamen nihil committerem contra honeſtatem, Wann ſchon kein Menſch von meinem boͤſen fuͤrnemen etwas ſolte erfahren/ wann gleich alle Goͤtter mir es alsbald wolten verzeihen/ ſo wolt ich doch wider Ehr vnd Redligkeit nicht handeln.",seneca ſagt si ſcirem omnes homines ignoraturos & omnes deos ignoſcituros tamen nihil committerem contra honeſtatem wann ſchon kein menſch von meinem boͤſen fuͤrnemen etwas ſolte erfahren wann gleich alle goͤtter mir es alsbald wolten verzeihen ſo wolt ich doch wider ehr vnd redligkeit nicht handeln,seneca sagt si scirem omnes homines ignoraturos et omnes deos ignoscituros tamen nihil committerem contra honestatem wann schon kein mensch uon meinem bosen furnemen etwas solte erfahren wann gleich alle gotter mir es alsbald wolten uerzeihen so wolt ich doch wider ehr und redligkeit nicht handeln
524584,body,26,4,False,10,Zum Socrate kam ſeiner Freunde einer/ zeigete jhm an/ wie er von einem andern ſchmehlich vnd vbel außgerichtet wuͤrde.,zum socrate kam ſeiner freunde einer zeigete jhm an wie er von einem andern ſchmehlich vnd vbel außgerichtet wuͤrde,zum socrate kam seiner freunde einer zeigete ihm an wie er uon einem andern schmehlich und ubel aussgerichtet wurde
524584,body,26,5,False,10,Darauff antwortet Socrates: Du wirſt etwan nicht recht gehoͤret haben/ es hat nicht mir gegolten/ denn geziehener Bubenstuͤcke weis ich mich vnbefleckt vnd vnſchuͤldig.,darauff antwortet socrates du wirſt etwan nicht recht gehoͤret haben es hat nicht mir gegolten denn geziehener bubenstuͤcke weis ich mich vnbefleckt vnd vnſchuͤldig,darauff antwortet socrates du wirst etwan nicht recht gehoret haben es hat nicht mir gegolten denn geziehener bubenstucke weis ich mich unbefleckt und unschuldig
524584,body,26,6,False,10,Phocilides erinnert/ man ſolle allewege Abends/ ehe man ſchlaffen gehe/ zuvor eine ratiocination oder rechnung bey jhm anſtellen/ wo man den Tag vber geweſen/ was man verbracht vnd gethan/ ſey es gut vnd recht geweſen/ ſolle mans jhme gefallen laſſen/ vnd weiter verbringen: ſey es arg vnd ſchedlich geweſen/ ſolle man es ſelber ſtraffen/ haſſen/ vnd hinfuͤrder laſſen.,phocilides erinnert man ſolle allewege abends ehe man ſchlaffen gehe zuvor eine ratiocination oder rechnung bey jhm anſtellen wo man den tag vber geweſen was man verbracht vnd gethan ſey es gut vnd recht geweſen ſolle mans jhme gefallen laſſen vnd weiter verbringen ſey es arg vnd ſchedlich geweſen ſolle man es ſelber ſtraffen haſſen vnd hinfuͤrder laſſen,phocilides erinnert man solle allewege abends ehe man schlaffen gehe zuuor eine ratiocination oder rechnung bey ihm anstellen wo man den tag uber gewesen was man uerbracht und gethan sey es gut und recht gewesen solle mans ihme gefallen lassen und weiter uerbringen sey es arg und schedlich gewesen solle man es selber straffen hassen und hinfurder lassen
524584,body,26,7,False,10,"Vom Roͤmiſchen Fabricio hat man pflegen zu ruͤhmen/ ſo vnmoͤglich es were/ daß die Sonne jhren Lauff koͤnte endern/ ſo vnmoͤglich were es auch/ daß Fabricius etwas/ contra honeſtatem, wider die Erbarkeit ſolte beginnen.",vom roͤmiſchen fabricio hat man pflegen zu ruͤhmen ſo vnmoͤglich es were daß die sonne jhren lauff koͤnte endern ſo vnmoͤglich were es auch daß fabricius etwas contra honeſtatem wider die erbarkeit ſolte beginnen,uom romischen fabricio hat man pflegen zu ruhmen so unmoglich es were dass die sonne ihren lauff konte endern so unmoglich were es auch dass fabricius etwas contra honestatem wider die erbarkeit solte beginnen
524584,body,26,8,False,10,Vnd Scipio der gewaltige Roͤmiſche Kriegefuͤrſt/ da er von M. Nævio hart angeklaget wurde/ antwortet er nichts als diß: Heut iſt der Jahrstag/ da wir Sieg vnd Vberwindung wider vnſern abgeſagten Feind den Hannibal/ erlanget/ kommet/ laſſet vns hingehen/ vnd derwegen den Goͤttern hertzlich dancken/ verließ ſich keck vnd kuͤhn auff ſeine vnbefleckte Vnſchuld vnd Auffrichtigkeit/ von derer billich wol recht vnd mit warheit geſagt werden kan/ was Proverb. am 11. cap. ſtehet: Vnſchuld wird die Frommen leiten/ vnd des Frommen Gerechtigkeit macht ſeinen Gang eben.,vnd scipio der gewaltige roͤmiſche kriegefuͤrſt da er von m nævio hart angeklaget wurde antwortet er nichts als diß heut iſt der jahrstag da wir sieg vnd vberwindung wider vnſern abgeſagten feind den hannibal erlanget kommet laſſet vns hingehen vnd derwegen den goͤttern hertzlich dancken verließ ſich keck vnd kuͤhn auff ſeine vnbefleckte vnſchuld vnd auffrichtigkeit von derer billich wol recht vnd mit warheit geſagt werden kan was proverb am cap ſtehet vnſchuld wird die frommen leiten vnd des frommen gerechtigkeit macht ſeinen gang eben,und scipio der gewaltige romische kriegefurst da er uon m naeuio hart angeklaget wurde antwortet er nichts als diss heut ist der iahrstag da wir sieg und uberwindung wider unsern abgesagten feind den hannibal erlanget kommet lasset uns hingehen und derwegen den gottern hertzlich dancken uerliess sich keck und kuhn auff seine unbefleckte unschuld und auffrichtigkeit uon derer billich wol recht und mit warheit gesagt werden kan was prouerb am cap stehet unschuld wird die frommen leiten und des frommen gerechtigkeit macht seinen gang eben
524584,body,26,9,False,11,"Aber wann ſolche Vnſchuld/ vnd vor der Welt vnbefleckte Erbarkeit/ nicht in timore Domini, in der Furcht des Herrn/ die der Weißheit vnd alles guten anfang iſt/ Syrach 1. geſchiehet/ ſo iſt ſie gantz eitel/ ſagt Salomon im Prediger am 1. cap. Sie ſtehet auff gefuͤhret/ gegruͤndet vnd gebawet/ auff bloſſem Menſchlichem Wahn vnd Gutduͤnckel/ auff gleitendem Triebſand/ da ſie Platzregen/ Sturm vnd Vngewitter/ leicht kan vnterſchweiffen vnd hinreiſſen/ ſagt Chriſtus Matth. 7. Darumb ſollen wir vns eines ſolchen vnbefleckten Wandels befleiſſigen/ der da iſt gerichtet nach der Tabulatur Goͤttliches Worts/ Deut. 28. der da iſt in Chꝛiſto Jeſu vnſerm Herꝛn/ Rom. 6. Eph. 2. Darvon ſtellet der 119. Pſalm eine Frage an: Wie wird ein Juͤngling ſeinen Weg vnſtraͤflich gehen?",aber wann ſolche vnſchuld vnd vor der welt vnbefleckte erbarkeit nicht in timore domini in der furcht des herrn die der weißheit vnd alles guten anfang iſt syrach geſchiehet ſo iſt ſie gantz eitel ſagt salomon im prediger am cap sie ſtehet auff gefuͤhret gegruͤndet vnd gebawet auff bloſſem menſchlichem wahn vnd gutduͤnckel auff gleitendem triebſand da ſie platzregen sturm vnd vngewitter leicht kan vnterſchweiffen vnd hinreiſſen ſagt chriſtus matth darumb ſollen wir vns eines ſolchen vnbefleckten wandels befleiſſigen der da iſt gerichtet nach der tabulatur goͤttliches worts deut der da iſt in chꝛiſto jeſu vnſerm herꝛn rom eph darvon ſtellet der pſalm eine frage an wie wird ein juͤngling ſeinen weg vnſtraͤflich gehen,aber wann solche unschuld und uor der welt unbefleckte erbarkeit nicht in timore domini in der furcht des herrn die der weissheit und alles guten anfang ist syrach geschiehet so ist sie gantz eitel sagt salomon im prediger am cap sie stehet auff gefuhret gegrundet und gebawet auff blossem menschlichem wahn und gutdunckel auff gleitendem triebsand da sie platzregen sturm und ungewitter leicht kan unterschweiffen und hinreissen sagt christus matth darumb sollen wir uns eines solchen unbefleckten wandels befleissigen der da ist gerichtet nach der tabulatur gottliches worts deut der da ist in chisto iesu unserm hern rom eph daruon stellet der psalm eine frage an wie wird ein iungling seinen weg unstraflich gehen
524584,body,26,10,False,11,Vnd beantwortet es ſelbſten alsbald: Wann er ſich helt nach deinen worten.,vnd beantwortet es ſelbſten alsbald wann er ſich helt nach deinen worten,und beantwortet es selbsten alsbald wann er sich helt nach deinen worten
524584,body,26,11,False,11,"Darvon redet Chriſtus Matth. am 6. vnd Paulus/ 1. Theſſal. 2. wann ſie verbieten/ daß man nicht Ruhm noch Ehre nur ſuchen ſolle/ mit ſeinem thun bey den Menſchen/ ſondern wir ſollen vnſer Liecht leuchten laſſen vor den Leuten/ auff daß ſie vnſere gute Werck ſehen/ vnd vnſern Vater im Himmel preiſen/ wie Matth. am 5. ſtehet/ vnd in der 1. Corinth. am 10 cap. Alles was jhr thut/ thut es alles zu Gottes Ehre/ auff daß jhr erfuͤllet werdet mit Fruͤchten der Gerechtigkeit/ die durch Jeſum Chriſtum geſchehen in euch/ zur Ehre vnd Lobe Gottes/ Philip. 1. Darvon ſaget Bernhardus: Non mediocris eſt titulus virtutis, inter pravos benè vivere, & inter malignantes innocentiæ retinere candorem & morum lenitatem.",darvon redet chriſtus matth am vnd paulus theſſal wann ſie verbieten daß man nicht ruhm noch ehre nur ſuchen ſolle mit ſeinem thun bey den menſchen ſondern wir ſollen vnſer liecht leuchten laſſen vor den leuten auff daß ſie vnſere gute werck ſehen vnd vnſern vater im himmel preiſen wie matth am ſtehet vnd in der corinth am cap alles was jhr thut thut es alles zu gottes ehre auff daß jhr erfuͤllet werdet mit fruͤchten der gerechtigkeit die durch jeſum chriſtum geſchehen in euch zur ehre vnd lobe gottes philip darvon ſaget bernhardus non mediocris eſt titulus virtutis inter pravos benè vivere & inter malignantes innocentiæ retinere candorem & morum lenitatem,daruon redet christus matth am und paulus thessal wann sie uerbieten dass man nicht ruhm noch ehre nur suchen solle mit seinem thun bey den menschen sondern wir sollen unser liecht leuchten lassen uor den leuten auff dass sie unsere gute werck sehen und unsern uater im himmel preisen wie matth am stehet und in der corinth am cap alles was ihr thut thut es alles zu gottes ehre auff dass ihr erfullet werdet mit fruchten der gerechtigkeit die durch iesum christum geschehen in euch zur ehre und lobe gottes philip daruon saget bernhardus non mediocris est titulus uirtutis inter prauos bene uiuere et inter malignantes innocentiae retinere candorem et morum lenitatem
524584,body,26,12,False,12,Lohn/ Vergeltung vnd Kron deſſen/ verheiſchet der 24. Pſalm: Der vnſchuͤldige Haͤnde hat/ vnd reines Hertzens iſt/ Der nicht luſt hat zu loſer Lehre/ vnd ſchweret nicht falſch/ Der wird einen Segen vom Herrn empfangen/ vnd Gerechtigkeit von dem Gott ſeines Heils.,lohn vergeltung vnd kron deſſen verheiſchet der pſalm der vnſchuͤldige haͤnde hat vnd reines hertzens iſt der nicht luſt hat zu loſer lehre vnd ſchweret nicht falſch der wird einen segen vom herrn empfangen vnd gerechtigkeit von dem gott ſeines heils,lohn uergeltung und kron dessen uerheischet der psalm der unschuldige hande hat und reines hertzens ist der nicht lust hat zu loser lehre und schweret nicht falsch der wird einen segen uom herrn empfangen und gerechtigkeit uon dem gott seines heils
524584,body,26,13,False,12,"Licet autem ambulemus in innocentia, Pſalm 84. Wann wir aber gleich ohne wandel einher gehen/ vnd recht zu thun vns auffs hoͤchſte befleiſſigen/ wann vnſere vnſtraͤfliche Vnſchuld gleich in der ſchoͤnſten bluͤt vnd flor geweſen/ ſo thuͤren wir doch mit dem Phariſeer Luc. 18. nicht damit pralen vnd prangen/ nicht darauff vermeſſentlich trawen noch bawen/ ſondern muͤſſen mit den vier vnd zwantzig Elteſten/ Apoc. 4. vnſere Kronen fuͤr Gott nieder legen/ vnd aus dem 115. Pſalm intoniren: Nicht vns Herr/ nicht vns/ ſondern deinem Namen gib Ehre/ vnd deine Gnade vnd Warheit.",licet autem ambulemus in innocentia pſalm wann wir aber gleich ohne wandel einher gehen vnd recht zu thun vns auffs hoͤchſte befleiſſigen wann vnſere vnſtraͤfliche vnſchuld gleich in der ſchoͤnſten bluͤt vnd flor geweſen ſo thuͤren wir doch mit dem phariſeer luc nicht damit pralen vnd prangen nicht darauff vermeſſentlich trawen noch bawen ſondern muͤſſen mit den vier vnd zwantzig elteſten apoc vnſere kronen fuͤr gott nieder legen vnd aus dem pſalm intoniren nicht vns herr nicht vns ſondern deinem namen gib ehre vnd deine gnade vnd warheit,licet autem ambulemus in innocentia psalm wann wir aber gleich ohne wandel einher gehen und recht zu thun uns auffs hochste befleissigen wann unsere unstrafliche unschuld gleich in der schonsten blut und flor gewesen so thuren wir doch mit dem phariseer luc nicht damit pralen und prangen nicht darauff uermessentlich trawen noch bawen sondern mussen mit den uier und zwantzig eltesten apoc unsere kronen fur gott nieder legen und aus dem psalm intoniren nicht uns herr nicht uns sondern deinem namen gib ehre und deine gnade und warheit
524584,body,26,14,True,12,Denn fuͤr Gott iſt kein Lebendiger gerecht/ Pſalm 143. Vnd wann wir alles gutes gethan haben/ was vns befohlen iſt/ ſo ſind vnd bleiben wir doch vnnuͤtze Knechte/ vnd haben gethan/ das wir zu thun ſchuͤldig waren/ ſagt Chriſtus Lucæ am 17. Capitel.,denn fuͤr gott iſt kein lebendiger gerecht pſalm vnd wann wir alles gutes gethan haben was vns befohlen iſt ſo ſind vnd bleiben wir doch vnnuͤtze knechte vnd haben gethan das wir zu thun ſchuͤldig waren ſagt chriſtus lucæ am capitel,denn fur gott ist kein lebendiger gerecht psalm und wann wir alles gutes gethan haben was uns befohlen ist so sind und bleiben wir doch unnutze knechte und haben gethan das wir zu thun schuldig waren sagt christus lucae am capitel
524584,body,27,0,True,13,Das iſt genug vom erſten Theil vnſers Textes/ daß Chriſten gerechte/ in Gottes Erkentnis kluge vnd vnbefleckte Lebens Leute ſeyn muͤſſen.,das iſt genug vom erſten theil vnſers textes daß chriſten gerechte in gottes erkentnis kluge vnd vnbefleckte lebens leute ſeyn muͤſſen,das ist genug uom ersten theil unsers textes dass christen gerechte in gottes erkentnis kluge und unbefleckte lebens leute seyn mussen
524584,head,28,0,True,13,DE SECUNDO LOCO.,de secundo loco,de secundo loco
524584,body,29,0,False,13,FOlget das Ander Theil/ wie es jhnen dann ergehe?,folget das ander theil wie es jhnen dann ergehe,folget das ander theil wie es ihnen dann ergehe
524584,body,29,1,False,13,wohin ſie kommen?,wohin ſie kommen,wohin sie kommen
524584,body,29,2,False,13,was ſie fuͤr einen Zuſtand endlich erlangen?,was ſie fuͤr einen zuſtand endlich erlangen,was sie fur einen zustand endlich erlangen
524584,body,29,3,False,13,"Moriuntur, Der Gerechte ſtirbet/ lautet es/ moriuntur omnes ſubitò, ploͤtzlich muͤſſen die Leute ſterben/ Job. 34. Loth hatte eine gerechte Seele/ 2. Petri 2. Job cap. 1. hat das Zeugniß vom H. Geiſt/ daß er ſey geweſen ſchlecht vnd recht/ gottfuͤrchtig/ vnd habe gemeidet das boͤſe.",moriuntur der gerechte ſtirbet lautet es moriuntur omnes ſubitò ploͤtzlich muͤſſen die leute ſterben job loth hatte eine gerechte seele petri job cap hat das zeugniß vom h geiſt daß er ſey geweſen ſchlecht vnd recht gottfuͤrchtig vnd habe gemeidet das boͤſe,moriuntur der gerechte stirbet lautet es moriuntur omnes subito plotzlich mussen die leute sterben iob loth hatte eine gerechte seele petri iob cap hat das zeugniss uom h geist dass er sey gewesen schlecht und recht gottfurchtig und habe gemeidet das bose
524584,body,29,4,False,13,Von Joſeph ſagt koͤnig Pharao/ Gen. 41. daß keiner ſo weiſe vnd verſtendig als er ſey/ in ſeinem gantzen Koͤnigreich.,von joſeph ſagt koͤnig pharao gen daß keiner ſo weiſe vnd verſtendig als er ſey in ſeinem gantzen koͤnigreich,uon ioseph sagt konig pharao gen dass keiner so weise und uerstendig als er sey in seinem gantzen konigreich
524584,body,29,5,False,13,Koͤnig Salomonen begeret alle Welt zu ſehen/ daß ſie die Weißheit hoͤreten/ die jhm Gott in ſein Hertz gegeben hatte/ 1. Reg. 10. Der Prophet Daniel cap. 5. hat von ſeines Koͤniges Gemahlin den Ruhm/ daß Erleuchtung/ Klugheit vnd Weißheit bey jhm ſey.,koͤnig salomonen begeret alle welt zu ſehen daß ſie die weißheit hoͤreten die jhm gott in ſein hertz gegeben hatte reg der prophet daniel cap hat von ſeines koͤniges gemahlin den ruhm daß erleuchtung klugheit vnd weißheit bey jhm ſey,konig salomonen begeret alle welt zu sehen dass sie die weissheit horeten die ihm gott in sein hertz gegeben hatte reg der prophet daniel cap hat uon seines koniges gemahlin den ruhm dass erleuchtung klugheit und weissheit bey ihm sey
524584,body,29,6,False,13,Koͤnig David hat jhm fuͤrgeſetzt/ ſich zu huͤten fuͤr Suͤnden/ Pſalm 39. Er iſt ein Mann nach dem Willen vnd Hertzen des Herrn.,koͤnig david hat jhm fuͤrgeſetzt ſich zu huͤten fuͤr suͤnden pſalm er iſt ein mann nach dem willen vnd hertzen des herrn,konig dauid hat ihm furgesetzt sich zu huten fur sunden psalm er ist ein mann nach dem willen und hertzen des herrn
524584,body,29,7,False,13,Sind aber nichts deſto weniger alle den Weg alles Fleiſches gegangen/ ſind alle geſtorben vnd entſchlaffen mit jhren Vaͤtern: Denn es bleibet bey der Verpeenung der Goͤttlichen Majeſtet/ Geneſ. 3. Du biſt Erde/ vnd ſolt zur Erden werden.,sind aber nichts deſto weniger alle den weg alles fleiſches gegangen ſind alle geſtorben vnd entſchlaffen mit jhren vaͤtern denn es bleibet bey der verpeenung der goͤttlichen majeſtet geneſ du biſt erde vnd ſolt zur erden werden,sind aber nichts desto weniger alle den weg alles fleisches gegangen sind alle gestorben und entschlaffen mit ihren uatern denn es bleibet bey der uerpeenung der gottlichen maiestet genes du bist erde und solt zur erden werden
524584,body,29,8,False,13,Alles Fleiſch/ ſagt Syrach am 14. cap. verſchleiſſt wie ein Kleid/ Denn es iſt der alte Bund/ du muſt ſterben.,alles fleiſch ſagt syrach am cap verſchleiſſt wie ein kleid denn es iſt der alte bund du muſt ſterben,alles fleisch sagt syrach am cap uerschleisst wie ein kleid denn es ist der alte bund du must sterben
524584,body,29,9,True,14,Es iſt den Menſchen geſetzt einmal zu ſterben/ ſteht Hebr. 9. darnach das Gerichte.,es iſt den menſchen geſetzt einmal zu ſterben ſteht hebr darnach das gerichte,es ist den menschen gesetzt einmal zu sterben steht hebr darnach das gerichte
524584,body,30,0,False,14,Wie wiederfehret aber ſolchen Sterbenden im Abſchied vnd Tode/ gehen ſie zu druͤmmern vnd rein auff?,wie wiederfehret aber ſolchen sterbenden im abſchied vnd tode gehen ſie zu druͤmmern vnd rein auff,wie wiederfehret aber solchen sterbenden im abschied und tode gehen sie zu drummern und rein auff
524584,body,30,1,True,14,"Kommen ſie vmb gantz vnd gar/ caduntne in profundum, & neſcitur an illis detur requies?",kommen ſie vmb gantz vnd gar caduntne in profundum & neſcitur an illis detur requies,kommen sie umb gantz und gar caduntne in profundum et nescitur an illis detur requies
524584,body,31,0,True,14,Nein/ keines weges/ ſondern/ gleich wie mit dreyfachen Gnadengeſchencken vnd Chꝛiſttugenden/ wie vernommen/ ſie gezieret vnd begabet geweſen/ alſo haben ſie dreyerley Ehrennutz/ auch in vnſerm Texte geſetzt/ darvon:,nein keines weges ſondern gleich wie mit dreyfachen gnadengeſchencken vnd chꝛiſttugenden wie vernommen ſie gezieret vnd begabet geweſen alſo haben ſie dreyerley ehrennutz auch in vnſerm texte geſetzt darvon,nein keines weges sondern gleich wie mit dreyfachen gnadengeschencken und chisttugenden wie uernommen sie gezieret und begabet gewesen also haben sie dreyerley ehrennutz auch in unserm texte gesetzt daruon
524584,body,32,0,False,14,"Der erſte Ehren Nutz/ den gerechte/ in goͤttlichem Erkentnis kluge/ vnbefleckt wandelnde Chriſten haben/ iſt ἡσυχία, das iſt/ befoͤderung zur Ruhe/ darvon der Text berichtet: Der Gerechte iſt/ ob er gleich zu zeitlich ſtirbet/ doch in der Ruhe.",der erſte ehren nutz den gerechte in goͤttlichem erkentnis kluge vnbefleckt wandelnde chriſten haben iſt ἡσυχία das iſt befoͤderung zur ruhe darvon der text berichtet der gerechte iſt ob er gleich zu zeitlich ſtirbet doch in der ruhe,der erste ehren nutz den gerechte in gottlichem erkentnis kluge unbefleckt wandelnde christen haben ist das ist befoderung zur ruhe daruon der text berichtet der gerechte ist ob er gleich zu zeitlich stirbet doch in der ruhe
524584,body,32,1,False,14,"Moyſes machet vber der Menſchen Leben in ſeinem Gebet/ welches man fuͤr den 90. Pſalm helt/ einen Commentarium, vnd ſagt/ daß es dolor & labor, Muͤhe vnd Arbeit ſey/ wann es am koͤſtlichſten geweſen.",moyſes machet vber der menſchen leben in ſeinem gebet welches man fuͤr den pſalm helt einen commentarium vnd ſagt daß es dolor & labor muͤhe vnd arbeit ſey wann es am koͤſtlichſten geweſen,moyses machet uber der menschen leben in seinem gebet welches man fur den psalm helt einen commentarium und sagt dass es dolor et labor muhe und arbeit sey wann es am kostlichsten gewesen
524584,body,32,2,False,14,Koͤnig Salomon in ſeinem Predigerbuͤchlein am 2. cap. ſchreibet: Was krieget der Menſch von aller ſeiner Arbeit vnd Muͤhe ſeines Hertzens/ die er hat vnter der Sonnen?,koͤnig salomon in ſeinem predigerbuͤchlein am cap ſchreibet was krieget der menſch von aller ſeiner arbeit vnd muͤhe ſeines hertzens die er hat vnter der sonnen,konig salomon in seinem predigerbuchlein am cap schreibet was krieget der mensch uon aller seiner arbeit und muhe seines hertzens die er hat unter der sonnen
524584,body,32,3,False,14,Denn alle ſein Lebetage Schmertzen/ mit gremen vnd leid/ daß auch ſein Hertz des Nachts nicht ruhet.,denn alle ſein lebetage schmertzen mit gremen vnd leid daß auch ſein hertz des nachts nicht ruhet,denn alle sein lebetage schmertzen mit gremen und leid dass auch sein hertz des nachts nicht ruhet
524584,body,32,4,False,14,Syrach am 40. cap. ſpricht: Es iſt ein elend jaͤmmerlich ding vmb aller Menſchen leben/ von Mutterleibe an/ biß ſie in die Erde begraben werden/ die vnſer aller Mutter iſt/ da iſt jmmer Sorge/ Furcht/ Hoffnung/ vnd zu letzt der Tod/ ſo wol bey dem/ der in hohen Ehꝛen ſitzt/ als bey dem geringſten auff Erden.,syrach am cap ſpricht es iſt ein elend jaͤmmerlich ding vmb aller menſchen leben von mutterleibe an biß ſie in die erde begraben werden die vnſer aller mutter iſt da iſt jmmer sorge furcht hoffnung vnd zu letzt der tod ſo wol bey dem der in hohen ehꝛen ſitzt als bey dem geringſten auff erden,syrach am cap spricht es ist ein elend iammerlich ding umb aller menschen leben uon mutterleibe an biss sie in die erde begraben werden die unser aller mutter ist da ist immer sorge furcht hoffnung und zu letzt der tod so wol bey dem der in hohen ehen sitzt als bey dem geringsten auff erden
524584,body,32,5,False,15,"Auguſtinus: Vita hæc eſt vita dubia, cœca, ærumnoſa, qvam humores tumidant, dolores extenuant ardores exiccant, aëra morbidant, eſcæ inflant, jejunia macerant, joci diſſolvunt, triſticiæ conſumunt, ſollicitudo coarctat, ſecuritas hebetat, divitiæ jactitant, paupertas dejicit, juventus extollit, ſenectus incurvat, infirmitas frangit, mœror deprimit, & poſt hęc omnia mors interimit, univerſis gaudiis finem imponit.",auguſtinus vita hæc eſt vita dubia cœca ærumnoſa qvam humores tumidant dolores extenuant ardores exiccant aëra morbidant eſcæ inflant jejunia macerant joci diſſolvunt triſticiæ conſumunt ſollicitudo coarctat ſecuritas hebetat divitiæ jactitant paupertas dejicit juventus extollit ſenectus incurvat infirmitas frangit mœror deprimit & poſt hęc omnia mors interimit univerſis gaudiis finem imponit,augustinus uita haec est uita dubia coeca aerumnosa quam humores tumidant dolores extenuant ardores exiccant aera morbidant escae inflant ieiunia macerant ioci dissoluunt tristiciae consumunt sollicitudo coarctat securitas hebetat diuitiae iactitant paupertas deiicit iuuentus extollit senectus incuruat infirmitas frangit moeror deprimit et post hec omnia mors interimit uniuersis gaudiis finem imponit
524584,body,32,6,False,15,Vnd Secundus der Philoſophus gibt dieſen Außſchlag/ daß der Menſch in ſeinem muͤhe ſamen Leben/ ſey eine arbeitſame Seele/ eine bawfellige Wohnung/ nur auff kurtze zeit ein Anſchawer des Lebens/ kan offt kaum recht einen blick darein thun/ ein ſtetsreiſender Wandersmann vnd Pilgram/ ein Gaſt der ſtete/ vnd Knecht des Todes.,vnd secundus der philoſophus gibt dieſen außſchlag daß der menſch in ſeinem muͤhe ſamen leben ſey eine arbeitſame seele eine bawfellige wohnung nur auff kurtze zeit ein anſchawer des lebens kan offt kaum recht einen blick darein thun ein ſtetsreiſender wandersmann vnd pilgram ein gaſt der ſtete vnd knecht des todes,und secundus der philosophus gibt diesen aussschlag dass der mensch in seinem muhe samen leben sey eine arbeitsame seele eine bawfellige wohnung nur auff kurtze zeit ein anschawer des lebens kan offt kaum recht einen blick darein thun ein stetsreisender wandersmann und pilgram ein gast der stete und knecht des todes
524584,body,32,7,False,15,Daher wir freylich alle/ wenn wir es recht behertzigen/ vrſach genungſam haben/ mit S. Paulo zu winſeln vnd zu klagen/ Roman. 7. Ich elender Menſch/ wer wird mich erloͤſen von dem Leibe dieſes Todes?,daher wir freylich alle wenn wir es recht behertzigen vrſach genungſam haben mit s paulo zu winſeln vnd zu klagen roman ich elender menſch wer wird mich erloͤſen von dem leibe dieſes todes,daher wir freylich alle wenn wir es recht behertzigen ursach genungsam haben mit s paulo zu winseln und zu klagen roman ich elender mensch wer wird mich erlosen uon dem leibe dieses todes
524584,body,32,8,False,15,"Je der fromme Gott/ der ſo getrew iſt/ daß er niemand vber vermoͤgen verſuchen leſt/ 1. Corinth. 10. der wil es thun/ der wil vns auffloͤſen vnd aus dem Joch außſpannen/ durch einen ſeligen Todt/ wie Paulus Philip. am 1. cap. es begeret/ wann wir in vnſern Beruffsgeſchaͤfften vns muͤde gezogen vnd gearbeitet haben/ der wil vns außm Getuͤmmel aller Beſchwerniß vnd Truͤbniß/ in vnſere verſchloſſene Schlaffkaͤmmerlein leiten/ Eſa. 26. in tabernacula fiduciæ, pulcritudinem pacis & reqviem opulentam, in Haͤuſer des Friedens/ in ſichere Wohnungen vnd ſtoltze Ruhe/ Eſaiæ 32. Da wir außm 4. Pſalm frolockend ſagen koͤnnen: Jch liege vnd ſchlaffe gantz mit frieden/ Denn allein du Herr hilffeſt mir/ daß ich ſicher wohne.",je der fromme gott der ſo getrew iſt daß er niemand vber vermoͤgen verſuchen leſt corinth der wil es thun der wil vns auffloͤſen vnd aus dem joch außſpannen durch einen ſeligen todt wie paulus philip am cap es begeret wann wir in vnſern beruffsgeſchaͤfften vns muͤde gezogen vnd gearbeitet haben der wil vns außm getuͤmmel aller beſchwerniß vnd truͤbniß in vnſere verſchloſſene schlaffkaͤmmerlein leiten eſa in tabernacula fiduciæ pulcritudinem pacis & reqviem opulentam in haͤuſer des friedens in ſichere wohnungen vnd ſtoltze ruhe eſaiæ da wir außm pſalm frolockend ſagen koͤnnen jch liege vnd ſchlaffe gantz mit frieden denn allein du herr hilffeſt mir daß ich ſicher wohne,ie der fromme gott der so getrew ist dass er niemand uber uermogen uersuchen lest corinth der wil es thun der wil uns aufflosen und aus dem ioch aussspannen durch einen seligen todt wie paulus philip am cap es begeret wann wir in unsern beruffsgeschafften uns mude gezogen und gearbeitet haben der wil uns aussm getummel aller beschwerniss und trubniss in unsere uerschlossene schlaffkammerlein leiten esa in tabernacula fiduciae pulcritudinem pacis et requiem opulentam in hauser des friedens in sichere wohnungen und stoltze ruhe esaiae da wir aussm psalm frolockend sagen konnen ich liege und schlaffe gantz mit frieden denn allein du herr hilffest mir dass ich sicher wohne
524584,body,32,9,False,16,Da die/ ſo richtig fuͤr ſich gewandelt haben/ kommen zum Friede/ vnd ruhen in jhren Kammern/ Eſa. 56. Da es heiſſen wird/ wie Apocal. am 14. cap. ſtehet: Selig ſind die Todten/ die im Herrn ſterben/ von Nu an/ ja der Geiſt ſpricht/ daß ſie ruhen von jhꝛer Arbeit.,da die ſo richtig fuͤr ſich gewandelt haben kommen zum friede vnd ruhen in jhren kammern eſa da es heiſſen wird wie apocal am cap ſtehet selig ſind die todten die im herrn ſterben von nu an ja der geiſt ſpricht daß ſie ruhen von jhꝛer arbeit,da die so richtig fur sich gewandelt haben kommen zum friede und ruhen in ihren kammern esa da es heissen wird wie apocal am cap stehet selig sind die todten die im herrn sterben uon nu an ia der geist spricht dass sie ruhen uon iher arbeit
524584,body,32,10,False,16,"Bernhardus: Bona mors juſti propter reqviem, melior propter novitatem, optima propter ſecuritatem.",bernhardus bona mors juſti propter reqviem melior propter novitatem optima propter ſecuritatem,bernhardus bona mors iusti propter requiem melior propter nouitatem optima propter securitatem
524584,body,32,11,True,16,"Hat nu der alte Chriſtliche Churfuͤrſt Friedrich zu Sachſen rechtmeſſig pflegen zu ſagen: Virtutem, patriæ conſulere, afflictis parcere, orbi qvietem, & ſeculo pacem dare, ſummam eſſe, ſo moͤgen wir auch wol vnſern ſelig abgeſchiedenen nachfingen vnd anſtimmen:",hat nu der alte chriſtliche churfuͤrſt friedrich zu sachſen rechtmeſſig pflegen zu ſagen virtutem patriæ conſulere afflictis parcere orbi qvietem & ſeculo pacem dare ſummam eſſe ſo moͤgen wir auch wol vnſern ſelig abgeſchiedenen nachfingen vnd anſtimmen,hat nu der alte christliche churfurst friedrich zu sachsen rechtmessig pflegen zu sagen uirtutem patriae consulere afflictis parcere orbi quietem et seculo pacem dare summam esse so mogen wir auch wol unsern selig abgeschiedenen nachfingen und anstimmen
524584,body,33,0,True,16,Sein Jammer/ Truͤbſal vnd Elend/,sein jammer truͤbſal vnd elend,sein iammer trubsal und elend
524584,body,34,0,True,16,Jſt kommen zu eim ſelign End/,jſt kommen zu eim ſelign end,ist kommen zu eim selign end
524584,body,35,0,True,16,Er hat getragen Chriſti Joch/,er hat getragen chriſti joch,er hat getragen christi ioch
524584,body,36,0,True,16,Jſt geſtorben/ vnd lebet noch.,jſt geſtorben vnd lebet noch,ist gestorben und lebet noch
524584,body,37,0,False,16,"Der ander Ehren Nutz/ den gerechte/ in goͤttlichem Erkentnis kluge/ vnd vnbefleckt wandelnde Chꝛiſten haben/ iſt Μνημεία, daß ſie ein ruͤhmlich Gedaͤchtnis hinter ſich laſſen/ das zeiget der Text an: Er wird weggenommen aus dem Leben/ vnter den Suͤndern/ vnd wird hingeruͤckt/ daß die Boßheit ſeinen Verſtand nicht verkehre/ noch falſche Lehr ſeine Seele betriege/ Denn die boͤſen Exempel verfuͤhren vnd verderben einem das gute/ vnd die reitzende Luſt verkehret vnſchuldige Hertzen.",der ander ehren nutz den gerechte in goͤttlichem erkentnis kluge vnd vnbefleckt wandelnde chꝛiſten haben iſt μνημεία daß ſie ein ruͤhmlich gedaͤchtnis hinter ſich laſſen das zeiget der text an er wird weggenommen aus dem leben vnter den suͤndern vnd wird hingeruͤckt daß die boßheit ſeinen verſtand nicht verkehre noch falſche lehr ſeine seele betriege denn die boͤſen exempel verfuͤhren vnd verderben einem das gute vnd die reitzende luſt verkehret vnſchuldige hertzen,der ander ehren nutz den gerechte in gottlichem erkentnis kluge und unbefleckt wandelnde chisten haben ist dass sie ein ruhmlich gedachtnis hinter sich lassen das zeiget der text an er wird weggenommen aus dem leben unter den sundern und wird hingeruckt dass die bossheit seinen uerstand nicht uerkehre noch falsche lehr seine seele betriege denn die bosen exempel uerfuhren und uerderben einem das gute und die reitzende lust uerkehret unschuldige hertzen
524584,body,37,1,False,17,Er iſt bald vollkommen worden/ vnd hat viel Jahr erfuͤllet.,er iſt bald vollkommen worden vnd hat viel jahr erfuͤllet,er ist bald uollkommen worden und hat uiel iahr erfullet
524584,body,37,2,True,17,"Drey Furias infernales oder helliſche Goͤttin/ tichten die Poeten: Eine hat geheiſſen Alecto: Die ander/ Tiſiphone: Die dritte/ Megæra: Alſo ſperret ein dreygekroͤnter Trachenkopff vnd Cerberus tria latrantia colla, dreyerley Schluͤnde vnd Rachen/ angelweit genung auff/ Eſaiæ 5. gegen den armen Menſchen/ in dieſem Jammerthal/ vnd ſpeyet lauter gifftigen Rauch/ ſuͤndlichen verderblichen Dampff/ vnd anbruͤchtigen Schmauch/ wie der hiatus lethalis ac terribilis, zu des Roͤmiſchen M. Curtii zeiten/ wider ſie aus.",drey furias infernales oder helliſche goͤttin tichten die poeten eine hat geheiſſen alecto die ander tiſiphone die dritte megæra alſo ſperret ein dreygekroͤnter trachenkopff vnd cerberus tria latrantia colla dreyerley schluͤnde vnd rachen angelweit genung auff eſaiæ gegen den armen menſchen in dieſem jammerthal vnd ſpeyet lauter gifftigen rauch ſuͤndlichen verderblichen dampff vnd anbruͤchtigen schmauch wie der hiatus lethalis ac terribilis zu des roͤmiſchen m curtii zeiten wider ſie aus,drey furias infernales oder hellische gottin tichten die poeten eine hat geheissen alecto die ander tisiphone die dritte megaera also sperret ein dreygekronter trachenkopff und cerberus tria latrantia colla dreyerley schlunde und rachen angelweit genung auff esaiae gegen den armen menschen in diesem iammerthal und speyet lauter gifftigen rauch sundlichen uerderblichen dampff und anbruchtigen schmauch wie der hiatus lethalis ac terribilis zu des romischen m curtii zeiten wider sie aus
524584,body,38,0,False,17,"Der eine ſpruͤet Hæreſes, falſche Lehr/ daruͤber Chriſtus klagt Matthæi am 24. cap. vnd ſagt: Sehet zu/ daß euch niemand verfuͤhre/ Denn es werden viel kommen vnter meinem Namen/ vnd ſagen: Jch bin Chriſtus/ vnd werden viel verfuͤhren.",der eine ſpruͤet hæreſes falſche lehr daruͤber chriſtus klagt matthæi am cap vnd ſagt sehet zu daß euch niemand verfuͤhre denn es werden viel kommen vnter meinem namen vnd ſagen jch bin chriſtus vnd werden viel verfuͤhren,der eine spruet haereses falsche lehr daruber christus klagt matthaei am cap und sagt sehet zu dass euch niemand uerfuhre denn es werden uiel kommen unter meinem namen und sagen ich bin christus und werden uiel uerfuhren
524584,body,38,1,False,17,Darvon Paulus Actor am 20. cap. redet: Jch weis/ daß nach meinem Abſchied/ werden vnter euch kommen grewliche Woͤlffe/ die der Herde nicht verſchonen werden/ Auch aus euch ſelbſt werden auffſtehen Maͤnner/ die da verkehrte Lehre reden/ die Juͤnger an ſich zu ziehen.,darvon paulus actor am cap redet jch weis daß nach meinem abſchied werden vnter euch kommen grewliche woͤlffe die der herde nicht verſchonen werden auch aus euch ſelbſt werden auffſtehen maͤnner die da verkehrte lehre reden die juͤnger an ſich zu ziehen,daruon paulus actor am cap redet ich weis dass nach meinem abschied werden unter euch kommen grewliche wolffe die der herde nicht uerschonen werden auch aus euch selbst werden auffstehen manner die da uerkehrte lehre reden die iunger an sich zu ziehen
524584,body,38,2,True,17,Darvon S. Johannes in ſeiner erſten Epiſtel am 4. cap. ſchreibet: Jhr Lieben/ gleubet nicht einem jeglichen Geiſt/ ſondern pruͤfet die Geiſter/ ob ſie von Gott ſind/ denn es ſind viel falſcher Propheten ausgegangen in die Welt.,darvon s johannes in ſeiner erſten epiſtel am cap ſchreibet jhr lieben gleubet nicht einem jeglichen geiſt ſondern pruͤfet die geiſter ob ſie von gott ſind denn es ſind viel falſcher propheten ausgegangen in die welt,daruon s iohannes in seiner ersten epistel am cap schreibet ihr lieben gleubet nicht einem ieglichen geist sondern prufet die geister ob sie uon gott sind denn es sind uiel falscher propheten ausgegangen in die welt
524584,body,39,0,False,18,"Der andere koͤcket aus/ Seductiones, verfuͤhriſche/ das gute verderbende Exempel/ darvon David Pſal. 18. ſagt: Bey den Verkehrten biſtu verkehrt.",der andere koͤcket aus seductiones verfuͤhriſche das gute verderbende exempel darvon david pſal ſagt bey den verkehrten biſtu verkehrt,der andere kocket aus seductiones uerfuhrische das gute uerderbende exempel daruon dauid psal sagt bey den uerkehrten bistu uerkehrt
524584,body,39,1,False,18,Salomon Proverb. 13. Wer der Narren Geſelle iſt/ der wird Vngluͤck haben.,salomon proverb wer der narren geſelle iſt der wird vngluͤck haben,salomon prouerb wer der narren geselle ist der wird ungluck haben
524584,body,39,2,False,18,Prover. 22. Geſelle vnd halte dich nicht zum zornigen vnd grimmigen Mann/ du moͤchteſt ſeinen Weg lernen/ vnd deiner Seelen ergernuͤß empfahen.,prover geſelle vnd halte dich nicht zum zornigen vnd grimmigen mann du moͤchteſt ſeinen weg lernen vnd deiner seelen ergernuͤß empfahen,prouer geselle und halte dich nicht zum zornigen und grimmigen mann du mochtest seinen weg lernen und deiner seelen ergernuss empfahen
524584,body,39,3,False,18,Syrach 13. Wer Pech angreifft/ der beſudelt ſich darmit/ vnd wer ſich geſellet zum Hoffertigen/ der lernet Hoffart.,syrach wer pech angreifft der beſudelt ſich darmit vnd wer ſich geſellet zum hoffertigen der lernet hoffart,syrach wer pech angreifft der besudelt sich darmit und wer sich gesellet zum hoffertigen der lernet hoffart
524584,body,39,4,True,18,Vnd 1. Corinth. 15. zeucht es S. Paulus aus Menandro an: Boͤſe Geſchwaͤtz verderben gute Sitten.,vnd corinth zeucht es s paulus aus menandro an boͤſe geſchwaͤtz verderben gute sitten,und corinth zeucht es s paulus aus menandro an bose geschwatz uerderben gute sitten
524584,body,40,0,False,18,"Der dritte wuͤrget aus Cupiditates, reitzende/ oder wie Syrach am 23. cap. redet/ boͤſe Luͤſte/ Denn das Fleiſch geluͤſtet doch jmmer wider den Geiſt/ Galat. 5. Vnd alles was in der Welt iſt/ nemlich des Fleiſches Luſt/ der Augen Luſt/ vnd hoffertiges Leben/ iſt nicht von dem Vater/ ſondern von der Welt/ 1. Joan. 2. Dadurch wird gar manches lieben Mutterkindes Verſtand ſchaͤndlich verkehret/ vieler Seelen jaͤmmerlich betrogen/ vnd groſſe Hauffen vnſchuldige Hertzen boͤßlich verfuͤhret vnd verderbet/ Wer ſich hier leſſet duͤncken/ er ſtehe feſt/ mag wol zuſehen/ daß er nicht falle/ 1. Corinth. 10. Er ruͤhme ſich nicht des morgenden Tages/ denn er weis nicht/ was hente ſich begeben mag.",der dritte wuͤrget aus cupiditates reitzende oder wie syrach am cap redet boͤſe luͤſte denn das fleiſch geluͤſtet doch jmmer wider den geiſt galat vnd alles was in der welt iſt nemlich des fleiſches luſt der augen luſt vnd hoffertiges leben iſt nicht von dem vater ſondern von der welt joan dadurch wird gar manches lieben mutterkindes verſtand ſchaͤndlich verkehret vieler seelen jaͤmmerlich betrogen vnd groſſe hauffen vnſchuldige hertzen boͤßlich verfuͤhret vnd verderbet wer ſich hier leſſet duͤncken er ſtehe feſt mag wol zuſehen daß er nicht falle corinth er ruͤhme ſich nicht des morgenden tages denn er weis nicht was hente ſich begeben mag,der dritte wurget aus cupiditates reitzende oder wie syrach am cap redet bose luste denn das fleisch gelustet doch immer wider den geist galat und alles was in der welt ist nemlich des fleisches lust der augen lust und hoffertiges leben ist nicht uon dem uater sondern uon der welt ioan dadurch wird gar manches lieben mutterkindes uerstand schandlich uerkehret uieler seelen iammerlich betrogen und grosse hauffen unschuldige hertzen bosslich uerfuhret und uerderbet wer sich hier lesset duncken er stehe fest mag wol zusehen dass er nicht falle corinth er ruhme sich nicht des morgenden tages denn er weis nicht was hente sich begeben mag
524584,body,40,1,True,19,"Proverb. 27. in deme der Gerechte des Tages ſieben mal fellet/ Proverb. 24. & Dominus diſperdat lingvam magniloquam, vnd der Herr rottet aus die Zunge/ die ſtoltz redet/ Pſal. 12. Nun machen vnd laſſen aber verfuͤhꝛiſcher falſcher Lehr beypflichtende/ vnd alle Jrꝛgeiſter/ aͤrgerliche anbruͤchtige Exempel einfuͤhrende/ vnd in Suͤndenſchand verleitete/ vnd fleiſchlichen Luſtbruͤnſten nachjagende vnd behagende/ einen ſehr boͤſen Nachklang vnd vbellautenden Chor Geſang hinter jhnen/ Nomen impiorum putreſcet, Der Gottloſen Namen wird verweſen/ ſagt Salomon Proverb. 10. Jhr Name bleibet dedeckt im Finſternis/ Salomon Prediger 6. Jhres Namens wird vergeſſen/ Sapient. 2. Jhr Namen wird außgetilget/ Syrach 41. Dargegen bluͤhet der Gerechte/ ſein Name wird ewiglich bleiben/ ſo lange die Sonne waͤret/ wird ſein Name auff die Nachkommen reichen/ Pſal. 72. Mit ewigem Namen wird der/ ſo den Herrn fuͤrchtet/ vnd ſich an Gottes Wort feſt helt/ begabet/ Syrach 15.",proverb in deme der gerechte des tages ſieben mal fellet proverb & dominus diſperdat lingvam magniloquam vnd der herr rottet aus die zunge die ſtoltz redet pſal nun machen vnd laſſen aber verfuͤhꝛiſcher falſcher lehr beypflichtende vnd alle jrꝛgeiſter aͤrgerliche anbruͤchtige exempel einfuͤhrende vnd in suͤndenſchand verleitete vnd fleiſchlichen luſtbruͤnſten nachjagende vnd behagende einen ſehr boͤſen nachklang vnd vbellautenden chor geſang hinter jhnen nomen impiorum putreſcet der gottloſen namen wird verweſen ſagt salomon proverb jhr name bleibet dedeckt im finſternis salomon prediger jhres namens wird vergeſſen sapient jhr namen wird außgetilget syrach dargegen bluͤhet der gerechte ſein name wird ewiglich bleiben ſo lange die sonne waͤret wird ſein name auff die nachkommen reichen pſal mit ewigem namen wird der ſo den herrn fuͤrchtet vnd ſich an gottes wort feſt helt begabet syrach,prouerb in deme der gerechte des tages sieben mal fellet prouerb et dominus disperdat linguam magniloquam und der herr rottet aus die zunge die stoltz redet psal nun machen und lassen aber uerfuhischer falscher lehr beypflichtende und alle irgeister argerliche anbruchtige exempel einfuhrende und in sundenschand uerleitete und fleischlichen lustbrunsten nachiagende und behagende einen sehr bosen nachklang und ubellautenden chor gesang hinter ihnen nomen impiorum putrescet der gottlosen namen wird uerwesen sagt salomon prouerb ihr name bleibet dedeckt im finsternis salomon prediger ihres namens wird uergessen sapient ihr namen wird aussgetilget syrach dargegen bluhet der gerechte sein name wird ewiglich bleiben so lange die sonne waret wird sein name auff die nachkommen reichen psal mit ewigem namen wird der so den herrn furchtet und sich an gottes wort fest helt begabet syrach
524584,body,41,0,False,19,Darumb Gott der Herr aus dem Leben vnter den Suͤndern/ die vnſerigen offt vnvorſehens wegnimpt vnd hinruͤckt/ reiſſet jhr Leben abe/ wie einen Faden der Weber/ reumet jhre Zeit auff wie eines Hirten Huͤtte/ Eſai. 38. leſſet ſie jhre Jahre bald er fuͤllen/ errettet jhre Seelen ſchnell vom Tode/ vnd jhre Fuͤſſe vom gleiten/ Pſal. 56. So koͤnnen ſie ruͤhmen mit S. Paulo/ Rom. 6. Wer geſtorben iſt ſanfft vnd ſelig in Chriſto/ der iſt gerechtfertiget von der Suͤnde.,darumb gott der herr aus dem leben vnter den suͤndern die vnſerigen offt vnvorſehens wegnimpt vnd hinruͤckt reiſſet jhr leben abe wie einen faden der weber reumet jhre zeit auff wie eines hirten huͤtte eſai leſſet ſie jhre jahre bald er fuͤllen errettet jhre seelen ſchnell vom tode vnd jhre fuͤſſe vom gleiten pſal so koͤnnen ſie ruͤhmen mit s paulo rom wer geſtorben iſt ſanfft vnd ſelig in chriſto der iſt gerechtfertiget von der suͤnde,darumb gott der herr aus dem leben unter den sundern die unserigen offt unuorsehens wegnimpt und hinruckt reisset ihr leben abe wie einen faden der weber reumet ihre zeit auff wie eines hirten hutte esai lesset sie ihre iahre bald er fullen errettet ihre seelen schnell uom tode und ihre fusse uom gleiten psal so konnen sie ruhmen mit s paulo rom wer gestorben ist sanfft und selig in christo der ist gerechtfertiget uon der sunde
524584,body,41,1,True,20,"Laſſen hinter ſich ein gutes Geruͤchte/ daß ob ſie zwar juvenes ætate, doch nicht juvenes moribus geweſen/ daß ſie ein ehrlich Alter/ ob gleich nicht von langwieriger Lebenszeit oder vielẽ Jahren/ doch von warer him̃liſcher Klugheit/ vnbeflecktem Leben/ rechter Gottſeligkeit vnd Froͤmmigkeit/ erreichet vnd erlanget haben/ daß ſie jhren kurtzen Termin/ im Chriſtenthumb vnd Erbarkeit wol angewendet/ daß ſie an Weisheit/ Alter vnd Gnade bey Gott vnd den Menſchen/ ſupra ætatem, zugenommen haben/ vnd daß jhr Gedaͤchtnis jmmerdar ſey bey Gott/ Eſa. 49. vnd jhꝛe Namen eingeſchrieben im Himmel/ Luc. 10. im Buch des Lebens/ Philip. 4. Apocal. 20. vnd 21. cap. Daher Chryſoſtomus ſagt: Piis mors ultrà non eſt mors, ſed nomen tantùm habet mortis.",laſſen hinter ſich ein gutes geruͤchte daß ob ſie zwar juvenes ætate doch nicht juvenes moribus geweſen daß ſie ein ehrlich alter ob gleich nicht von langwieriger lebenszeit oder vielẽ jahren doch von warer him̃liſcher klugheit vnbeflecktem leben rechter gottſeligkeit vnd froͤmmigkeit erreichet vnd erlanget haben daß ſie jhren kurtzen termin im chriſtenthumb vnd erbarkeit wol angewendet daß ſie an weisheit alter vnd gnade bey gott vnd den menſchen ſupra ætatem zugenommen haben vnd daß jhr gedaͤchtnis jmmerdar ſey bey gott eſa vnd jhꝛe namen eingeſchrieben im himmel luc im buch des lebens philip apocal vnd cap daher chryſoſtomus ſagt piis mors ultrà non eſt mors ſed nomen tantùm habet mortis,lassen hinter sich ein gutes geruchte dass ob sie zwar iuuenes aetate doch nicht iuuenes moribus gewesen dass sie ein ehrlich alter ob gleich nicht uon langwieriger lebenszeit oder uielen iahren doch uon warer himmlischer klugheit unbeflecktem leben rechter gottseligkeit und frommigkeit erreichet und erlanget haben dass sie ihren kurtzen termin im christenthumb und erbarkeit wol angewendet dass sie an weisheit alter und gnade bey gott und den menschen supra aetatem zugenommen haben und dass ihr gedachtnis immerdar sey bey gott esa und ihe namen eingeschrieben im himmel luc im buch des lebens philip apocal und cap daher chrysostomus sagt piis mors ultra non est mors sed nomen tantum habet mortis
524584,body,42,0,False,20,"Der dritte Ehren Nutz/ den gerechte/ im goͤttlichen Erkentnis kluge vnd vnbefleckt wandelnde Chriſten haben/ iſt ἐυδοκία, der Wolgefallen/ den die Goͤttliche Majeſtet an jhnen hat: Denn es moͤchte leicht jemand dencken vnd einwenden/ jhres theils/ weis ich nun wol ziemlicher maſſen/ wie fruͤezeitig ſterbenden Chriſten geſchiehet/ Was meynet aber Gott der Herr darmit?",der dritte ehren nutz den gerechte im goͤttlichen erkentnis kluge vnd vnbefleckt wandelnde chriſten haben iſt ἐυδοκία der wolgefallen den die goͤttliche majeſtet an jhnen hat denn es moͤchte leicht jemand dencken vnd einwenden jhres theils weis ich nun wol ziemlicher maſſen wie fruͤezeitig ſterbenden chriſten geſchiehet was meynet aber gott der herr darmit,der dritte ehren nutz den gerechte im gottlichen erkentnis kluge und unbefleckt wandelnde christen haben ist der wolgefallen den die gottliche maiestet an ihnen hat denn es mochte leicht iemand dencken und einwenden ihres theils weis ich nun wol ziemlicher massen wie fruezeitig sterbenden christen geschiehet was meynet aber gott der herr darmit
524584,body,42,1,False,20,Wer ſeinen Willen dißfalls auch erkennet hette/ Rom. 11. wie iſt er gegen jhnen geſinnet?,wer ſeinen willen dißfalls auch erkennet hette rom wie iſt er gegen jhnen geſinnet,wer seinen willen dissfalls auch erkennet hette rom wie ist er gegen ihnen gesinnet
524584,body,42,2,True,20,Trawn die Schrifft gehet an vielen orten ſtarck darauff/ daß der Tod die Gottloſen bald auffraͤtze vnd wegreume/ Die Zahl jhrer Monden wird kaum halb bleiben/ ſtehet Job. cap. 21. Der Tod vbereilet ſie/ vnd die Blutgierigen vnd Falſchen werden jhr Leben nicht zur helffte bringen/ ſaget der 55. Pſalm. Geneſ. am 38. toͤdtet Gott zweene Soͤhne des Patriarchen Judæ/ den Ger vnd Onan/ daß ſie boͤſe vor dem Herrn geweſen. 1. Samuel. 25. ſchlegt GOtt den Nabal/ daß er heilloß vnd vnbarmhertzig. 2. Samuel. 12. ſtirbt Koͤnig Davids Soͤhnlein/ das er in der Vnehe gezeuget: vnd ſo fort an.,trawn die schrifft gehet an vielen orten ſtarck darauff daß der tod die gottloſen bald auffraͤtze vnd wegreume die zahl jhrer monden wird kaum halb bleiben ſtehet job cap der tod vbereilet ſie vnd die blutgierigen vnd falſchen werden jhr leben nicht zur helffte bringen ſaget der pſalm geneſ am toͤdtet gott zweene soͤhne des patriarchen judæ den ger vnd onan daß ſie boͤſe vor dem herrn geweſen samuel ſchlegt gott den nabal daß er heilloß vnd vnbarmhertzig samuel ſtirbt koͤnig davids soͤhnlein das er in der vnehe gezeuget vnd ſo fort an,trawn die schrifft gehet an uielen orten starck darauff dass der tod die gottlosen bald auffratze und wegreume die zahl ihrer monden wird kaum halb bleiben stehet iob cap der tod ubereilet sie und die blutgierigen und falschen werden ihr leben nicht zur helffte bringen saget der psalm genes am todtet gott zweene sohne des patriarchen iudae den ger und onan dass sie bose uor dem herrn gewesen samuel schlegt gott den nabal dass er heilloss und unbarmhertzig samuel stirbt konig dauids sohnlein das er in der unehe gezeuget und so fort an
524584,body,43,0,False,21,Wie?,wie,wie
524584,body,43,1,True,21,wann mit vnd bey zeitlich/ vnd in jhrem beſten Alter ſterbenden Chriſten/ es auch ein beſonders Zornzeichen/ eine Rache vnd Straffe Gottes were?,wann mit vnd bey zeitlich vnd in jhrem beſten alter ſterbenden chriſten es auch ein beſonders zornzeichen eine rache vnd straffe gottes were,wann mit und bey zeitlich und in ihrem besten alter sterbenden christen es auch ein besonders zornzeichen eine rache und straffe gottes were
524584,body,44,0,False,21,Auguſtinus lib. 1. de Civit.,auguſtinus lib de civit,augustinus lib de ciuit
524584,body,44,1,False,21,"Dei cap. 11. vnd de agenda cura pro mortuis, gibt eine Antwort hierauff: Non multum curandum eſt iis, qvi neceſſariò moriuntur, qvid accidat ut moriantur, ſed moriendo quò ire cogantur.",dei cap vnd de agenda cura pro mortuis gibt eine antwort hierauff non multum curandum eſt iis qvi neceſſariò moriuntur qvid accidat ut moriantur ſed moriendo quò ire cogantur,dei cap und de agenda cura pro mortuis gibt eine antwort hierauff non multum curandum est iis qui necessario moriuntur quid accidat ut moriantur sed moriendo quo ire cogantur
524584,body,44,2,False,21,"Non enim qva occaſione exeant, ſed qvales ad ſe redeant, attendit in ſervis ſuis Dominus.",non enim qva occaſione exeant ſed qvales ad ſe redeant attendit in ſervis ſuis dominus,non enim qua occasione exeant sed quales ad se redeant attendit in seruis suis dominus
524584,body,44,3,False,21,Aber vnſer Weisheits text machets beſſer vnd außfuͤhrlicher: Auffs trewlichſte/ bethewret er/ meynets Gott mit jhnen/ auffs vaͤterlichſte iſt er gegen jhnen geſinnet.,aber vnſer weisheits text machets beſſer vnd außfuͤhrlicher auffs trewlichſte bethewret er meynets gott mit jhnen auffs vaͤterlichſte iſt er gegen jhnen geſinnet,aber unser weisheits text machets besser und aussfuhrlicher auffs trewlichste bethewret er meynets gott mit ihnen auffs uaterlichste ist er gegen ihnen gesinnet
524584,body,44,4,False,21,Der Gerechte gefellet Gott wol/ iſt jhm lieb/ ſeine Seele gefellet Gott wol.,der gerechte gefellet gott wol iſt jhm lieb ſeine seele gefellet gott wol,der gerechte gefellet gott wol ist ihm lieb seine seele gefellet gott wol
524584,body,44,5,False,21,Die Heiligen Gottes ſind in Gnad vnd Barmhertzigkeit/ vnd er hat ein auffſehen auff ſeine Außerwehlete.,die heiligen gottes ſind in gnad vnd barmhertzigkeit vnd er hat ein auffſehen auff ſeine außerwehlete,die heiligen gottes sind in gnad und barmhertzigkeit und er hat ein auffsehen auff seine ausserwehlete
524584,body,44,6,False,21,Priamus der Trojaniſche Koͤnig/ hatte von Hecuba ſeiner Ehefrawen/ 19. Kinder/ von andern Kebsweibern 31. Vnter dieſen muß er Polydorum ſeinen Sohn/ hertzlich geliebet haben/ daß er jhn/ im Trojaniſchen Kriege/ mit einem maͤchtigen reichen Schatz/ zum Thracier Koͤnige Polymneſtori ſalviret vnd ſendet/ damit/ in deme belli eventus dubius/ er auffn fall beym Leben erhalten/ wenn ja ſonſt alles im Rauch auffgienge.,priamus der trojaniſche koͤnig hatte von hecuba ſeiner ehefrawen kinder von andern kebsweibern vnter dieſen muß er polydorum ſeinen sohn hertzlich geliebet haben daß er jhn im trojaniſchen kriege mit einem maͤchtigen reichen schatz zum thracier koͤnige polymneſtori ſalviret vnd ſendet damit in deme belli eventus dubius er auffn fall beym leben erhalten wenn ja ſonſt alles im rauch auffgienge,priamus der troianische konig hatte uon hecuba seiner ehefrawen kinder uon andern kebsweibern unter diesen muss er polydorum seinen sohn hertzlich geliebet haben dass er ihn im troianischen kriege mit einem machtigen reichen schatz zum thracier konige polymnestori saluiret und sendet damit in deme belli euentus dubius er auffn fall beym leben erhalten wenn ia sonst alles im rauch auffgienge
524584,body,44,7,False,22,"Gott der himmliſche Vater hat vns ſeine gleubige gerecht feꝛtigte Chriſten/ hertzlich lieb/ das Hertz im Leibe bricht jhm gegen vns/ daß er ſich vnſer erbaꝛmen muß/ darmb zeucht er vns zu ſich aus lauter Guͤte/ Jerem. 31. & aperit nobis citòvitæ januam, ut Bernhardus loqvitur, ac tranſitum ad immortalitatem, ut Lactantius refert.",gott der himmliſche vater hat vns ſeine gleubige gerecht feꝛtigte chriſten hertzlich lieb das hertz im leibe bricht jhm gegen vns daß er ſich vnſer erbaꝛmen muß darmb zeucht er vns zu ſich aus lauter guͤte jerem & aperit nobis citòvitæ januam ut bernhardus loqvitur ac tranſitum ad immortalitatem ut lactantius refert,gott der himmlische uater hat uns seine gleubige gerecht fetigte christen hertzlich lieb das hertz im leibe bricht ihm gegen uns dass er sich unser erbamen muss darmb zeucht er uns zu sich aus lauter gute ierem et aperit nobis citouitae ianuam ut bernhardus loquitur ac transitum ad immortalitatem ut lactantius refert
524584,body,44,8,True,22,"O wie iſt die Barmhertzigkeit des Herrn ſo groß/ vnd leſt ſich gnaͤdig finden/ denen ſo ſich zu jhm kehren: ſolten wir billich ſagen mit Syrach/ cap. 17. Die Heyden haben es erkandt: Cicero exclamiret lib. 1. Tuſcul. qvæſtio: Proh Dii immortales, quàm illud iter jucundum eſſe debet, qvo confecto, nulla reliqva cura, nulla ſolicitudo futura. Menander:",o wie iſt die barmhertzigkeit des herrn ſo groß vnd leſt ſich gnaͤdig finden denen ſo ſich zu jhm kehren ſolten wir billich ſagen mit syrach cap die heyden haben es erkandt cicero exclamiret lib tuſcul qvæſtio proh dii immortales quàm illud iter jucundum eſſe debet qvo confecto nulla reliqva cura nulla ſolicitudo futura menander,o wie ist die barmhertzigkeit des herrn so gross und lest sich gnadig finden denen so sich zu ihm kehren solten wir billich sagen mit syrach cap die heyden haben es erkandt cicero exclamiret lib tuscul quaestio proh dii immortales quam illud iter iucundum esse debet quo confecto nulla reliqua cura nulla solicitudo futura menander
524584,body,45,0,True,22,Wen lieb hat Gott/ aus aller Noth,wen lieb hat gott aus aller noth,wen lieb hat gott aus aller noth
524584,body,46,0,True,22,Er bald nimpt weg durch ſanfften Tod.,er bald nimpt weg durch ſanfften tod,er bald nimpt weg durch sanfften tod
524584,body,47,0,True,22,Darumb wil ich dich zu deinen Vaͤtern ſamlen/ daß du mit frieden in dein Grab verſamlet werdeſt/ vnd deine Augen nicht ſehen alle das Vngluͤck/ das ich vber dieſe ſtaͤdte bringen wil/ ſaget Gott/ 2. Regum 22. zum frommen vnd von jhme geliebten Koͤnige Joſia.,darumb wil ich dich zu deinen vaͤtern ſamlen daß du mit frieden in dein grab verſamlet werdeſt vnd deine augen nicht ſehen alle das vngluͤck das ich vber dieſe ſtaͤdte bringen wil ſaget gott regum zum frommen vnd von jhme geliebten koͤnige joſia,darumb wil ich dich zu deinen uatern samlen dass du mit frieden in dein grab uersamlet werdest und deine augen nicht sehen alle das ungluck das ich uber diese stadte bringen wil saget gott regum zum frommen und uon ihme geliebten konige iosia
524584,body,48,0,False,22,"Weil denn Gott der Allmaͤchtige/ in deſſen Haͤnden die Zahl vnſerer Monden/ Job 14. vnd vnſere Zeit ſtehet/ Pſalm 31. in quo orimur & morimur, Job 10. Actor 17. Rom. 14. der da leſſet Menſchenkinder geboren werden/ zeucht ſie aus Mutterleibe/ Pſal. 22. vnd ſpricht: Kompt wider jhr Menſchenkinder/ Pſalm 90. auch hat laſſen ſterben/ vnd durch den zeitlichen Tod von dieſer Welt abfodern/ non de lapide emtum, nec pluvialibus fungis editum mancipium, wie die Heyden weiland genarret/ ſondern es iſt ein Fuͤrſt vnd ein groſſer gefallen oder geſtorben in Jſrael: ſagt Koͤnig David/ da Abner/ der Kriegs- vnd Feld Hauptmann todes verblichen/ 2. Samuel. 3. Sondern es iſt geſtorben eine vornehme Perſon/ verum veræ Eccleſiæ membrum, ein ſchoͤnes glidmaß der lieben Kirchen/ eine Chriſtliche Gottſelige Fraw/ Magnifica noſtra mortua, vnſere geſtrenge Fraw LandesHauptmaͤnnin iſt geſtorben/ vnd zwar in der beſten bluͤt/ im 34. Jahr jhres Alters/ welches/ nach Varronis Meynung/ recht biß zum 45. Jahr/ juventus vegetabilis, die beſte Flor iſt/ da ein Menſch allererſt recht lernet verſtehen/ was gut oder boͤſe/ daher es auch jhrem vielgeliebten/ hochbetruͤbten Herrn/ vnſerm wolverdieneten geſtrengen Herrn Landes Hauptmann wie leicht zu erachten/ vnd deſſen hertzlieben Kinderlein/ deſto hochkuͤmmerlicher fuͤrfellet/ ſintemal das recht bitterlichen ſchmertzt/ was hertzt/ qvæ ardenter diligimus habita, graviter ſuſpiramus ſublata, ſaget Gregorius.",weil denn gott der allmaͤchtige in deſſen haͤnden die zahl vnſerer monden job vnd vnſere zeit ſtehet pſalm in quo orimur & morimur job actor rom der da leſſet menſchenkinder geboren werden zeucht ſie aus mutterleibe pſal vnd ſpricht kompt wider jhr menſchenkinder pſalm auch hat laſſen ſterben vnd durch den zeitlichen tod von dieſer welt abfodern non de lapide emtum nec pluvialibus fungis editum mancipium wie die heyden weiland genarret ſondern es iſt ein fuͤrſt vnd ein groſſer gefallen oder geſtorben in jſrael ſagt koͤnig david da abner der kriegs vnd feld hauptmann todes verblichen samuel sondern es iſt geſtorben eine vornehme perſon verum veræ eccleſiæ membrum ein ſchoͤnes glidmaß der lieben kirchen eine chriſtliche gottſelige fraw magnifica noſtra mortua vnſere geſtrenge fraw landeshauptmaͤnnin iſt geſtorben vnd zwar in der beſten bluͤt im jahr jhres alters welches nach varronis meynung recht biß zum jahr juventus vegetabilis die beſte flor iſt da ein menſch allererſt recht lernet verſtehen was gut oder boͤſe daher es auch jhrem vielgeliebten hochbetruͤbten herrn vnſerm wolverdieneten geſtrengen herrn landes hauptmann wie leicht zu erachten vnd deſſen hertzlieben kinderlein deſto hochkuͤmmerlicher fuͤrfellet ſintemal das recht bitterlichen ſchmertzt was hertzt qvæ ardenter diligimus habita graviter ſuſpiramus ſublata ſaget gregorius,weil denn gott der allmachtige in dessen handen die zahl unserer monden iob und unsere zeit stehet psalm in quo orimur et morimur iob actor rom der da lesset menschenkinder geboren werden zeucht sie aus mutterleibe psal und spricht kompt wider ihr menschenkinder psalm auch hat lassen sterben und durch den zeitlichen tod uon dieser welt abfodern non de lapide emtum nec pluuialibus fungis editum mancipium wie die heyden weiland genarret sondern es ist ein furst und ein grosser gefallen oder gestorben in israel sagt konig dauid da abner der kriegs und feld hauptmann todes uerblichen samuel sondern es ist gestorben eine uornehme person uerum uerae ecclesiae membrum ein schones glidmass der lieben kirchen eine christliche gottselige fraw magnifica nostra mortua unsere gestrenge fraw landeshauptmannin ist gestorben und zwar in der besten blut im iahr ihres alters welches nach uarronis meynung recht biss zum iahr iuuentus uegetabilis die beste flor ist da ein mensch allererst recht lernet uerstehen was gut oder bose daher es auch ihrem uielgeliebten hochbetrubten herrn unserm woluerdieneten gestrengen herrn landes hauptmann wie leicht zu erachten und dessen hertzlieben kinderlein desto hochkummerlicher furfellet sintemal das recht bitterlichen schmertzt was hertzt quae ardenter diligimus habita grauiter suspiramus sublata saget gregorius
524584,body,48,1,True,23,Sie empfinden vnd fuͤhlen an jetzo/ was es geſaget ſey:,sie empfinden vnd fuͤhlen an jetzo was es geſaget ſey,sie empfinden und fuhlen an ietzo was es gesaget sey
524584,body,49,0,True,24,Kein groͤſſer Schmertz kan ſeyn auff Erdn/,kein groͤſſer schmertz kan ſeyn auff erdn,kein grosser schmertz kan seyn auff erdn
524584,body,50,0,True,24,Als wann durchn Tod getrennet werdn,als wann durchn tod getrennet werdn,als wann durchn tod getrennet werdn
524584,body,51,0,True,24,Zwey Hertzen in Gottſeligkeit/,zwey hertzen in gottſeligkeit,zwey hertzen in gottseligkeit
524584,body,52,0,True,24,So einander geliebt allzeit.,so einander geliebt allzeit,so einander geliebt allzeit
524584,body,53,0,False,24,"Vnd aber denen/ die Gott lieben/ alle ding muͤſſen zum beſten dienen/ Rom. 8. hat es vnſerm lieben HErꝛn Gott freylich auch alſo wolgefallen/ Sie iſt jhm lieb geweſen/ jhre Seele hat Gott gefallen/ Sie iſt in Gnad vnd Barmhertzigkeit geweſen/ Er hat ein ſonderliches auff ſehen/ auff dieſe ſeine Außerwehlte/ gehabt derwegen hat er ſie zeitlich gewieſen zur Ruhe/ hat ſie aus dem Leben vnter den Suͤndern weggenommen vnd hingeruckt/ daß nun nichts mehr jhren Verſtand vnd Seel betriegen noch betruͤben mag/ hat ſie bald laſſen vollkommen werden/ hat mit jhr geeilet aus dem boͤſen Leben: Denn Sie iſt auch der gerechtfertigten Chriſten eine geweſen/ die auffs Verdienſt/ Blut vnd Wunden jhres HErrn vnd Heylandes Jeſu Chriſti/ darvon Eſaiæ am 53. Joannes in ſeiner Canonica am 1. vnd Petrus in ſeiner erſten Epiſtel am 2. cap. reden/ jhre Gerechtigkeit/ Hoffnung vnd Seligkeit/ gegruͤndet/ gewiedmet vnd geſetzet/ Glorior in ſolo ſangvine Chriſte tuo, mit S. Paulo/ 1. Corinth. 2. iſt das jhr Ruhm geweſen/ daß ſie gewuſt vnd gegleubet/ Jeſum Chriſtum den Gecrentzigten/ hat dieſen jhren trawten vnd hochverdienten Erloͤſer vnd Seligmacher/ ſo feſt/ (wie man vom heiligen Ignatio ſagt/ daß jhme der Jeſus Name ins Hertze hinein geſtaͤmpffet/ vnd mit guͤldenen Buchſtaben geſchrieben geweſen.",vnd aber denen die gott lieben alle ding muͤſſen zum beſten dienen rom hat es vnſerm lieben herꝛn gott freylich auch alſo wolgefallen sie iſt jhm lieb geweſen jhre seele hat gott gefallen sie iſt in gnad vnd barmhertzigkeit geweſen er hat ein ſonderliches auff ſehen auff dieſe ſeine außerwehlte gehabt derwegen hat er ſie zeitlich gewieſen zur ruhe hat ſie aus dem leben vnter den suͤndern weggenommen vnd hingeruckt daß nun nichts mehr jhren verſtand vnd seel betriegen noch betruͤben mag hat ſie bald laſſen vollkommen werden hat mit jhr geeilet aus dem boͤſen leben denn sie iſt auch der gerechtfertigten chriſten eine geweſen die auffs verdienſt blut vnd wunden jhres herrn vnd heylandes jeſu chriſti darvon eſaiæ am joannes in ſeiner canonica am vnd petrus in ſeiner erſten epiſtel am cap reden jhre gerechtigkeit hoffnung vnd seligkeit gegruͤndet gewiedmet vnd geſetzet glorior in ſolo ſangvine chriſte tuo mit s paulo corinth iſt das jhr ruhm geweſen daß ſie gewuſt vnd gegleubet jeſum chriſtum den gecrentzigten hat dieſen jhren trawten vnd hochverdienten erloͤſer vnd seligmacher ſo feſt wie man vom heiligen ignatio ſagt daß jhme der jeſus name ins hertze hinein geſtaͤmpffet vnd mit guͤldenen buchſtaben geſchrieben geweſen,und aber denen die gott lieben alle ding mussen zum besten dienen rom hat es unserm lieben hern gott freylich auch also wolgefallen sie ist ihm lieb gewesen ihre seele hat gott gefallen sie ist in gnad und barmhertzigkeit gewesen er hat ein sonderliches auff sehen auff diese seine ausserwehlte gehabt derwegen hat er sie zeitlich gewiesen zur ruhe hat sie aus dem leben unter den sundern weggenommen und hingeruckt dass nun nichts mehr ihren uerstand und seel betriegen noch betruben mag hat sie bald lassen uollkommen werden hat mit ihr geeilet aus dem bosen leben denn sie ist auch der gerechtfertigten christen eine gewesen die auffs uerdienst blut und wunden ihres herrn und heylandes iesu christi daruon esaiae am ioannes in seiner canonica am und petrus in seiner ersten epistel am cap reden ihre gerechtigkeit hoffnung und seligkeit gegrundet gewiedmet und gesetzet glorior in solo sanguine christe tuo mit s paulo corinth ist das ihr ruhm gewesen dass sie gewust und gegleubet iesum christum den gecrentzigten hat diesen ihren trawten und hochuerdienten erloser und seligmacher so fest wie man uom heiligen ignatio sagt dass ihme der iesus name ins hertze hinein gestampffet und mit guldenen buchstaben geschrieben gewesen
524584,body,53,1,True,24,"Vnd in S. Claræ Hertzen ſol man auch das Bildnis des Creutzes Jeſu/ in coagulirtem Blut gefunden haben) in jhr Gottſeliges Hertz/ durch Glauben/ Hoffnung vnd vertrawen dermaſſen beſchloſſen/ daß ſie nicht allein mit S. Paulo zun Roͤmern am 8. cap. nichts ſcheiden moͤgen/ von der Liebe Gottes/ in Chriſto Jeſu jhrem Herrn/ ſondern ſie auch deſſen holdſeligen Jeſus Namen/ der da iſt ein Namen vber alle Namen/ Philip. 2. ſtarck nach einander/ etliche mal/ jhr zu beſonderm Troſt repetiret, ſelbſten fuͤrgeſprochen vnd widerholet hat/ in ipſo mortis articulo, vnd vnter dem Geſangs geſetz:",vnd in s claræ hertzen ſol man auch das bildnis des creutzes jeſu in coagulirtem blut gefunden haben in jhr gottſeliges hertz durch glauben hoffnung vnd vertrawen dermaſſen beſchloſſen daß ſie nicht allein mit s paulo zun roͤmern am cap nichts ſcheiden moͤgen von der liebe gottes in chriſto jeſu jhrem herrn ſondern ſie auch deſſen holdſeligen jeſus namen der da iſt ein namen vber alle namen philip ſtarck nach einander etliche mal jhr zu beſonderm troſt repetiret ſelbſten fuͤrgeſprochen vnd widerholet hat in ipſo mortis articulo vnd vnter dem geſangs geſetz,und in s clarae hertzen sol man auch das bildnis des creutzes iesu in coagulirtem blut gefunden haben in ihr gottseliges hertz durch glauben hoffnung und uertrawen dermassen beschlossen dass sie nicht allein mit s paulo zun romern am cap nichts scheiden mogen uon der liebe gottes in christo iesu ihrem herrn sondern sie auch dessen holdseligen iesus namen der da ist ein namen uber alle namen philip starck nach einander etliche mal ihr zu besonderm trost repetiret selbsten furgesprochen und widerholet hat in ipso mortis articulo und unter dem gesangs gesetz
524584,body,54,0,True,25,Jch bin ein Glied (HErr Jeſu) an deinem Leib/,jch bin ein glied herr jeſu an deinem leib,ich bin ein glied herr iesu an deinem leib
524584,body,55,0,True,25,Des troͤſt ich mich von Hertzen/,des troͤſt ich mich von hertzen,des trost ich mich uon hertzen
524584,body,56,0,True,25,Von dir ich vngeſcheiden bleib,von dir ich vngeſcheiden bleib,uon dir ich ungescheiden bleib
524584,body,57,0,True,25,In Todesnoth vnd ſchmertzen/ ꝛc.,in todesnoth vnd ſchmertzen ꝛc,in todesnoth und schmertzen c
524584,body,58,0,False,25,iſt ſelig eingeſchlaffen vnd hingezogen.,iſt ſelig eingeſchlaffen vnd hingezogen,ist selig eingeschlaffen und hingezogen
524584,body,58,1,False,25,"Sie iſt derer in erkentnis Gottes klugen Chriſtin eine geweſen/ hat gewuſt/ was ſie gleubete/ 2. Timoth. 1. hat in affirmativa vnd negativa, von Religionsſachen/ wiſſen zu reden/ iſt maͤchtig geweſen/ zu ermahnen durch Lehre/ vnd zu begegnen contradicentibus, den Wiederſprechern/ Tit. 1. hat koͤnnen rechenſchafft geben/ vom Grund jhrer Hoffnung/ 1. Petri 3. Sie iſt derer/ ſo eines vnbefleckten Wandels ſich befleiſſigen/ Chriſtin eine geweſen/ hat jhrem lieben Herrn in ehelicher Liebe vnd Trewe dermaſſen beygewohnet/ daß ſie jhm liebes vnd kein leides ſein Lebenlang gethan/ non eum niſi morte turbavit, Sein Hertz hat ſich kuͤhnlichen auff ſie moͤgen verlaſſen/ Proverb. 31. hat jhre trawte Kinderlein/ carum donum à cara manu, die Gaben vnd Geſchencke des Herrn/ Pſalm 127. in fleiſſiger Zucht vnd hertzlicher Vermahnunge in dem Herrn/ vermoͤge Apoſtoliſcher Erinnerung/ Epheſ. 6. ſorgfeltig aufferzogen.",sie iſt derer in erkentnis gottes klugen chriſtin eine geweſen hat gewuſt was ſie gleubete timoth hat in affirmativa vnd negativa von religionsſachen wiſſen zu reden iſt maͤchtig geweſen zu ermahnen durch lehre vnd zu begegnen contradicentibus den wiederſprechern tit hat koͤnnen rechenſchafft geben vom grund jhrer hoffnung petri sie iſt derer ſo eines vnbefleckten wandels ſich befleiſſigen chriſtin eine geweſen hat jhrem lieben herrn in ehelicher liebe vnd trewe dermaſſen beygewohnet daß ſie jhm liebes vnd kein leides ſein lebenlang gethan non eum niſi morte turbavit sein hertz hat ſich kuͤhnlichen auff ſie moͤgen verlaſſen proverb hat jhre trawte kinderlein carum donum à cara manu die gaben vnd geſchencke des herrn pſalm in fleiſſiger zucht vnd hertzlicher vermahnunge in dem herrn vermoͤge apoſtoliſcher erinnerung epheſ ſorgfeltig aufferzogen,sie ist derer in erkentnis gottes klugen christin eine gewesen hat gewust was sie gleubete timoth hat in affirmatiua und negatiua uon religionssachen wissen zu reden ist machtig gewesen zu ermahnen durch lehre und zu begegnen contradicentibus den wiedersprechern tit hat konnen rechenschafft geben uom grund ihrer hoffnung petri sie ist derer so eines unbefleckten wandels sich befleissigen christin eine gewesen hat ihrem lieben herrn in ehelicher liebe und trewe dermassen beygewohnet dass sie ihm liebes und kein leides sein lebenlang gethan non eum nisi morte turbauit sein hertz hat sich kuhnlichen auff sie mogen uerlassen prouerb hat ihre trawte kinderlein carum donum a cara manu die gaben und geschencke des herrn psalm in fleissiger zucht und hertzlicher uermahnunge in dem herrn uermoge apostolischer erinnerung ephes sorgfeltig aufferzogen
524584,body,58,2,True,26,"Hat/ wie Job am 29. cap: von ſich ſchreibet/ daß er ein Vater der Armen geweſen/ gegen Nothleidenden vnd Duͤrfftigen/ wie eine Mutter ſich erzeiget/ jhre Bruͤnnlein/ von dem reichen Segen Gottes/ auch reichlichen wieder heraus flieſſen laſſen/ Proverb. 5. vnd mit wolthun verſtopffet manchen Calumnianten vnd Leſterer/ 1. Petri 2. Darumb wir auch bey jhrem toͤdtlichen Abgang/ den heilſamen Kelch des Herrn/ Pſalm. 116. deſto eher vnnd mehr gehorſamlichen annemen/ daraus ein bitteres Trawer- vnd Klagetruͤncklein/ zwar geduͤltiglichen thun/ vnſerer ſeliglichen verſtorbenen Chriſtlichen Adelichen Fraw/ nach Syrachs cap. 38. vnd der Natur geheiß/ mit hertzlichem Betruͤbniß/ bitterlichem weinen/ vnd gebuͤrlichem Leide tragen/ zwar parentiren, aber vns des diei reſtitutionis omnium, des Frewdentages/ da ſol kommen vnd angehen die erquickung aller Betruͤbten vnd Trawrigen/ vor dem Angeſichte des Herrn/ Actor. 3. auch ſtarck beyneben erinnern/ in der troͤſtlichen Hoffnung vnd gewiſſen Zuverſicht/ muͤſſen wir jhr jetzt jaͤmmerig nachſehen vnd nachſagen:",hat wie job am cap von ſich ſchreibet daß er ein vater der armen geweſen gegen nothleidenden vnd duͤrfftigen wie eine mutter ſich erzeiget jhre bruͤnnlein von dem reichen segen gottes auch reichlichen wieder heraus flieſſen laſſen proverb vnd mit wolthun verſtopffet manchen calumnianten vnd leſterer petri darumb wir auch bey jhrem toͤdtlichen abgang den heilſamen kelch des herrn pſalm deſto eher vnnd mehr gehorſamlichen annemen daraus ein bitteres trawer vnd klagetruͤncklein zwar geduͤltiglichen thun vnſerer ſeliglichen verſtorbenen chriſtlichen adelichen fraw nach syrachs cap vnd der natur geheiß mit hertzlichem betruͤbniß bitterlichem weinen vnd gebuͤrlichem leide tragen zwar parentiren aber vns des diei reſtitutionis omnium des frewdentages da ſol kommen vnd angehen die erquickung aller betruͤbten vnd trawrigen vor dem angeſichte des herrn actor auch ſtarck beyneben erinnern in der troͤſtlichen hoffnung vnd gewiſſen zuverſicht muͤſſen wir jhr jetzt jaͤmmerig nachſehen vnd nachſagen,hat wie iob am cap uon sich schreibet dass er ein uater der armen gewesen gegen nothleidenden und durfftigen wie eine mutter sich erzeiget ihre brunnlein uon dem reichen segen gottes auch reichlichen wieder heraus fliessen lassen prouerb und mit wolthun uerstopffet manchen calumnianten und lesterer petri darumb wir auch bey ihrem todtlichen abgang den heilsamen kelch des herrn psalm desto eher unnd mehr gehorsamlichen annemen daraus ein bitteres trawer und klagetruncklein zwar gedultiglichen thun unserer seliglichen uerstorbenen christlichen adelichen fraw nach syrachs cap und der natur geheiss mit hertzlichem betrubniss bitterlichem weinen und geburlichem leide tragen zwar parentiren aber uns des diei restitutionis omnium des frewdentages da sol kommen und angehen die erquickung aller betrubten und trawrigen uor dem angesichte des herrn actor auch starck beyneben erinnern in der trostlichen hoffnung und gewissen zuuersicht mussen wir ihr ietzt iammerig nachsehen und nachsagen
524584,body,59,0,True,26,"wie Carolus Magnus, Rolando ſeinem Freunde/ das Epitaphium machte:",wie carolus magnus rolando ſeinem freunde das epitaphium machte,wie carolus magnus rolando seinem freunde das epitaphium machte
524584,body,60,0,True,26,Du zeuchſt hin ins recht Vaterland/,du zeuchſt hin ins recht vaterland,du zeuchst hin ins recht uaterland
524584,body,61,0,True,26,Leſt vns hier im betruͤbten Stand/,leſt vns hier im betruͤbten stand,lest uns hier im betrubten stand
524584,body,62,0,True,27,Du biſt jetzo ins Himmels Saal/,du biſt jetzo ins himmels saal,du bist ietzo ins himmels saal
524584,body,63,0,True,27,Wir kreiſtn vnd ſteckn noch im Jammerthal.,wir kreiſtn vnd ſteckn noch im jammerthal,wir kreistn und steckn noch im iammerthal
524584,body,64,0,True,27,"Ey/ veniet veniet tempus, in qvo etiam ſalvabitur Domini populus, Ey es wird kommen/ es wird kommen die Zeit/ ſagt ein Engel zum Propheten Daniel/ cap. 12. daß wir auch von allem Vbel errettet/ zu jhr/ wie der Koͤnig David/ 2. Sam. 12. von ſeinem Soͤhnlein ſagt/ mit Frewden vnd Wonne gelangen ſollen/ Da wird dann recht vnſer Mund wieder voll lachens/ vnd vnſere Lippen voll jauchzens ſeyn/ wie Job am 8. ſaget/ vnd ein Gottſeliges Hertz in bekandtem Leid/ in ſeiner Valediction die ſeinen darauff ſchoͤne gewieſen:",ey veniet veniet tempus in qvo etiam ſalvabitur domini populus ey es wird kommen es wird kommen die zeit ſagt ein engel zum propheten daniel cap daß wir auch von allem vbel errettet zu jhr wie der koͤnig david sam von ſeinem soͤhnlein ſagt mit frewden vnd wonne gelangen ſollen da wird dann recht vnſer mund wieder voll lachens vnd vnſere lippen voll jauchzens ſeyn wie job am ſaget vnd ein gottſeliges hertz in bekandtem leid in ſeiner valediction die ſeinen darauff ſchoͤne gewieſen,ey ueniet ueniet tempus in quo etiam saluabitur domini populus ey es wird kommen es wird kommen die zeit sagt ein engel zum propheten daniel cap dass wir auch uon allem ubel errettet zu ihr wie der konig dauid sam uon seinem sohnlein sagt mit frewden und wonne gelangen sollen da wird dann recht unser mund wieder uoll lachens und unsere lippen uoll iauchzens seyn wie iob am saget und ein gottseliges hertz in bekandtem leid in seiner ualediction die seinen darauff schone gewiesen
524584,body,65,0,True,27,Geſegn euch Gott der Herre/,geſegn euch gott der herre,gesegn euch gott der herre
524584,body,66,0,True,27,Jhr vielgeliebte mein/,jhr vielgeliebte mein,ihr uielgeliebte mein
524584,body,67,0,True,27,Weinet nicht alſo ſehre,weinet nicht alſo ſehre,weinet nicht also sehre
524584,body,68,0,True,27,Vber dem Abſchied mein/,vber dem abſchied mein,uber dem abschied mein
524584,body,69,0,True,27,Beſtendig bleibt im Glauben/,beſtendig bleibt im glauben,bestendig bleibt im glauben
524584,body,70,0,True,27,Wir werden in kurtzer Zeit,wir werden in kurtzer zeit,wir werden in kurtzer zeit
524584,body,71,0,True,27,Einander wieder ſchawen/,einander wieder ſchawen,einander wieder schawen
524584,body,72,0,True,27,Dort in der Ewigkeit.,dort in der ewigkeit,dort in der ewigkeit
524584,body,73,0,True,27,"Haben derhalben (ne fuſius hæc tractando, aliis materiam præripiamus dicendi) den Adelichen im Tode verblichenen Coͤrper/ deme wir eine ſanffte vnd ſelige Ruhe/ vnter dem Macht Schatten der Fluͤgel Gottes/ vnd am Juͤngſten Tage zum ewigen FrewdenLeben eine froͤliche Aufferſtehung/ vnd denen deſſenwegen hochbetruͤbten vnd jaͤmmerigen/ des HErrn Chriſti Außſpruch/ Matthæi am 5. Capitel: Selig ſind/ die da leide tragen/ Denn ſie ſollen getroͤſtet werden/ hertzlich wuͤntſchen/ nunmehr auff/ fahren in vnſerm Chriſtlichem Begaͤngniß fort/ folgen nach die LeichStraſſen/ vnd ſchicken vns auch mit hoͤchſtem Fleiß/ daß der Todt/ verleihe es vns/ O du werthe/ hochgelobte heilige Dreyfaltigkeit/ vns auch dermaleines/ nach Gottes Willen/ komme Chriſtlicher vnd ſeliger weiß/ AMEN.",haben derhalben ne fuſius hæc tractando aliis materiam præripiamus dicendi den adelichen im tode verblichenen coͤrper deme wir eine ſanffte vnd ſelige ruhe vnter dem macht schatten der fluͤgel gottes vnd am juͤngſten tage zum ewigen frewdenleben eine froͤliche aufferſtehung vnd denen deſſenwegen hochbetruͤbten vnd jaͤmmerigen des herrn chriſti außſpruch matthæi am capitel selig ſind die da leide tragen denn ſie ſollen getroͤſtet werden hertzlich wuͤntſchen nunmehr auff fahren in vnſerm chriſtlichem begaͤngniß fort folgen nach die leichstraſſen vnd ſchicken vns auch mit hoͤchſtem fleiß daß der todt verleihe es vns o du werthe hochgelobte heilige dreyfaltigkeit vns auch dermaleines nach gottes willen komme chriſtlicher vnd ſeliger weiß amen,haben derhalben ne fusius haec tractando aliis materiam praeripiamus dicendi den adelichen im tode uerblichenen corper deme wir eine sanffte und selige ruhe unter dem macht schatten der flugel gottes und am iungsten tage zum ewigen frewdenleben eine froliche aufferstehung und denen dessenwegen hochbetrubten und iammerigen des herrn christi aussspruch matthaei am capitel selig sind die da leide tragen denn sie sollen getrostet werden hertzlich wuntschen nunmehr auff fahren in unserm christlichem begangniss fort folgen nach die leichstrassen und schicken uns auch mit hochstem fleiss dass der todt uerleihe es uns o du werthe hochgelobte heilige dreyfaltigkeit uns auch dermaleines nach gottes willen komme christlicher und seliger weiss amen
524584,head,74,0,False,29,"Ein ander Modus Tractandi, Eben obiges Textes.",ein ander modus tractandi eben obiges textes,ein ander modus tractandi eben obiges textes
524584,head,74,1,True,29,"Vor dreyzehen Jahren gethan/ Beym Begraͤbnuͤß/ des Edlen/ Ehrenvheſten/ Wolbenambten Herrn Niclas von Seidlitz vnd Fuͤrſtenaw/ auff Golitſch/ ꝛc. geliebten juͤngſten Soͤhnleins/ Sebastiani, & c. ſo in der vier vnd zwantzigſten Wochen vnd dem vierdten Tage ſeines Alters/ im Herrn ſanfft eingeſchlaffen vnd verſchieden/ ꝛc. Subjungiret Pio, conſolationis ergò, ſtudio, & c.",vor dreyzehen jahren gethan beym begraͤbnuͤß des edlen ehrenvheſten wolbenambten herrn niclas von seidlitz vnd fuͤrſtenaw auff golitſch ꝛc geliebten juͤngſten soͤhnleins sebastiani & c ſo in der vier vnd zwantzigſten wochen vnd dem vierdten tage ſeines alters im herrn ſanfft eingeſchlaffen vnd verſchieden ꝛc subjungiret pio conſolationis ergò ſtudio & c,uor dreyzehen iahren gethan beym begrabnuss des edlen ehrenuhesten wolbenambten herrn niclas uon seidlitz und furstenaw auff golitsch c geliebten iungsten sohnleins sebastiani et c so in der uier und zwantzigsten wochen und dem uierdten tage seines alters im herrn sanfft eingeschlaffen und uerschieden c subiungiret pio consolationis ergo studio et c
524584,head,75,0,True,29,EXORDIUM.,exordium,exordium
524584,body,76,0,False,29,JM andern Buch Samuelis am 12. cap. wird vns/ meine Geliebten/ am Koͤnige David fuͤrgeſtellet/ eine ſonderliche That vnd Geſchichte: Denn als ſein liebes Soͤhnlein/ welches er mit der ſchoͤnen Bathſeba gezeuget hatte/ toͤdtlichen kranck lieget/ geraͤth er daruͤber in groſſe Trawrigkeit vnd wird ſo jammerig vnd harmig/ daß er ſich auch ſeine Elteſten vnd fuͤrembſten Raͤthe nicht troͤſten noch befrieden laſſen wil/ Da es aber am ſiebenden Tage ſtirbet/ ſtehet er auff von der Erden/ waͤſchet vnd ſalbet ſich/ legt andere Kleider an/ gehet ins Hauß des Herrn/ verrichtet den Gottesdienſt/ helt/ als er wieder heimkoͤmpt/ Koͤnigliche Tafel/ vnd beſcheidet ſeine Diener/ die jhn ſolches ſeines beginnens/ warumb er/ da doch das krancke Kindlein noch gelebet/ mit faſten vnd weinen ſo klaͤglich ſich gebendet habe/ jetzt aber/ da es anhin vnd geſtorben ſey/ mit auffſtehen/ ſchmuͤcken/ Speiſe nemen/ vnd anderm/ ſich ſo behertzt erztige/ zu rede ſtellen/ mit der vernuͤnfftigen Antwort: Vmb das Kind faſtete ich vnd weinete/ da es lebete/ denn ich gedachte/ wer weis/ ob mir der Herr gnaͤdig wird/ daß das Kind lebendig bleibe/ nun es aber todt iſt/ was ſol ich faſten?,jm andern buch samuelis am cap wird vns meine geliebten am koͤnige david fuͤrgeſtellet eine ſonderliche that vnd geſchichte denn als ſein liebes soͤhnlein welches er mit der ſchoͤnen bathſeba gezeuget hatte toͤdtlichen kranck lieget geraͤth er daruͤber in groſſe trawrigkeit vnd wird ſo jammerig vnd harmig daß er ſich auch ſeine elteſten vnd fuͤrembſten raͤthe nicht troͤſten noch befrieden laſſen wil da es aber am ſiebenden tage ſtirbet ſtehet er auff von der erden waͤſchet vnd ſalbet ſich legt andere kleider an gehet ins hauß des herrn verrichtet den gottesdienſt helt als er wieder heimkoͤmpt koͤnigliche tafel vnd beſcheidet ſeine diener die jhn ſolches ſeines beginnens warumb er da doch das krancke kindlein noch gelebet mit faſten vnd weinen ſo klaͤglich ſich gebendet habe jetzt aber da es anhin vnd geſtorben ſey mit auffſtehen ſchmuͤcken speiſe nemen vnd anderm ſich ſo behertzt erztige zu rede ſtellen mit der vernuͤnfftigen antwort vmb das kind faſtete ich vnd weinete da es lebete denn ich gedachte wer weis ob mir der herr gnaͤdig wird daß das kind lebendig bleibe nun es aber todt iſt was ſol ich faſten,im andern buch samuelis am cap wird uns meine geliebten am konige dauid furgestellet eine sonderliche that und geschichte denn als sein liebes sohnlein welches er mit der schonen bathseba gezeuget hatte todtlichen kranck lieget gerath er daruber in grosse trawrigkeit und wird so iammerig und harmig dass er sich auch seine eltesten und furembsten rathe nicht trosten noch befrieden lassen wil da es aber am siebenden tage stirbet stehet er auff uon der erden waschet und salbet sich legt andere kleider an gehet ins hauss des herrn uerrichtet den gottesdienst helt als er wieder heimkompt konigliche tafel und bescheidet seine diener die ihn solches seines beginnens warumb er da doch das krancke kindlein noch gelebet mit fasten und weinen so klaglich sich gebendet habe ietzt aber da es anhin und gestorben sey mit auffstehen schmucken speise nemen und anderm sich so behertzt erztige zu rede stellen mit der uernunfftigen antwort umb das kind fastete ich und weinete da es lebete denn ich gedachte wer weis ob mir der herr gnadig wird dass das kind lebendig bleibe nun es aber todt ist was sol ich fasten
524584,body,76,1,False,30,Kan ich jhn auch wieder holen?,kan ich jhn auch wieder holen,kan ich ihn auch wieder holen
524584,body,76,2,True,30,Jch werde wol zu jhm fahren/ es koͤmmet aber nicht wieder zu mir.,jch werde wol zu jhm fahren es koͤmmet aber nicht wieder zu mir,ich werde wol zu ihm fahren es kommet aber nicht wieder zu mir
524584,body,77,0,True,30,"Solchem Exempel ſolten billich alle Gottſelige Eltern auch heutiges Tages folgen vnd nachkommen/ vnd ſich vber dem Tode vnd Abſterben der jhren (die ſie zuvor/ als ſie noch auffm Kreiſt-vnd Todtbettlein gelegen/ durch glaͤubiges Gebet/ Gott dem Herrn in ſeine allmaͤchtige Haͤnde/ zum Leben vnd Geſundheit/ oder zum ſeligen Tode vnd Abſchied/ nach ſeinem vaͤterlichen Willen/ der allezeit iſt der beſte/ es mit jhnen zu machen) reſigniret vnd befohlen haben) nicht zu tieff hermen noch graͤmen/ ſondern mit der ſeligen remigration vnd divinæ voluntatis ordination, daß es Gott dem Herrn alſo gefallen/ vnd wir einander in jenem Leben auch wieder ſehen ſollen/ auffrichten vnd troͤſten/ Aber weil es nicht flugs eines jeglichen Menſchen thun iſt/ in anſehung deſſen/ was der alte Pater Auguſtinus ſaget: Fieri non poteſt, ut nobis illius mors amara non ſit, cujus dulcis erat vita, Welche vns im Leben hertzlich lieb geweſen ſeyn/ derer Abſchied vnd ſterben bringet vns auch ſcharffe Schmertzen/ vnd rechte Hertzens Pein/ Kinderlein ſeyn das liebſte vnd thewreſte Pfand im Leben/ darumb jhr Verluſt vnd Todt/ ohne graͤmen/ winſeln/ weinen vnd klagen/ auch nicht wol abgehen kan/ ſo koͤmmet die heilige Schrifft vnſerer Schwachheit zu huͤlffe vnd ſtewer/ vnd richtet in dieſem Fall/ Chriſtliche Eltern/ hin vnd wieder/ mit ſchoͤnem vnd gewaltigem Troſte auff.",solchem exempel ſolten billich alle gottſelige eltern auch heutiges tages folgen vnd nachkommen vnd ſich vber dem tode vnd abſterben der jhren die ſie zuvor als ſie noch auffm kreiſtvnd todtbettlein gelegen durch glaͤubiges gebet gott dem herrn in ſeine allmaͤchtige haͤnde zum leben vnd geſundheit oder zum ſeligen tode vnd abſchied nach ſeinem vaͤterlichen willen der allezeit iſt der beſte es mit jhnen zu machen reſigniret vnd befohlen haben nicht zu tieff hermen noch graͤmen ſondern mit der ſeligen remigration vnd divinæ voluntatis ordination daß es gott dem herrn alſo gefallen vnd wir einander in jenem leben auch wieder ſehen ſollen auffrichten vnd troͤſten aber weil es nicht flugs eines jeglichen menſchen thun iſt in anſehung deſſen was der alte pater auguſtinus ſaget fieri non poteſt ut nobis illius mors amara non ſit cujus dulcis erat vita welche vns im leben hertzlich lieb geweſen ſeyn derer abſchied vnd ſterben bringet vns auch ſcharffe schmertzen vnd rechte hertzens pein kinderlein ſeyn das liebſte vnd thewreſte pfand im leben darumb jhr verluſt vnd todt ohne graͤmen winſeln weinen vnd klagen auch nicht wol abgehen kan ſo koͤmmet die heilige schrifft vnſerer schwachheit zu huͤlffe vnd ſtewer vnd richtet in dieſem fall chriſtliche eltern hin vnd wieder mit ſchoͤnem vnd gewaltigem troſte auff,solchem exempel solten billich alle gottselige eltern auch heutiges tages folgen und nachkommen und sich uber dem tode und absterben der ihren die sie zuuor als sie noch auffm kreistund todtbettlein gelegen durch glaubiges gebet gott dem herrn in seine allmachtige hande zum leben und gesundheit oder zum seligen tode und abschied nach seinem uaterlichen willen der allezeit ist der beste es mit ihnen zu machen resigniret und befohlen haben nicht zu tieff hermen noch gramen sondern mit der seligen remigration und diuinae uoluntatis ordination dass es gott dem herrn also gefallen und wir einander in ienem leben auch wieder sehen sollen auffrichten und trosten aber weil es nicht flugs eines ieglichen menschen thun ist in ansehung dessen was der alte pater augustinus saget fieri non potest ut nobis illius mors amara non sit cuius dulcis erat uita welche uns im leben hertzlich lieb gewesen seyn derer abschied und sterben bringet uns auch scharffe schmertzen und rechte hertzens pein kinderlein seyn das liebste und thewreste pfand im leben darumb ihr uerlust und todt ohne gramen winseln weinen und klagen auch nicht wol abgehen kan so kommet die heilige schrifft unserer schwachheit zu hulffe und stewer und richtet in diesem fall christliche eltern hin und wieder mit schonem und gewaltigem troste auff
524584,body,78,0,True,31,Deſſen ſchlages iſt auch vnſer jetzt abgeleſener Text/ darinnen von der lieben Jugend fruͤezeitigem Tode vnd Abſterben/ vnd deſſen Nutz vnd Frommen/ nach der lenge geredet wird/ Darumb wir auch ſolchen/ mit beſonderem bedacht/ bey Adelicher Beſtattung dieſes Kindleins/ an die Hand genommen haben/ vnnd wollen zu dieſem mal/ folgendes einiges LehrStuͤcke/ allen betruͤbten Eltern/ vber toͤdtlichem Abgange der jhren/ zu Troſte anhoͤren vnd beſehen/ nemlich:,deſſen ſchlages iſt auch vnſer jetzt abgeleſener text darinnen von der lieben jugend fruͤezeitigem tode vnd abſterben vnd deſſen nutz vnd frommen nach der lenge geredet wird darumb wir auch ſolchen mit beſonderem bedacht bey adelicher beſtattung dieſes kindleins an die hand genommen haben vnnd wollen zu dieſem mal folgendes einiges lehrstuͤcke allen betruͤbten eltern vber toͤdtlichem abgange der jhren zu troſte anhoͤren vnd beſehen nemlich,dessen schlages ist auch unser ietzt abgelesener text darinnen uon der lieben iugend fruezeitigem tode und absterben und dessen nutz und frommen nach der lenge geredet wird darumb wir auch solchen mit besonderem bedacht bey adelicher bestattung dieses kindleins an die hand genommen haben unnd wollen zu diesem mal folgendes einiges lehrstucke allen betrubten eltern uber todtlichem abgange der ihren zu troste anhoren und besehen nemlich
524584,body,79,0,True,32,Wie ſanfft vnd wol vnſer Herr Gott alle den jenigen thue vnd mitfahre/ welche er in jhrer bluͤenden vnd zarten Jugend/ durch den zeitlichen Tod von dieſer Welt ab fodert/ vnd zu ſich zeucht.,wie ſanfft vnd wol vnſer herr gott alle den jenigen thue vnd mitfahre welche er in jhrer bluͤenden vnd zarten jugend durch den zeitlichen tod von dieſer welt ab fodert vnd zu ſich zeucht,wie sanfft und wol unser herr gott alle den ienigen thue und mitfahre welche er in ihrer bluenden und zarten iugend durch den zeitlichen tod uon dieser welt ab fodert und zu sich zeucht
524584,body,80,0,True,32,GOtt der Allmaͤchtige gebe vns darzu ſeine Gnade vnd Segen/ Amen.,gott der allmaͤchtige gebe vns darzu ſeine gnade vnd segen amen,gott der allmachtige gebe uns darzu seine gnade und segen amen
524584,head,81,0,True,32,EXPOSITIO.,expositio,expositio
524584,body,82,0,True,32,GElangende nun/ meine Geliebten/ vnſer einiges fuͤrgenommenes Puͤnctlein/ wie ſanfft vnd wol vnſer Herr Gott alle den jenigen thue vnd mitfahre/ welche er in jhrer bluͤenden vnd zarten Jugend/ durch den zeitlichen Tod von dieſer Welt abfodert vnd zu ſich zeucht/ ſo iſt vns daran nicht ſchlecht vnd wenig gelegen: Denn wenn vnſer Herr Gott ſo ein betruͤbtes Leid vber vns ergehen leſſet/ vnd reiſſet vns ein ſtuͤcke vom Hertzen/ vnſere freundliche liebe Kinderlein/ welche von Hertzen kommen/ vnd darumb auch freylich wieder zu Hertzen gehen/ vnd leſſet vns ſolchen mit ſchmertzlichen Augen nach ſehen/ ſo duͤnckts gemeiniglich vns Eltern ein ebener harter Druck/ vnd vnfreundlicher VaterKuß zu ſeyn/ vnd tragen die Beyſorge/ es geſchehe aus groſſem Zorn vnd Vngnade Gottes/ der vns vnd den vnſern/ fuͤr andern Leuten feind ſey/ vnd darumb ſonderlichen ſolche ZornExempel an vns ſtatuire vnd außuͤbe/ Darumb der heilige Geiſt eine ſchoͤne vnd hohe Rhetoricam gebrauchet/ vnd die Vrſach vnd Meynung/ vmb welcher willen es von Gott geſchehe/ mit mercklichen worten anzeiget/ in dem er das zeitliche Leben mit fuͤnff hochbeſchwerlichen/ klaͤglichen Gefaͤhrligkeiten vns fuͤr augen helt vnd beſchreibet/ vnd die fruͤe/ zeitlich/ vnd bald in jhrer Jugend geſtorbenen/ vor recht gluͤckſelige Leute/ denen vber alle maſſe wol geſchehen/ vnd denen auch von Rechtswegen/ jhre verhoffete Beſſerung vnd koͤſtliche Wolfarth/ von maͤnniglichen hertzlich zu goͤnnen vnd zuwuͤntſchen ſey/ ruͤhmet vnd herausſtreichet.,gelangende nun meine geliebten vnſer einiges fuͤrgenommenes puͤnctlein wie ſanfft vnd wol vnſer herr gott alle den jenigen thue vnd mitfahre welche er in jhrer bluͤenden vnd zarten jugend durch den zeitlichen tod von dieſer welt abfodert vnd zu ſich zeucht ſo iſt vns daran nicht ſchlecht vnd wenig gelegen denn wenn vnſer herr gott ſo ein betruͤbtes leid vber vns ergehen leſſet vnd reiſſet vns ein ſtuͤcke vom hertzen vnſere freundliche liebe kinderlein welche von hertzen kommen vnd darumb auch freylich wieder zu hertzen gehen vnd leſſet vns ſolchen mit ſchmertzlichen augen nach ſehen ſo duͤnckts gemeiniglich vns eltern ein ebener harter druck vnd vnfreundlicher vaterkuß zu ſeyn vnd tragen die beyſorge es geſchehe aus groſſem zorn vnd vngnade gottes der vns vnd den vnſern fuͤr andern leuten feind ſey vnd darumb ſonderlichen ſolche zornexempel an vns ſtatuire vnd außuͤbe darumb der heilige geiſt eine ſchoͤne vnd hohe rhetoricam gebrauchet vnd die vrſach vnd meynung vmb welcher willen es von gott geſchehe mit mercklichen worten anzeiget in dem er das zeitliche leben mit fuͤnff hochbeſchwerlichen klaͤglichen gefaͤhrligkeiten vns fuͤr augen helt vnd beſchreibet vnd die fruͤe zeitlich vnd bald in jhrer jugend geſtorbenen vor recht gluͤckſelige leute denen vber alle maſſe wol geſchehen vnd denen auch von rechtswegen jhre verhoffete beſſerung vnd koͤſtliche wolfarth von maͤnniglichen hertzlich zu goͤnnen vnd zuwuͤntſchen ſey ruͤhmet vnd herausſtreichet,gelangende nun meine geliebten unser einiges furgenommenes punctlein wie sanfft und wol unser herr gott alle den ienigen thue und mitfahre welche er in ihrer bluenden und zarten iugend durch den zeitlichen tod uon dieser welt abfodert und zu sich zeucht so ist uns daran nicht schlecht und wenig gelegen denn wenn unser herr gott so ein betrubtes leid uber uns ergehen lesset und reisset uns ein stucke uom hertzen unsere freundliche liebe kinderlein welche uon hertzen kommen und darumb auch freylich wieder zu hertzen gehen und lesset uns solchen mit schmertzlichen augen nach sehen so dunckts gemeiniglich uns eltern ein ebener harter druck und unfreundlicher uaterkuss zu seyn und tragen die beysorge es geschehe aus grossem zorn und ungnade gottes der uns und den unsern fur andern leuten feind sey und darumb sonderlichen solche zornexempel an uns statuire und aussube darumb der heilige geist eine schone und hohe rhetoricam gebrauchet und die ursach und meynung umb welcher willen es uon gott geschehe mit mercklichen worten anzeiget in dem er das zeitliche leben mit funff hochbeschwerlichen klaglichen gefahrligkeiten uns fur augen helt und beschreibet und die frue zeitlich und bald in ihrer iugend gestorbenen uor recht gluckselige leute denen uber alle masse wol geschehen und denen auch uon rechtswegen ihre uerhoffete besserung und kostliche wolfarth uon manniglichen hertzlich zu gonnen und zuwuntschen sey ruhmet und herausstreichet
524584,body,83,0,False,33,"Die erſte hochbeſchwerliche/ klaͤgliche Gefaͤhrligkeit dieſes Lebens iſt/ qvòd ſit laborioſa, daß es ein vnruhiges/ muͤheſames Leben ſey/ welches der heilige Geiſt in denen worten andeutet/ da er ſaget: Der Gerechte/ ob er gleich zu zeitlich ſtirbet/ iſt er doch in der Ruhe.",die erſte hochbeſchwerliche klaͤgliche gefaͤhrligkeit dieſes lebens iſt qvòd ſit laborioſa daß es ein vnruhiges muͤheſames leben ſey welches der heilige geiſt in denen worten andeutet da er ſaget der gerechte ob er gleich zu zeitlich ſtirbet iſt er doch in der ruhe,die erste hochbeschwerliche klagliche gefahrligkeit dieses lebens ist quod sit laboriosa dass es ein unruhiges muhesames leben sey welches der heilige geist in denen worten andeutet da er saget der gerechte ob er gleich zu zeitlich stirbet ist er doch in der ruhe
524584,body,83,1,False,33,"Seynd oder kommen nun die gerechten geſtorbenen erſt zur Ruhe/ ſo muͤſſen die Lebendigen ja hier in lauter Arbeit/ Muͤhe vnd Vnruhe ſeyn/ wie nicht allein alle Heiligen Gottes/ von einer Zeit zu der andern/ ſolches beſeufftzet vnd beklaget haben/ Als Geneſis am ſieben vnd viertzigſten Capitel antwortet der Patriarch Jacob/ bey welches lebezeiten/ dennoch/ das aureum ſeculum, die guͤldene gute Zeit/ noch gewaltet/ dem Koͤnige Pharaoni, da er jhn vmb ſein Alter fraget/ alſo: Die Zeit meiner Wallfarth iſt hundert vnd dreiſſig Jahr/ wenig vnd boͤſe iſt die Zeit meines Lebens/ vnd langet nicht an die Zeit meiner Vaͤter/ in jhrer Wallfarth.",seynd oder kommen nun die gerechten geſtorbenen erſt zur ruhe ſo muͤſſen die lebendigen ja hier in lauter arbeit muͤhe vnd vnruhe ſeyn wie nicht allein alle heiligen gottes von einer zeit zu der andern ſolches beſeufftzet vnd beklaget haben als geneſis am ſieben vnd viertzigſten capitel antwortet der patriarch jacob bey welches lebezeiten dennoch das aureum ſeculum die guͤldene gute zeit noch gewaltet dem koͤnige pharaoni da er jhn vmb ſein alter fraget alſo die zeit meiner wallfarth iſt hundert vnd dreiſſig jahr wenig vnd boͤſe iſt die zeit meines lebens vnd langet nicht an die zeit meiner vaͤter in jhrer wallfarth,seynd oder kommen nun die gerechten gestorbenen erst zur ruhe so mussen die lebendigen ia hier in lauter arbeit muhe und unruhe seyn wie nicht allein alle heiligen gottes uon einer zeit zu der andern solches beseufftzet und beklaget haben als genesis am sieben und uiertzigsten capitel antwortet der patriarch iacob bey welches lebezeiten dennoch das aureum seculum die guldene gute zeit noch gewaltet dem konige pharaoni da er ihn umb sein alter fraget also die zeit meiner wallfarth ist hundert und dreissig iahr wenig und bose ist die zeit meines lebens und langet nicht an die zeit meiner uater in ihrer wallfarth
524584,body,83,2,False,34,Deßgleichen ſpricht auch Job der hochverſuchte vnd vielgeplagte Maͤrterer/ in ſeinem Buche am ſiebenden Capitel: Muß nicht der Menſch jmmer im Streit ſeyn auff Erden/ vnd ſeine Tage ſind wie eines Tageloͤhners?,deßgleichen ſpricht auch job der hochverſuchte vnd vielgeplagte maͤrterer in ſeinem buche am ſiebenden capitel muß nicht der menſch jmmer im streit ſeyn auff erden vnd ſeine tage ſind wie eines tageloͤhners,dessgleichen spricht auch iob der hochuersuchte und uielgeplagte marterer in seinem buche am siebenden capitel muss nicht der mensch immer im streit seyn auff erden und seine tage sind wie eines tagelohners
524584,body,83,3,False,34,Wie ein Knecht ſehnet ſich nach dem Schatten/ vnd ein Tageloͤhner/ daß ſeine Arbeit aus ſey: Alſo habe ich wol gantze Monden vergeblich gearbeitet/ vnd elender Nacht ſind mir viel worden.,wie ein knecht ſehnet ſich nach dem schatten vnd ein tageloͤhner daß ſeine arbeit aus ſey alſo habe ich wol gantze monden vergeblich gearbeitet vnd elender nacht ſind mir viel worden,wie ein knecht sehnet sich nach dem schatten und ein tagelohner dass seine arbeit aus sey also habe ich wol gantze monden uergeblich gearbeitet und elender nacht sind mir uiel worden
524584,body,83,4,False,34,"Vnd Moyſes der wunderbahre Prophet/ vnd von GOTT hochbegabete Mann/ ſaget im neuntzigſten Pſalm/ den man ſein Gebet nennet: Vnſer Leben wehꝛet ſiebenzig Jahr/ Wenns hoch koͤmpt/ ſo ſinds achtzig Jahr/ Vnd wenns koͤſtlich geweſen iſt/ ſo iſts Muͤhe vnd Arbeit geweſen: Sondern es iſt auch bey den weiſen Heyden manche jammerige deploration daruͤber zu finden/ wie ſonderlichen am Ariſtotele dem fuͤrtrefflichen Manne vnd gewaltigen Philoſopho zu ſehen/ welcher/ da er gefraget wurde/ was des Menſchen Leben eigentlichen were/ alſo geantwortet hat: ἀσϑενείας ὑπόδειγμα, καιροῦ λάφυρον, τύχης παίγνιον, μεταπτώσεως εἰκὼν, φϑόνου καὶ συμφορᾶς πλάστιγξ: τὸ δὲ λοιπὸν φλέγμα καὶ χολὴ.",vnd moyſes der wunderbahre prophet vnd von gott hochbegabete mann ſaget im neuntzigſten pſalm den man ſein gebet nennet vnſer leben wehꝛet ſiebenzig jahr wenns hoch koͤmpt ſo ſinds achtzig jahr vnd wenns koͤſtlich geweſen iſt ſo iſts muͤhe vnd arbeit geweſen sondern es iſt auch bey den weiſen heyden manche jammerige deploration daruͤber zu finden wie ſonderlichen am ariſtotele dem fuͤrtrefflichen manne vnd gewaltigen philoſopho zu ſehen welcher da er gefraget wurde was des menſchen leben eigentlichen were alſo geantwortet hat ἀσϑενείας ὑπόδειγμα καιροῦ λάφυρον τύχης παίγνιον μεταπτώσεως εἰκὼν φϑόνου καὶ συμφορᾶς πλάστιγξ τὸ δὲ λοιπὸν φλέγμα καὶ χολὴ,und moyses der wunderbahre prophet und uon gott hochbegabete mann saget im neuntzigsten psalm den man sein gebet nennet unser leben wehet siebenzig iahr wenns hoch kompt so sinds achtzig iahr und wenns kostlich gewesen ist so ists muhe und arbeit gewesen sondern es ist auch bey den weisen heyden manche iammerige deploration daruber zu finden wie sonderlichen am aristotele dem furtrefflichen manne und gewaltigen philosopho zu sehen welcher da er gefraget wurde was des menschen leben eigentlichen were also geantwortet hat
524584,body,83,5,False,34,Das iſt/ es ſey eine ſtete Schwachheit vnd Vnvermoͤgligkeit/ werde von der Zeit gleich geraubet/ vnd ehe man ſich es verſiehet/ abgekuͤrtzet/ ſey ein rechtes Geuckelſpiel des Gluͤcks vnd Vngluͤcks/ ein vnbeſtendiges wanckendes Weſen/ voller Feindſchafft vnd neiden/ wann es einem wolgehet/ vnd voller Plag vnd Leiden/ wann es jhm vbel gehet/ das vbrige aber/ voller Koths/ Stancks vnd Vnflats/ vnd ein gebrechlicher/ duͤrffeiger vnd elender Madenſack.,das iſt es ſey eine ſtete schwachheit vnd vnvermoͤgligkeit werde von der zeit gleich geraubet vnd ehe man ſich es verſiehet abgekuͤrtzet ſey ein rechtes geuckelſpiel des gluͤcks vnd vngluͤcks ein vnbeſtendiges wanckendes weſen voller feindſchafft vnd neiden wann es einem wolgehet vnd voller plag vnd leiden wann es jhm vbel gehet das vbrige aber voller koths stancks vnd vnflats vnd ein gebrechlicher duͤrffeiger vnd elender madenſack,das ist es sey eine stete schwachheit und unuermogligkeit werde uon der zeit gleich geraubet und ehe man sich es uersiehet abgekurtzet sey ein rechtes geuckelspiel des glucks und unglucks ein unbestendiges wanckendes wesen uoller feindschafft und neiden wann es einem wolgehet und uoller plag und leiden wann es ihm ubel gehet das ubrige aber uoller koths stancks und unflats und ein gebrechlicher durffeiger und elender madensack
524584,body,83,6,True,35,"Gleichermaſſen leſſet ſich auch Euripides verlauten: Vitam hanc miſeram atque caducam, tantis repletam eſſe malis, ut nullum tàm grave poſsit dici verbum, neque affectio, cujus molem natura hominis non ferat.",gleichermaſſen leſſet ſich auch euripides verlauten vitam hanc miſeram atque caducam tantis repletam eſſe malis ut nullum tàm grave poſsit dici verbum neque affectio cujus molem natura hominis non ferat,gleichermassen lesset sich auch euripides uerlauten uitam hanc miseram atque caducam tantis repletam esse malis ut nullum tam graue possit dici uerbum neque affectio cuius molem natura hominis non ferat
524584,body,84,0,True,35,Das iſt:,das iſt,das ist
524584,body,85,0,True,35,Vnſer Leben zu dieſer friſt/,vnſer leben zu dieſer friſt,unser leben zu dieser frist
524584,body,86,0,True,35,So voller Angſt vnd Jammers iſt/,so voller angſt vnd jammers iſt,so uoller angst und iammers ist
524584,body,87,0,True,35,Daß nichts ſo arg erdencken kan,daß nichts ſo arg erdencken kan,dass nichts so arg erdencken kan
524584,body,88,0,True,35,Jemand/ dem er nicht vnterthan.,jemand dem er nicht vnterthan,iemand dem er nicht unterthan
524584,body,89,0,False,35,"Vnd Democritus der weitberuͤhmbte/ hochgelaͤhrte Herr/ ließ dem Koͤnige Xerxi, welcher durch eine anſehenliche Legation, daß er ſein verſtorbenes ſchoͤnes Gemahl wieder lebendig machen wolte/ jhn anſprechen/ vnd freundlichen erſuchen thete/ wieder ſagen/ daß er jhm ſolches wol zu thun getrawete/ wofern der Koͤnig dreyſſig Namen derer/ ſo ohn alles Creutz/ Vnruhe vnd Vngluͤck/ das dreyſſigſte Jahr jhres Alters erreichet hetten/ jhm auffgezeichnet vberſendete.",vnd democritus der weitberuͤhmbte hochgelaͤhrte herr ließ dem koͤnige xerxi welcher durch eine anſehenliche legation daß er ſein verſtorbenes ſchoͤnes gemahl wieder lebendig machen wolte jhn anſprechen vnd freundlichen erſuchen thete wieder ſagen daß er jhm ſolches wol zu thun getrawete wofern der koͤnig dreyſſig namen derer ſo ohn alles creutz vnruhe vnd vngluͤck das dreyſſigſte jahr jhres alters erreichet hetten jhm auffgezeichnet vberſendete,und democritus der weitberuhmbte hochgelahrte herr liess dem konige xerxi welcher durch eine ansehenliche legation dass er sein uerstorbenes schones gemahl wieder lebendig machen wolte ihn ansprechen und freundlichen ersuchen thete wieder sagen dass er ihm solches wol zu thun getrawete wofern der konig dreyssig namen derer so ohn alles creutz unruhe und ungluck das dreyssigste iahr ihres alters erreichet hetten ihm auffgezeichnet ubersendete
524584,body,89,1,False,35,Damit der weiſe Mann hoͤflichen zu verſtehen gab/ daß dieſe beyde dinge durchaus den Menſchen vnmoͤglichen weren: I. Die Verſtorbenen wieder lebendig zu machen.,damit der weiſe mann hoͤflichen zu verſtehen gab daß dieſe beyde dinge durchaus den menſchen vnmoͤglichen weren i die verſtorbenen wieder lebendig zu machen,damit der weise mann hoflichen zu uerstehen gab dass diese beyde dinge durchaus den menschen unmoglichen weren i die uerstorbenen wieder lebendig zu machen
524584,body,89,2,True,35,"II. Vnd ohne Muͤhe/ Creutz vnd Wiederwertigkeit/ ſein Leben hin zubringen vnd zu vollenden: Jnmaſſen denn ſolches auch genungſamlichen erweiſet der locupletiſsimus teſtis, der glaubwuͤrdige Zeuge/ die Erfahrung ſelbſten/ da vns armen Menſchen das zeitliche muͤheſelige Leben/ mit vnruhe/ vielfaltiger ſchwerer Arbeit/ Kuͤmmerniß/ Graͤmniß/ Vngluͤck vnd ſteter Truͤbſeligkeit/ recht wol vnd ſcharff genug verſaltzen wird/ vnd wie keine Roſe ohne Dornſtachel iſt/ alſo mag auch kein Gluͤck in dieſer Welt/ ohne Vngluͤck vnd Jammer ſeyn.",ii vnd ohne muͤhe creutz vnd wiederwertigkeit ſein leben hin zubringen vnd zu vollenden jnmaſſen denn ſolches auch genungſamlichen erweiſet der locupletiſsimus teſtis der glaubwuͤrdige zeuge die erfahrung ſelbſten da vns armen menſchen das zeitliche muͤheſelige leben mit vnruhe vielfaltiger ſchwerer arbeit kuͤmmerniß graͤmniß vngluͤck vnd ſteter truͤbſeligkeit recht wol vnd ſcharff genug verſaltzen wird vnd wie keine roſe ohne dornſtachel iſt alſo mag auch kein gluͤck in dieſer welt ohne vngluͤck vnd jammer ſeyn,ii und ohne muhe creutz und wiederwertigkeit sein leben hin zubringen und zu uollenden inmassen denn solches auch genungsamlichen erweiset der locupletissimus testis der glaubwurdige zeuge die erfahrung selbsten da uns armen menschen das zeitliche muheselige leben mit unruhe uielfaltiger schwerer arbeit kummerniss gramniss ungluck und steter trubseligkeit recht wol und scharff genug uersaltzen wird und wie keine rose ohne dornstachel ist also mag auch kein gluck in dieser welt ohne ungluck und iammer seyn
524584,body,90,0,True,36,O Menſch/ O Menſch wie klaͤglich du,o menſch o menſch wie klaͤglich du,o mensch o mensch wie klaglich du
524584,body,91,0,True,36,Dein Leben hier muſt bringen zu/,dein leben hier muſt bringen zu,dein leben hier must bringen zu
524584,body,92,0,True,36,Was iſt dein Lebn/ denn Jammr vnd Noth?,was iſt dein lebn denn jammr vnd noth,was ist dein lebn denn iammr und noth
524584,body,93,0,True,36,Biß endlich koͤmpt der bitter Todt.,biß endlich koͤmpt der bitter todt,biss endlich kompt der bitter todt
524584,body,94,0,True,36,Der bitter Tod/ ein herber Gaſt/,der bitter tod ein herber gaſt,der bitter tod ein herber gast
524584,body,95,0,True,36,Schleuſt Angſt mit Angſt in groſſer Laſt.,schleuſt angſt mit angſt in groſſer laſt,schleust angst mit angst in grosser last
524584,body,96,0,False,36,"Vnd muͤſſen gemeiniglich vnſers Herrn Gottes Reichsgenoſſen am erſten vnd meiſten herhalten/ darumb wann nichts beſſers dahinden vnd zugewarten were/ Seneca ſo gar vnrecht nicht thete/ wenn er ſchreibet: Vitam nemo acciperet, ſi daretur ſcientibus.",vnd muͤſſen gemeiniglich vnſers herrn gottes reichsgenoſſen am erſten vnd meiſten herhalten darumb wann nichts beſſers dahinden vnd zugewarten were seneca ſo gar vnrecht nicht thete wenn er ſchreibet vitam nemo acciperet ſi daretur ſcientibus,und mussen gemeiniglich unsers herrn gottes reichsgenossen am ersten und meisten herhalten darumb wann nichts bessers dahinden und zugewarten were seneca so gar unrecht nicht thete wenn er schreibet uitam nemo acciperet si daretur scientibus
524584,body,96,1,True,36,Oder wie es in den Verßlein lautet:,oder wie es in den verßlein lautet,oder wie es in den uersslein lautet
524584,body,97,0,True,37,Keiner wuͤrde ſo toͤricht vnd naͤrriſch ſeyn/ wann jhme/ ehe er geboren/ die freye Wahl gegeben wuͤrde/ das Leben anzunehmen/ oder nicht/ daß er ſolches annehmen/ vnd jhm zu leben begehren ſolte.,keiner wuͤrde ſo toͤricht vnd naͤrriſch ſeyn wann jhme ehe er geboren die freye wahl gegeben wuͤrde das leben anzunehmen oder nicht daß er ſolches annehmen vnd jhm zu leben begehren ſolte,keiner wurde so toricht und narrisch seyn wann ihme ehe er geboren die freye wahl gegeben wurde das leben anzunehmen oder nicht dass er solches annehmen und ihm zu leben begehren solte
524584,body,98,0,False,37,"Von dieſem vnruhigem/ klaͤglichem vnd muͤheſamen weſen werden froͤlich erlediget vnd befreyet/ vnd kommen in tabernaculum fiduciæ, pulcritudinem pacis, & requiem opulentam, in die Haͤuſer des Friedens/ in ſichere Wohnungen/ vnd in ſtoltze Ruhe/ wie Eſaias am 32. redet/ die Gerechten/ welche gerecht worden ſeyn aus Gnaden/ juſtitiâ imputativá, nicht durch eigene/ ſondern durch eine zugerechnete Gerechtigkeit/ durch das Blut vnd den Tod Jeſu Chriſti/ darauff ſie getaufft/ vnd darauff ſie auch in wahrem Glauben geſtorben vnd vorſchieden ſeyn/ vnd koͤnnen mit Koͤnig David auſſm 4. Pſalm ruͤhmen/ in pace dormiam & requieſcam, Jch liege vnd ſchlaffe gantz mit frieden/ denn alleine du HErr hilffeſt mir/ daß ich ſicher wohne.",von dieſem vnruhigem klaͤglichem vnd muͤheſamen weſen werden froͤlich erlediget vnd befreyet vnd kommen in tabernaculum fiduciæ pulcritudinem pacis & requiem opulentam in die haͤuſer des friedens in ſichere wohnungen vnd in ſtoltze ruhe wie eſaias am redet die gerechten welche gerecht worden ſeyn aus gnaden juſtitiâ imputativá nicht durch eigene ſondern durch eine zugerechnete gerechtigkeit durch das blut vnd den tod jeſu chriſti darauff ſie getaufft vnd darauff ſie auch in wahrem glauben geſtorben vnd vorſchieden ſeyn vnd koͤnnen mit koͤnig david auſſm pſalm ruͤhmen in pace dormiam & requieſcam jch liege vnd ſchlaffe gantz mit frieden denn alleine du herr hilffeſt mir daß ich ſicher wohne,uon diesem unruhigem klaglichem und muhesamen wesen werden frolich erlediget und befreyet und kommen in tabernaculum fiduciae pulcritudinem pacis et requiem opulentam in die hauser des friedens in sichere wohnungen und in stoltze ruhe wie esaias am redet die gerechten welche gerecht worden seyn aus gnaden iustitia imputatiua nicht durch eigene sondern durch eine zugerechnete gerechtigkeit durch das blut und den tod iesu christi darauff sie getaufft und darauff sie auch in wahrem glauben gestorben und uorschieden seyn und konnen mit konig dauid aussm psalm ruhmen in pace dormiam et requiescam ich liege und schlaffe gantz mit frieden denn alleine du herr hilffest mir dass ich sicher wohne
524584,body,98,1,False,37,Vnd auſſm 14. Cap. Apocal.,vnd auſſm cap apocal,und aussm cap apocal
524584,body,98,2,False,37,Selig ſind die Todten/ die in dem HErrn ſterben/ von nun an/ denn ſie ruhen von jhrer Arbeit.,selig ſind die todten die in dem herrn ſterben von nun an denn ſie ruhen von jhrer arbeit,selig sind die todten die in dem herrn sterben uon nun an denn sie ruhen uon ihrer arbeit
524584,body,98,3,False,37,"Ja freylich ſind ſie ſelig/ denn mors ipſorum eſt finis laborum, victoriæ conſummatio, aditusq́ue ac janua ad vitam & ſecuritatem æternam, denn jhr Tod iſt ein ende vnd gewuͤntſchte clauſula, aller jhrer Muͤhe vnd Arbeit/ ein lieblicher Außgang jhres langwirigen kampffes vnd ſtreites/ eine Thuͤr/ Eingang vnd Anfang/ zum Leben vnd ewiger Sicherheit/ ſagt S. Bernhardus.",ja freylich ſind ſie ſelig denn mors ipſorum eſt finis laborum victoriæ conſummatio aditusq́ue ac janua ad vitam & ſecuritatem æternam denn jhr tod iſt ein ende vnd gewuͤntſchte clauſula aller jhrer muͤhe vnd arbeit ein lieblicher außgang jhres langwirigen kampffes vnd ſtreites eine thuͤr eingang vnd anfang zum leben vnd ewiger sicherheit ſagt s bernhardus,ia freylich sind sie selig denn mors ipsorum est finis laborum uictoriae consummatio aditusque ac ianua ad uitam et securitatem aeternam denn ihr tod ist ein ende und gewuntschte clausula aller ihrer muhe und arbeit ein lieblicher aussgang ihres langwirigen kampffes und streites eine thur eingang und anfang zum leben und ewiger sicherheit sagt s bernhardus
524584,body,98,4,True,37,Welch Vater vnd Mutter woltens nun mit jhrem Kinde ſo vnvaͤterlich/ vnmuͤtterlich vnd vntrewlich meinen/ daß ſie jhm ſolche liebe ruhe/ vnd erledigung von aller muͤhe vnd beſchwerligkeit/ nicht hertzlich vnd trewlich gerne goͤnnen vnd wuͤntſchen wolten.,welch vater vnd mutter woltens nun mit jhrem kinde ſo vnvaͤterlich vnmuͤtterlich vnd vntrewlich meinen daß ſie jhm ſolche liebe ruhe vnd erledigung von aller muͤhe vnd beſchwerligkeit nicht hertzlich vnd trewlich gerne goͤnnen vnd wuͤntſchen wolten,welch uater und mutter woltens nun mit ihrem kinde so unuaterlich unmutterlich und untrewlich meinen dass sie ihm solche liebe ruhe und erledigung uon aller muhe und beschwerligkeit nicht hertzlich und trewlich gerne gonnen und wuntschen wolten
524584,body,99,0,False,38,"Die andere hochbeſchwerliche klegliche Gefehrligkeit dieſes Lebens iſt/ Quod ſit vitioſa, daß es ein ſuͤndliches Leben ſey/ welches der heilige Geiſt anzeiget/ in den Worten: Der Gerechte wird weggenommen/ auſſm Leben vnter den Suͤndern: Denn die radix omnium malorum cupiditas, wie Auguſtinus redet/ die Suͤnde vnd inwohnende boͤſe Vnart/ vnd vorkehrte Luſtſeuche/ klebet vns hier doch jmmerdar an/ legen wir vns ſchlaffen/ ſo nehmen wir die Suͤnde mit allerley boͤſen fleiſchlichen Begierden vnd Gedancken mit ins Bett vnd Schlaffgemach/ ſtehen wir auff/ ſo tragen wir auch die Suͤnde vnd inwohnende Boßheit an vnſerm Halſe/ vnd vnſer vorterbtes/ vnd mit vnd wider den Geiſt ſtreitendes vnnd kempffendes Fleiſch vnd Blut/ wie Paulus zun Galatern am 5. Cap. ſagt/ friſchet vnd treibet vns an zu einer Schand vnd Boßheit vber die ander/ vnd thun nimmer/ oder wol gar ſelten/ was vor Gottes Gericht vnd Angeſicht/ recht vnd billich iſt/ vnd fellet vnd ſtrauchelt auch der allerfroͤmmſte vnd gerechtſte/ des Tages ſiebenmal/ Prov. 24. vnd ſind von Natur gantz vnd gar zum argen vorſtuͤrtzt vnd geneigt/ daß der Lehrer Auguſtinus wol wahr redet/ wann er ſagt: Concupiſcentia quotidiè minui poteſt, finiri non poteſt, Die boͤſe Luſt des Fleiſches/ wann wir ſchon teglich daran dempffen/ kan doch in dieſer ſuͤndlichen Natur nicht gar bey vns außgeleſcht werden/ & eo ipſo homo peccat, quo peccare vellet, ſi impunè potuiſſet, ſagt Gregorius, eben mit dem ſuͤndiget der Menſch/ daß er zur Suͤnde jmmerzu luſt hat/ wann er ſich nur vorzeitlicher vnd ewiger ſtraffe nicht ſo hoch fuͤrchten vnd befahren doͤrffte.",die andere hochbeſchwerliche klegliche gefehrligkeit dieſes lebens iſt quod ſit vitioſa daß es ein ſuͤndliches leben ſey welches der heilige geiſt anzeiget in den worten der gerechte wird weggenommen auſſm leben vnter den suͤndern denn die radix omnium malorum cupiditas wie auguſtinus redet die suͤnde vnd inwohnende boͤſe vnart vnd vorkehrte luſtſeuche klebet vns hier doch jmmerdar an legen wir vns ſchlaffen ſo nehmen wir die suͤnde mit allerley boͤſen fleiſchlichen begierden vnd gedancken mit ins bett vnd schlaffgemach ſtehen wir auff ſo tragen wir auch die suͤnde vnd inwohnende boßheit an vnſerm halſe vnd vnſer vorterbtes vnd mit vnd wider den geiſt ſtreitendes vnnd kempffendes fleiſch vnd blut wie paulus zun galatern am cap ſagt friſchet vnd treibet vns an zu einer schand vnd boßheit vber die ander vnd thun nimmer oder wol gar ſelten was vor gottes gericht vnd angeſicht recht vnd billich iſt vnd fellet vnd ſtrauchelt auch der allerfroͤmmſte vnd gerechtſte des tages ſiebenmal prov vnd ſind von natur gantz vnd gar zum argen vorſtuͤrtzt vnd geneigt daß der lehrer auguſtinus wol wahr redet wann er ſagt concupiſcentia quotidiè minui poteſt finiri non poteſt die boͤſe luſt des fleiſches wann wir ſchon teglich daran dempffen kan doch in dieſer ſuͤndlichen natur nicht gar bey vns außgeleſcht werden & eo ipſo homo peccat quo peccare vellet ſi impunè potuiſſet ſagt gregorius eben mit dem ſuͤndiget der menſch daß er zur suͤnde jmmerzu luſt hat wann er ſich nur vorzeitlicher vnd ewiger ſtraffe nicht ſo hoch fuͤrchten vnd befahren doͤrffte,die andere hochbeschwerliche klegliche gefehrligkeit dieses lebens ist quod sit uitiosa dass es ein sundliches leben sey welches der heilige geist anzeiget in den worten der gerechte wird weggenommen aussm leben unter den sundern denn die radix omnium malorum cupiditas wie augustinus redet die sunde und inwohnende bose unart und uorkehrte lustseuche klebet uns hier doch immerdar an legen wir uns schlaffen so nehmen wir die sunde mit allerley bosen fleischlichen begierden und gedancken mit ins bett und schlaffgemach stehen wir auff so tragen wir auch die sunde und inwohnende bossheit an unserm halse und unser uorterbtes und mit und wider den geist streitendes unnd kempffendes fleisch und blut wie paulus zun galatern am cap sagt frischet und treibet uns an zu einer schand und bossheit uber die ander und thun nimmer oder wol gar selten was uor gottes gericht und angesicht recht und billich ist und fellet und strauchelt auch der allerfrommste und gerechtste des tages siebenmal prou und sind uon natur gantz und gar zum argen uorsturtzt und geneigt dass der lehrer augustinus wol wahr redet wann er sagt concupiscentia quotidie minui potest finiri non potest die bose lust des fleisches wann wir schon teglich daran dempffen kan doch in dieser sundlichen natur nicht gar bey uns aussgelescht werden et eo ipso homo peccat quo peccare uellet si impune potuisset sagt gregorius eben mit dem sundiget der mensch dass er zur sunde immerzu lust hat wann er sich nur uorzeitlicher und ewiger straffe nicht so hoch furchten und befahren dorffte
524584,body,99,1,False,39,Daher Gott der HErr ſelber Geneſ. am 6. vnd 8. Cap. ſehnlichen daruͤber klaget/ Die Menſchen ſagt er/ wollen ſich nicht mehr meinen Geiſt ſtraffen laſſen/ denn ſie ſind Fleiſch/ vnd alles tichten vnd trachten des Menſchlichen Hertzens iſt boͤſe von Jugend auff/ Vnd zun Roͤmern am 7. Cap. ſpricht auch der Apoſtel Paulus/ Jch bin fleiſchlich vnter die Suͤnde vorkaufft/ denn ich weis nicht was ich thue/ denn ich thue nicht daß ich wil/ ſondern daß ich haſſe das thue ich/ doch nicht ich/ ſondern die Suͤnde die in mir wohnet/ denn ich weis dz in mir/ das iſt in meinem Fleiſch wonet nichts gutes/ ich elender Menſch/ wer wird mich erloͤſen von dem Leibe dieſes Todes.,daher gott der herr ſelber geneſ am vnd cap ſehnlichen daruͤber klaget die menſchen ſagt er wollen ſich nicht mehr meinen geiſt ſtraffen laſſen denn ſie ſind fleiſch vnd alles tichten vnd trachten des menſchlichen hertzens iſt boͤſe von jugend auff vnd zun roͤmern am cap ſpricht auch der apoſtel paulus jch bin fleiſchlich vnter die suͤnde vorkaufft denn ich weis nicht was ich thue denn ich thue nicht daß ich wil ſondern daß ich haſſe das thue ich doch nicht ich ſondern die suͤnde die in mir wohnet denn ich weis dz in mir das iſt in meinem fleiſch wonet nichts gutes ich elender menſch wer wird mich erloͤſen von dem leibe dieſes todes,daher gott der herr selber genes am und cap sehnlichen daruber klaget die menschen sagt er wollen sich nicht mehr meinen geist straffen lassen denn sie sind fleisch und alles tichten und trachten des menschlichen hertzens ist bose uon iugend auff und zun romern am cap spricht auch der apostel paulus ich bin fleischlich unter die sunde uorkaufft denn ich weis nicht was ich thue denn ich thue nicht dass ich wil sondern dass ich hasse das thue ich doch nicht ich sondern die sunde die in mir wohnet denn ich weis dz in mir das ist in meinem fleisch wonet nichts gutes ich elender mensch wer wird mich erlosen uon dem leibe dieses todes
524584,body,99,2,True,39,"Aus ſolchem ſuͤndlichen Leben nun/ werden offt die Frommen vnd Gerechten wolmeinende von Gott/ fruͤezeitig weggenommen/ vnd wer jung/ fruͤh vnd zeitlich ſtirbet/ der hoͤret auch fruͤh vnd zeitlich auff zu ſuͤndigen/ vnd erzuͤrnet die Goͤttliche Majeſtet nicht ſo groͤblich vnd vielfaltiglichen/ als wir boͤſen alten/ die wir offte wol wachſen vnd zunehmen am Alter/ aber nicht an Gnade/ ſondern an Mutwillen vnd Boßheit/ gegen vnd wider Gott vnd alle Menſchen/ darumb auch nicht allein der alte Lehrer Ambroſius ſaget/ Mors metuenda non eſt eò quod ſit finis peccatorum, welches aus der Epiſtel zun Roͤmern am 6. Cap alſo gegeben werden kan/ Wer geſtorben iſt/ der iſt gerechtfertiget von der Suͤnde/ ſondern der heilige Geiſt brauchet ebener maſſen inn vnſerem Spruchlein/ ein ſonderlich Woͤrtlein/ vnd ſagt/ Placem Deo, inter peccatores vivens translatus eſt, Das iſt/ die Gott wolgefallen vnd lieb ſeyn/ werden vorſetzt/ aus dieſem ſuͤndlichem Leben/ darmit er ſo viel anzeigen wil: Gleich wie ein fleiſſiger Wientzer oder Weingaͤrtner/ die zarten jungen Faͤſerlein vnd Raͤblein/ gut artigen Pfierſchken Schnaͤttlein/ vnd geraden Morellen Pfroͤpfferlein/ ſo man offt mit vnter den Wein zuſetzen vnd zu zeugen pfleget/ vnnd andere gewechſige Staͤudlein vnd Straͤuchlein/ aus einem dumpfichten taͤgerm Erdreich vnd Vnfruchtbaren orte/ da ſie vordruckt werder/ inn die kruͤmme wachſen/ erſticken/ vorderben/ vnnd vmbkommen muͤſten/ fein gemachſam vnd beſcheidentlichen außhebet/ vnd an einen bequemern/ fruchtbarern vnd luſtigern Bodem transplantiret vnd vorſetzet/ da ſie die liebe Sonne/ als der liebliche vivificator rerum naſcentium, wie die Phyſici reden/ erreichen vnd beſcheinen moͤge/ vnd ſie wachſen/ gerade auffſchieſſen/ ſich außbreiten/ gruͤnen/ bluͤhen vnd Frucht tragen koͤnnen: Eben alſo thut jhm auch Gott der Herr/ der himliſche Weingaͤrtner/ mit welchem Namen Chriſtus ſelbſten/ Johannis am 15. Capitel ſeinen vnd vnſern himliſchen Vater/ intituliret vnd nennet/ der hebet offte durch den zeitlichen Tod/ vnſere zarte Zieſerlein/ wolgearttete Pfropfferlein/ luſtige Schnaͤttlein/ vnd Jeſu Chriſto dem kebendigen Weinſtock eingeimpffte Reblein/ die liebe Jugend/ aus dem ſuͤmpffigten Bodem vnd wuͤſtem Orte dieſer boͤſen Welt/ darinnen ſie jhm/ wann ſie lenger leben ſolten/ durch die Suͤnde wol gar degeneriren, vntern Henden vorderben vnd vmbkommen moͤchten/ vnd transferiret vnd vorſetzt ſie/ als ſeine fruchtbare Himmelspflaͤntzlein vnd Paradyß Steudlein/ in den ſchoͤnen weiten groſſen Luſtgarten des ewigen Lebens/ da ſie in Ewigkeit gruͤnen vnd bluͤhen ſollen/ wie das gruͤne Graß/ Eſai. am 66. Capitel/ vnd außſchlagen wie die ſchoͤnen Balſam vnd wolriechenden Cypreſſen Baͤwmlein/ wie Baͤwmlein der Gerechtigkeit/ vnnd Pflantzen des Herren zum Preiſe/ Eſai. am 61. Capitel/ mit friſchem Safft/ vnd newer Krafft ohne Auffhoͤren.",aus ſolchem ſuͤndlichen leben nun werden offt die frommen vnd gerechten wolmeinende von gott fruͤezeitig weggenommen vnd wer jung fruͤh vnd zeitlich ſtirbet der hoͤret auch fruͤh vnd zeitlich auff zu ſuͤndigen vnd erzuͤrnet die goͤttliche majeſtet nicht ſo groͤblich vnd vielfaltiglichen als wir boͤſen alten die wir offte wol wachſen vnd zunehmen am alter aber nicht an gnade ſondern an mutwillen vnd boßheit gegen vnd wider gott vnd alle menſchen darumb auch nicht allein der alte lehrer ambroſius ſaget mors metuenda non eſt eò quod ſit finis peccatorum welches aus der epiſtel zun roͤmern am cap alſo gegeben werden kan wer geſtorben iſt der iſt gerechtfertiget von der suͤnde ſondern der heilige geiſt brauchet ebener maſſen inn vnſerem spruchlein ein ſonderlich woͤrtlein vnd ſagt placem deo inter peccatores vivens translatus eſt das iſt die gott wolgefallen vnd lieb ſeyn werden vorſetzt aus dieſem ſuͤndlichem leben darmit er ſo viel anzeigen wil gleich wie ein fleiſſiger wientzer oder weingaͤrtner die zarten jungen faͤſerlein vnd raͤblein gut artigen pfierſchken schnaͤttlein vnd geraden morellen pfroͤpfferlein ſo man offt mit vnter den wein zuſetzen vnd zu zeugen pfleget vnnd andere gewechſige staͤudlein vnd straͤuchlein aus einem dumpfichten taͤgerm erdreich vnd vnfruchtbaren orte da ſie vordruckt werder inn die kruͤmme wachſen erſticken vorderben vnnd vmbkommen muͤſten fein gemachſam vnd beſcheidentlichen außhebet vnd an einen bequemern fruchtbarern vnd luſtigern bodem transplantiret vnd vorſetzet da ſie die liebe sonne als der liebliche vivificator rerum naſcentium wie die phyſici reden erreichen vnd beſcheinen moͤge vnd ſie wachſen gerade auffſchieſſen ſich außbreiten gruͤnen bluͤhen vnd frucht tragen koͤnnen eben alſo thut jhm auch gott der herr der himliſche weingaͤrtner mit welchem namen chriſtus ſelbſten johannis am capitel ſeinen vnd vnſern himliſchen vater intituliret vnd nennet der hebet offte durch den zeitlichen tod vnſere zarte zieſerlein wolgearttete pfropfferlein luſtige schnaͤttlein vnd jeſu chriſto dem kebendigen weinſtock eingeimpffte reblein die liebe jugend aus dem ſuͤmpffigten bodem vnd wuͤſtem orte dieſer boͤſen welt darinnen ſie jhm wann ſie lenger leben ſolten durch die suͤnde wol gar degeneriren vntern henden vorderben vnd vmbkommen moͤchten vnd transferiret vnd vorſetzt ſie als ſeine fruchtbare himmelspflaͤntzlein vnd paradyß steudlein in den ſchoͤnen weiten groſſen luſtgarten des ewigen lebens da ſie in ewigkeit gruͤnen vnd bluͤhen ſollen wie das gruͤne graß eſai am capitel vnd außſchlagen wie die ſchoͤnen balſam vnd wolriechenden cypreſſen baͤwmlein wie baͤwmlein der gerechtigkeit vnnd pflantzen des herren zum preiſe eſai am capitel mit friſchem safft vnd newer krafft ohne auffhoͤren,aus solchem sundlichen leben nun werden offt die frommen und gerechten wolmeinende uon gott fruezeitig weggenommen und wer iung fruh und zeitlich stirbet der horet auch fruh und zeitlich auff zu sundigen und erzurnet die gottliche maiestet nicht so groblich und uielfaltiglichen als wir bosen alten die wir offte wol wachsen und zunehmen am alter aber nicht an gnade sondern an mutwillen und bossheit gegen und wider gott und alle menschen darumb auch nicht allein der alte lehrer ambrosius saget mors metuenda non est eo quod sit finis peccatorum welches aus der epistel zun romern am cap also gegeben werden kan wer gestorben ist der ist gerechtfertiget uon der sunde sondern der heilige geist brauchet ebener massen inn unserem spruchlein ein sonderlich wortlein und sagt placem deo inter peccatores uiuens translatus est das ist die gott wolgefallen und lieb seyn werden uorsetzt aus diesem sundlichem leben darmit er so uiel anzeigen wil gleich wie ein fleissiger wientzer oder weingartner die zarten iungen faserlein und rablein gut artigen pfierschken schnattlein und geraden morellen pfropfferlein so man offt mit unter den wein zusetzen und zu zeugen pfleget unnd andere gewechsige staudlein und strauchlein aus einem dumpfichten tagerm erdreich und unfruchtbaren orte da sie uordruckt werder inn die krumme wachsen ersticken uorderben unnd umbkommen musten fein gemachsam und bescheidentlichen ausshebet und an einen bequemern fruchtbarern und lustigern bodem transplantiret und uorsetzet da sie die liebe sonne als der liebliche uiuificator rerum nascentium wie die physici reden erreichen und bescheinen moge und sie wachsen gerade auffschiessen sich aussbreiten grunen bluhen und frucht tragen konnen eben also thut ihm auch gott der herr der himlische weingartner mit welchem namen christus selbsten iohannis am capitel seinen und unsern himlischen uater intituliret und nennet der hebet offte durch den zeitlichen tod unsere zarte zieserlein wolgearttete pfropfferlein lustige schnattlein und iesu christo dem kebendigen weinstock eingeimpffte reblein die liebe iugend aus dem sumpffigten bodem und wustem orte dieser bosen welt darinnen sie ihm wann sie lenger leben solten durch die sunde wol gar degeneriren untern henden uorderben und umbkommen mochten und transferiret und uorsetzt sie als seine fruchtbare himmelspflantzlein und paradyss steudlein in den schonen weiten grossen lustgarten des ewigen lebens da sie in ewigkeit grunen und bluhen sollen wie das grune grass esai am capitel und aussschlagen wie die schonen balsam und wolriechenden cypressen bawmlein wie bawmlein der gerechtigkeit unnd pflantzen des herren zum preise esai am capitel mit frischem safft und newer krafft ohne auffhoren
524584,body,100,0,False,41,Weil es denn vnſer Herr Gott mit vnſern Kinderlein ſo gut meinet/ vnd ſie ſind jhm lieb vnd angenehme/ darumb nimpt er ſie weg aus dem Leben vnter den Suͤndern/ er nimpt ſie weg in jhren heiligen Weſterhembdlein/ ſo ſie in der werthen Tauffe angezogen haben/ vnd in jhrer Vnſchuldt/ die jhnen ſein liebes Soͤhnlein/ daß ſuͤſſe Jeſulein/ jhr liebſtes Bruͤderlein/ Gottes Laͤmmelein/ vnſer Jmmanuelichen/ durch deſſen Wunden roth/ alle jhr Suͤnd vnd Schuldt iſt quitt vnd tod/ vordienet vnd geſchencket hat/ was wollen wir denn vns zeihen/ daß wir ſolchen willen Gottes/ nicht auch vor den beſten erkennen vnd annehmen ſolten?,weil es denn vnſer herr gott mit vnſern kinderlein ſo gut meinet vnd ſie ſind jhm lieb vnd angenehme darumb nimpt er ſie weg aus dem leben vnter den suͤndern er nimpt ſie weg in jhren heiligen weſterhembdlein ſo ſie in der werthen tauffe angezogen haben vnd in jhrer vnſchuldt die jhnen ſein liebes soͤhnlein daß ſuͤſſe jeſulein jhr liebſtes bruͤderlein gottes laͤmmelein vnſer jmmanuelichen durch deſſen wunden roth alle jhr suͤnd vnd schuldt iſt quitt vnd tod vordienet vnd geſchencket hat was wollen wir denn vns zeihen daß wir ſolchen willen gottes nicht auch vor den beſten erkennen vnd annehmen ſolten,weil es denn unser herr gott mit unsern kinderlein so gut meinet und sie sind ihm lieb und angenehme darumb nimpt er sie weg aus dem leben unter den sundern er nimpt sie weg in ihren heiligen westerhembdlein so sie in der werthen tauffe angezogen haben und in ihrer unschuldt die ihnen sein liebes sohnlein dass susse iesulein ihr liebstes bruderlein gottes lammelein unser immanuelichen durch dessen wunden roth alle ihr sund und schuldt ist quitt und tod uordienet und geschencket hat was wollen wir denn uns zeihen dass wir solchen willen gottes nicht auch uor den besten erkennen und annehmen solten
524584,body,100,1,True,41,Zumahl weil es auch die Heiden ſelber geſtanden vnd befunden haben/ Vnd darff der Poet Menander ſagen:,zumahl weil es auch die heiden ſelber geſtanden vnd befunden haben vnd darff der poet menander ſagen,zumahl weil es auch die heiden selber gestanden und befunden haben und darff der poet menander sagen
524584,body,101,0,False,41,ὅν ὁι ϑεοὶ φιλοῦσιν ἀποϑνήσκει νέος.,ὅν ὁι ϑεοὶ φιλοῦσιν ἀποϑνήσκει νέος,
524584,body,101,1,False,41,"Juvenes moriuntur qui Diis cari ſunt,",juvenes moriuntur qui diis cari ſunt,iuuenes moriuntur qui diis cari sunt
524584,body,101,2,False,41,Wen Gott lieb hat der ſtirbet Jung/ der Todt friſſet das beſt oben ab/ Vnd Herodotus ſetzet deſſen eine feine Hiſtoriam/ in dem er ſchreibet/ daß ein alte Wittib vnd Mutter/ auff ein ſonderliches Feſt/ gerne in die Kirchen geweſen/ vnd die uͤblichen Opffer/ nach jhrer Gewohnheit hette helffen vollbringen/ weil ſie aber vnvormoͤglich/ vnd Alters halben uͤbel zu Fuſſe/ vnd jhre Roſſe lange auſſen blieben/ daß ſie ſich befuͤrchtete/ es moͤchte von jhr etwas vorſeumet werden/ vnd derhalben ſehr uͤbel gehub/ ſind jhre zweene Soͤhne/ derer einer Cleobs/ der ander Bithon geheiſſen/ da/ ſpannen ſich ſelbſten an/ vnd geben der alten Mutter ein par ziehender Klepffer vorn Wagen/ daran tregt ſie einen ſolchen hertzlichen wolgefallen/ daß ſie mit weinenden Augen GOTT anruffet/ Er wolle dieſe groſſe geleiſtete Trewe jhrer Soͤhne/ mit der allerhoͤchſten Gab vnd Gutthat erflatten vnd ergetzen/ Was geſchicht?,wen gott lieb hat der ſtirbet jung der todt friſſet das beſt oben ab vnd herodotus ſetzet deſſen eine feine hiſtoriam in dem er ſchreibet daß ein alte wittib vnd mutter auff ein ſonderliches feſt gerne in die kirchen geweſen vnd die uͤblichen opffer nach jhrer gewohnheit hette helffen vollbringen weil ſie aber vnvormoͤglich vnd alters halben uͤbel zu fuſſe vnd jhre roſſe lange auſſen blieben daß ſie ſich befuͤrchtete es moͤchte von jhr etwas vorſeumet werden vnd derhalben ſehr uͤbel gehub ſind jhre zweene soͤhne derer einer cleobs der ander bithon geheiſſen da ſpannen ſich ſelbſten an vnd geben der alten mutter ein par ziehender klepffer vorn wagen daran tregt ſie einen ſolchen hertzlichen wolgefallen daß ſie mit weinenden augen gott anruffet er wolle dieſe groſſe geleiſtete trewe jhrer soͤhne mit der allerhoͤchſten gab vnd gutthat erflatten vnd ergetzen was geſchicht,wen gott lieb hat der stirbet iung der todt frisset das best oben ab und herodotus setzet dessen eine feine historiam in dem er schreibet dass ein alte wittib und mutter auff ein sonderliches fest gerne in die kirchen gewesen und die ublichen opffer nach ihrer gewohnheit hette helffen uollbringen weil sie aber unuormoglich und alters halben ubel zu fusse und ihre rosse lange aussen blieben dass sie sich befurchtete es mochte uon ihr etwas uorseumet werden und derhalben sehr ubel gehub sind ihre zweene sohne derer einer cleobs der ander bithon geheissen da spannen sich selbsten an und geben der alten mutter ein par ziehender klepffer uorn wagen daran tregt sie einen solchen hertzlichen wolgefallen dass sie mit weinenden augen gott anruffet er wolle diese grosse geleistete trewe ihrer sohne mit der allerhochsten gab und gutthat erflatten und ergetzen was geschicht
524584,body,101,3,True,42,Wie man in die Kirchen koͤmpt/ ſincken ſie beyde vorm Altar ſanfft nieder vnd ſterben/ darmit anzuzeigen/ daß diß die aller groͤſte Wolthat Gottes ſey/ die er einem Menſchen erzeigen kan/ wann er jhn fruͤezeitig von dieſer ſuͤndlichen boͤſen Welt abfodert.,wie man in die kirchen koͤmpt ſincken ſie beyde vorm altar ſanfft nieder vnd ſterben darmit anzuzeigen daß diß die aller groͤſte wolthat gottes ſey die er einem menſchen erzeigen kan wann er jhn fruͤezeitig von dieſer ſuͤndlichen boͤſen welt abfodert,wie man in die kirchen kompt sincken sie beyde uorm altar sanfft nieder und sterben darmit anzuzeigen dass diss die aller groste wolthat gottes sey die er einem menschen erzeigen kan wann er ihn fruezeitig uon dieser sundlichen bosen welt abfodert
524584,body,102,0,False,42,"Die dritte hochbeſchwerliche klegliche Gefehrligkeit dieſes Lebens iſt: Quod ſit contagioſa, daß es ein ſolches Leben ſey/ da eines vorſtand/ die Boßheit leicht vorkehren/ vnd die boͤſen Exempel einen ſchnell vorfuͤhren/ vnd das gute vorterben koͤnnen: Denn wir wohnen doch hier/ nur wie arme vnvornuͤnfftige Kinder/ in medio Scorpionum, mitten vnter den Scorpionen/ vnd wiederſpenſtigen ſtachlichten Dornen/ wie Ezechiel/ vnd Cant. am 2. geſaget wird/ vnd wie die Einfeltigen armen Schaͤfflein/ mitten vnter den Wolffen/ wie Chriſtus Matth. am 10. Capitel ſelber redet/ die offte eben vngeſtuͤme vmb vns herumb heulen/ ſauſen vnd prauſen/ vnd vns auff jhrer Wildbahn/ in ſcelerum ſtadio, auffs Teuffels Lock vnd Koͤrnplatz/ allerley Vnart/ boͤſen Tuͤcken vnd Bubenſtuͤcken nachzulauffen/ mit gewalt fortziehen vnd anhalten/ vnd gleicher Vordamniß theilhafftig machen wollen/ inmaſſen ſolche boͤſe Haut/ des Teuffels ſchnoͤde Braut/ die Welt ſampt jhrem vorfluchten Geſchwuͤrm vnd tollem Hoffgeſinde/ vns artig abmahlet der Apoſtel vnd Evangeliſt Johannes in ſeiner Canonica am andern Capitel/ da er ſpricht: Was in der Welt iſt/ das iſt Fleiſches Luſt/ Augenluſt/ vnd hoffertiges Leben.",die dritte hochbeſchwerliche klegliche gefehrligkeit dieſes lebens iſt quod ſit contagioſa daß es ein ſolches leben ſey da eines vorſtand die boßheit leicht vorkehren vnd die boͤſen exempel einen ſchnell vorfuͤhren vnd das gute vorterben koͤnnen denn wir wohnen doch hier nur wie arme vnvornuͤnfftige kinder in medio scorpionum mitten vnter den scorpionen vnd wiederſpenſtigen ſtachlichten dornen wie ezechiel vnd cant am geſaget wird vnd wie die einfeltigen armen schaͤfflein mitten vnter den wolffen wie chriſtus matth am capitel ſelber redet die offte eben vngeſtuͤme vmb vns herumb heulen ſauſen vnd prauſen vnd vns auff jhrer wildbahn in ſcelerum ſtadio auffs teuffels lock vnd koͤrnplatz allerley vnart boͤſen tuͤcken vnd bubenſtuͤcken nachzulauffen mit gewalt fortziehen vnd anhalten vnd gleicher vordamniß theilhafftig machen wollen inmaſſen ſolche boͤſe haut des teuffels ſchnoͤde braut die welt ſampt jhrem vorfluchten geſchwuͤrm vnd tollem hoffgeſinde vns artig abmahlet der apoſtel vnd evangeliſt johannes in ſeiner canonica am andern capitel da er ſpricht was in der welt iſt das iſt fleiſches luſt augenluſt vnd hoffertiges leben,die dritte hochbeschwerliche klegliche gefehrligkeit dieses lebens ist quod sit contagiosa dass es ein solches leben sey da eines uorstand die bossheit leicht uorkehren und die bosen exempel einen schnell uorfuhren und das gute uorterben konnen denn wir wohnen doch hier nur wie arme unuornunfftige kinder in medio scorpionum mitten unter den scorpionen und wiederspenstigen stachlichten dornen wie ezechiel und cant am gesaget wird und wie die einfeltigen armen schafflein mitten unter den wolffen wie christus matth am capitel selber redet die offte eben ungestume umb uns herumb heulen sausen und prausen und uns auff ihrer wildbahn in scelerum stadio auffs teuffels lock und kornplatz allerley unart bosen tucken und bubenstucken nachzulauffen mit gewalt fortziehen und anhalten und gleicher uordamniss theilhafftig machen wollen inmassen solche bose haut des teuffels schnode braut die welt sampt ihrem uorfluchten geschwurm und tollem hoffgesinde uns artig abmahlet der apostel und euangelist iohannes in seiner canonica am andern capitel da er spricht was in der welt ist das ist fleisches lust augenlust und hoffertiges leben
524584,body,102,1,False,43,"Vnd an folgendem fuͤnfften Capitel ſagt er: Mundus totus poſitus ſive conſtitutus eſt in malo, Die gantze Welt liegt im argen/ vnd iſt gantz vnd gar darinnen erſoffen.",vnd an folgendem fuͤnfften capitel ſagt er mundus totus poſitus ſive conſtitutus eſt in malo die gantze welt liegt im argen vnd iſt gantz vnd gar darinnen erſoffen,und an folgendem funfften capitel sagt er mundus totus positus siue constitutus est in malo die gantze welt liegt im argen und ist gantz und gar darinnen ersoffen
524584,body,102,2,False,43,Treget nun ein junges Bluͤtlein zu ſolchen Luͤſten ein Zunder bey ſich/ ſo iſt es in einem Augenblick geſchehen/ daß es durch die boͤſen Exempel der Welt/ welche recht vorkehren vnd vorterben/ gute Art vnd Sitten/ wie Paulus in der erſten Epiſtel zun Corinthern am 15. Capitel auſſm Poeten Menandro anzeucht/ dermaſſen angeſteckt vnd vorgifftet wird daß es nachmals die zeit ſeines Lebens daruͤber zu ſeufftzen vnd zu klagen hat/ Darumb leſt der heilige Geiſt in der Epiſtel zun Roͤmern am 12. Capitel/ ſo eine trewhertzige Vormahnung an alle Menſchen gelangen/ da er durch den Apoſtel ſpricht/ Jch ermane euch durch die hertzliche Barmhertzigkeit Gottes/ daß jhr ewre Leibe begebet zum Opffer/ daß da lebendig/ heilig vnd Gott wolgefellig ſey/ welches ſey ewer vornuͤnfftiger Gottesdienſt/ vnd ſtellet euch nicht gleich dieſer Welt/ ſondern verendert euch durch vornewerung ewers Sinnes.,treget nun ein junges bluͤtlein zu ſolchen luͤſten ein zunder bey ſich ſo iſt es in einem augenblick geſchehen daß es durch die boͤſen exempel der welt welche recht vorkehren vnd vorterben gute art vnd sitten wie paulus in der erſten epiſtel zun corinthern am capitel auſſm poeten menandro anzeucht dermaſſen angeſteckt vnd vorgifftet wird daß es nachmals die zeit ſeines lebens daruͤber zu ſeufftzen vnd zu klagen hat darumb leſt der heilige geiſt in der epiſtel zun roͤmern am capitel ſo eine trewhertzige vormahnung an alle menſchen gelangen da er durch den apoſtel ſpricht jch ermane euch durch die hertzliche barmhertzigkeit gottes daß jhr ewre leibe begebet zum opffer daß da lebendig heilig vnd gott wolgefellig ſey welches ſey ewer vornuͤnfftiger gottesdienſt vnd ſtellet euch nicht gleich dieſer welt ſondern verendert euch durch vornewerung ewers sinnes,treget nun ein iunges blutlein zu solchen lusten ein zunder bey sich so ist es in einem augenblick geschehen dass es durch die bosen exempel der welt welche recht uorkehren und uorterben gute art und sitten wie paulus in der ersten epistel zun corinthern am capitel aussm poeten menandro anzeucht dermassen angesteckt und uorgifftet wird dass es nachmals die zeit seines lebens daruber zu seufftzen und zu klagen hat darumb lest der heilige geist in der epistel zun romern am capitel so eine trewhertzige uormahnung an alle menschen gelangen da er durch den apostel spricht ich ermane euch durch die hertzliche barmhertzigkeit gottes dass ihr ewre leibe begebet zum opffer dass da lebendig heilig und gott wolgefellig sey welches sey ewer uornunfftiger gottesdienst und stellet euch nicht gleich dieser welt sondern uerendert euch durch uornewerung ewers sinnes
524584,body,102,3,True,44,"Hugo de clauſtro animæ ſchreibet: FUGE, LUGE, ATTENDE, DEPRECARE.",hugo de clauſtro animæ ſchreibet fuge luge attende deprecare,hugo de claustro animae schreibet fuge luge attende deprecare
524584,body,103,0,True,44,"Fuge mundum, quia vanitas.",fuge mundum quia vanitas,fuge mundum quia uanitas
524584,body,104,0,True,44,"Luge peccatum, quia iniquitas.",luge peccatum quia iniquitas,luge peccatum quia iniquitas
524584,body,105,0,True,44,"Attende carnem, quiæ fragilitas.",attende carnem quiæ fragilitas,attende carnem quiae fragilitas
524584,body,106,0,True,44,"Deprecare Deum, quia miſericors",deprecare deum quia miſericors,deprecare deum quia misericors
524584,body,107,0,True,44,"est, & tumiſerabilis.",est & tumiſerabilis,est et tumiserabilis
524584,body,108,0,True,44,Das iſt: Meid vnd fleug/ Sey betruͤbt vnd trage Leid/ Seybedacht vnd gib acht/ Schaw an vnd betracht.,das iſt meid vnd fleug sey betruͤbt vnd trage leid seybedacht vnd gib acht schaw an vnd betracht,das ist meid und fleug sey betrubt und trage leid seybedacht und gib acht schaw an und betracht
524584,body,109,0,True,44,Meid vnd fleug die Welt/ denn ſie iſt Eitelkeit.,meid vnd fleug die welt denn ſie iſt eitelkeit,meid und fleug die welt denn sie ist eitelkeit
524584,body,110,0,True,44,Sey betruͤbt vnd trage Leid vber die Suͤnde/ Denn ſie iſt vordamliche Boßheit vnd Vngerechtigkeit.,sey betruͤbt vnd trage leid vber die suͤnde denn ſie iſt vordamliche boßheit vnd vngerechtigkeit,sey betrubt und trage leid uber die sunde denn sie ist uordamliche bossheit und ungerechtigkeit
524584,body,111,0,True,44,Sey bedacht vnd gib acht auff dein Fleiſch vnd Blut/ Denn es iſt vorterbt vnd lauter Gebrechligkeit.,sey bedacht vnd gib acht auff dein fleiſch vnd blut denn es iſt vorterbt vnd lauter gebrechligkeit,sey bedacht und gib acht auff dein fleisch und blut denn es ist uorterbt und lauter gebrechligkeit
524584,body,112,0,True,44,Schaw an vnd betracht GOttes vnaußſprechliche Guͤt vnd groſſe Barmhertzigkeit/ Denn ſie koͤmpt dir zu flatten vnd Huͤlff/ in all deinem Leid/ vnd groſſen Duͤrfftigkeit.,schaw an vnd betracht gottes vnaußſprechliche guͤt vnd groſſe barmhertzigkeit denn ſie koͤmpt dir zu flatten vnd huͤlff in all deinem leid vnd groſſen duͤrfftigkeit,schaw an und betracht gottes unausssprechliche gut und grosse barmhertzigkeit denn sie kompt dir zu flatten und hulff in all deinem leid und grossen durfftigkeit
524584,body,113,0,True,44,Vnd Lutherus redet auch im achten Jeniſchen Tomo die liebe Jugend mit hohem ernſt alſo an:,vnd lutherus redet auch im achten jeniſchen tomo die liebe jugend mit hohem ernſt alſo an,und lutherus redet auch im achten ienischen tomo die liebe iugend mit hohem ernst also an
524584,body,114,0,True,45,Huͤt dich/ Huͤt dich/ mein liebes Kind/,huͤt dich huͤt dich mein liebes kind,hut dich hut dich mein liebes kind
524584,body,115,0,True,45,Gar viel der boͤſen Buben ſind/,gar viel der boͤſen buben ſind,gar uiel der bosen buben sind
524584,body,116,0,True,45,Die leben wie ein Saw vnd Rind/,die leben wie ein saw vnd rind,die leben wie ein saw und rind
524584,body,117,0,True,45,Vnd bleiben in der Suͤnden blind/,vnd bleiben in der suͤnden blind,und bleiben in der sunden blind
524584,body,118,0,True,45,Doch bald ſie Gottes Straffe find/,doch bald ſie gottes straffe find,doch bald sie gottes straffe find
524584,body,119,0,True,45,Vnd macht ſie all des Teufels Kind/,vnd macht ſie all des teufels kind,und macht sie all des teufels kind
524584,body,120,0,True,45,Huͤt dich vor jhn/ vnd folg jhn nicht/,huͤt dich vor jhn vnd folg jhn nicht,hut dich uor ihn und folg ihn nicht
524584,body,121,0,True,45,Gedenck an Gott/ der alles ſicht/,gedenck an gott der alles ſicht,gedenck an gott der alles sicht
524584,body,122,0,True,45,Fuͤrwar nicht ſchertzet ſein Gericht/,fuͤrwar nicht ſchertzet ſein gericht,furwar nicht schertzet sein gericht
524584,body,123,0,True,45,Wie vns die heilig Schrifft bericht/,wie vns die heilig schrifft bericht,wie uns die heilig schrifft bericht
524584,body,124,0,True,45,Ob gleich ein Bub jhm ſelber ticht/,ob gleich ein bub jhm ſelber ticht,ob gleich ein bub ihm selber ticht
524584,body,125,0,True,45,Wie jetzt in aller Welt geſchicht/,wie jetzt in aller welt geſchicht,wie ietzt in aller welt geschicht
524584,body,126,0,True,45,Es hab noch lang mit jhm kein noth/,es hab noch lang mit jhm kein noth,es hab noch lang mit ihm kein noth
524584,body,127,0,True,45,Vnd fragt nicht viel nach Gotts Gebot.,vnd fragt nicht viel nach gotts gebot,und fragt nicht uiel nach gotts gebot
524584,body,128,0,False,45,Moͤchte aber jemand einwenden vnd ſagen: Ach lieber GOtt/ das ſicht mein verſtorbenes liebes Kindlein lauter aus nichtes an/ denn es war beydes ein naturalis inclinatio ad virtutes bey jhm/ es lies ſich ſelbſten wol an/ es war ein freundliches/ ſtilles/ frommes Kind/ vnd ich wolt es/ ob Gott wol/ auch zu allem guten gezogen/ vnd von der Welt/ vnd derſelben boͤſen verfuͤhriſchen Exempeln/ ernſtlichen abgehalten haben.,moͤchte aber jemand einwenden vnd ſagen ach lieber gott das ſicht mein verſtorbenes liebes kindlein lauter aus nichtes an denn es war beydes ein naturalis inclinatio ad virtutes bey jhm es lies ſich ſelbſten wol an es war ein freundliches ſtilles frommes kind vnd ich wolt es ob gott wol auch zu allem guten gezogen vnd von der welt vnd derſelben boͤſen verfuͤhriſchen exempeln ernſtlichen abgehalten haben,mochte aber iemand einwenden und sagen ach lieber gott das sicht mein uerstorbenes liebes kindlein lauter aus nichtes an denn es war beydes ein naturalis inclinatio ad uirtutes bey ihm es lies sich selbsten wol an es war ein freundliches stilles frommes kind und ich wolt es ob gott wol auch zu allem guten gezogen und uon der welt und derselben bosen uerfuhrischen exempeln ernstlichen abgehalten haben
524584,body,128,1,False,45,"Ja freylich ſol Chriſtlicher Eltern groͤſte vnd hoͤchſte Sorge ſeyn/ wie ſie jhrem Ampt genuͤge thun/ vnd jhre Leibes fruͤchte/ als ein Edel Geſchenck/ vnd groſſe Gabe Gottes/ auch Gott zu ehren aufferziehen/ vnd zur Furcht des Herren vnd aller Gottſeligkeit/ trewlich anmahnen vnd halten/ Sintemal es recht heiſt/ wie Baſilius ſagt: Qui non aſſueſcit virtuti, dum juveneſcit, à vitiis neſcit diſcedere, quando ſeneſcit, Wird ein junges Baͤumlein nicht gerade gebeuget/ weil es zart/ geſchlanck vnd klein iſt/ ſo bleibt es/ wann ein groſſer Bawm daraus wird/ wol jmmerzu hoͤckricht/ ein wilder knorꝛ/ krumm vnd wiemricht.",ja freylich ſol chriſtlicher eltern groͤſte vnd hoͤchſte sorge ſeyn wie ſie jhrem ampt genuͤge thun vnd jhre leibes fruͤchte als ein edel geſchenck vnd groſſe gabe gottes auch gott zu ehren aufferziehen vnd zur furcht des herren vnd aller gottſeligkeit trewlich anmahnen vnd halten sintemal es recht heiſt wie baſilius ſagt qui non aſſueſcit virtuti dum juveneſcit à vitiis neſcit diſcedere quando ſeneſcit wird ein junges baͤumlein nicht gerade gebeuget weil es zart geſchlanck vnd klein iſt ſo bleibt es wann ein groſſer bawm daraus wird wol jmmerzu hoͤckricht ein wilder knorꝛ krumm vnd wiemricht,ia freylich sol christlicher eltern groste und hochste sorge seyn wie sie ihrem ampt genuge thun und ihre leibes fruchte als ein edel geschenck und grosse gabe gottes auch gott zu ehren aufferziehen und zur furcht des herren und aller gottseligkeit trewlich anmahnen und halten sintemal es recht heist wie basilius sagt qui non assuescit uirtuti dum iuuenescit a uitiis nescit discedere quando senescit wird ein iunges baumlein nicht gerade gebeuget weil es zart geschlanck und klein ist so bleibt es wann ein grosser bawm daraus wird wol immerzu hockricht ein wilder knor krumm und wiemricht
524584,body,128,2,True,46,Darumb auch von den Eltern/ wofern durch jhren vnfleiß vnd nachleſſigkeit/ was in der Kinderzucht verſeumet vnnd verwarloſet worden iſt/ am juͤngſten Tage gar eine ſchwere vnd ernſte Rechenſchafft gefodert werden/ vnd zumal ſchrecklich vnd erbaͤrmlich zugehen wird/ wann gottloſe Eltern mit jhren boßhafftigen Kindern/ das vntraͤgliche Vrtheil JEſu Chriſti werden anhoͤren muͤſſen/ Matth. 25. Gehet hin von mir jhr Verfluchten/ in das ewige Fewer/ das bereit iſt dem Teufel/ vnd ſeinen Engeln.,darumb auch von den eltern wofern durch jhren vnfleiß vnd nachleſſigkeit was in der kinderzucht verſeumet vnnd verwarloſet worden iſt am juͤngſten tage gar eine ſchwere vnd ernſte rechenſchafft gefodert werden vnd zumal ſchrecklich vnd erbaͤrmlich zugehen wird wann gottloſe eltern mit jhren boßhafftigen kindern das vntraͤgliche vrtheil jeſu chriſti werden anhoͤren muͤſſen matth gehet hin von mir jhr verfluchten in das ewige fewer das bereit iſt dem teufel vnd ſeinen engeln,darumb auch uon den eltern wofern durch ihren unfleiss und nachlessigkeit was in der kinderzucht uerseumet unnd uerwarloset worden ist am iungsten tage gar eine schwere und ernste rechenschafft gefodert werden und zumal schrecklich und erbarmlich zugehen wird wann gottlose eltern mit ihren bosshafftigen kindern das untragliche urtheil iesu christi werden anhoren mussen matth gehet hin uon mir ihr uerfluchten in das ewige fewer das bereit ist dem teufel und seinen engeln
524584,body,129,0,False,46,Aber wann wir gleich alle vnſern moͤglichen fleiß vorgewendet haben/ ſo ſchlagen doch offt auch den froͤmmſten Eltern die Kinder vmb/ vnd gerathen zumal vbel/ wie aus vielen Exempeln der heiligen Schrifft zu ſehen.,aber wann wir gleich alle vnſern moͤglichen fleiß vorgewendet haben ſo ſchlagen doch offt auch den froͤmmſten eltern die kinder vmb vnd gerathen zumal vbel wie aus vielen exempeln der heiligen schrifft zu ſehen,aber wann wir gleich alle unsern moglichen fleiss uorgewendet haben so schlagen doch offt auch den frommsten eltern die kinder umb und gerathen zumal ubel wie aus uielen exempeln der heiligen schrifft zu sehen
524584,body,129,1,False,46,Jacob war ein frommer Mann/ ein heiliger Patriarch/ aus welches Lenden der HErr Meſſias/ vnd rechte SegensMann aller Voͤlcker/ in kuͤnfftigen zeiten ſelber ſolte entſprieſſen/ herkommen/ vnd Menſch geboren werden/ der wird traun auch gute vnd fleiſſige Kinder diſciplin gehalten/ vnd aus ſeinem Hauſe ein liebes Kirchlein vnſerm Herrn Gott gemacht haben/ Aber welche boͤſe Blattern erzeucht er?,jacob war ein frommer mann ein heiliger patriarch aus welches lenden der herr meſſias vnd rechte segensmann aller voͤlcker in kuͤnfftigen zeiten ſelber ſolte entſprieſſen herkommen vnd menſch geboren werden der wird traun auch gute vnd fleiſſige kinder diſciplin gehalten vnd aus ſeinem hauſe ein liebes kirchlein vnſerm herrn gott gemacht haben aber welche boͤſe blattern erzeucht er,iacob war ein frommer mann ein heiliger patriarch aus welches lenden der herr messias und rechte segensmann aller uolcker in kunfftigen zeiten selber solte entspriessen herkommen und mensch geboren werden der wird traun auch gute und fleissige kinder disciplin gehalten und aus seinem hause ein liebes kirchlein unserm herrn gott gemacht haben aber welche bose blattern erzeucht er
524584,body,129,2,False,46,Dina ſeine ſchoͤne Tochter/ gehet aus Vorwitz ſpatziren/ ſonder zweifel ohne des Vaters vorwiſſen vnd willen/ wird daruͤber geſchendet/ vnnd verleuret jhren Jungfraͤwlichen Ehrenkrantz.,dina ſeine ſchoͤne tochter gehet aus vorwitz ſpatziren ſonder zweifel ohne des vaters vorwiſſen vnd willen wird daruͤber geſchendet vnnd verleuret jhren jungfraͤwlichen ehrenkrantz,dina seine schone tochter gehet aus uorwitz spatziren sonder zweifel ohne des uaters uorwissen und willen wird daruber geschendet unnd uerleuret ihren iungfrawlichen ehrenkrantz
524584,body,129,3,True,47,Simeon vnd Levi/ die beyde moͤrderiſche Buben/ ſampt jhrem Anhang/ erwuͤrgen darob eine gantze Stadt voller Mannſchafft/ darunter viel vnſchuͤldiges Bluts vergoſſen wird/ Geneſ. 34. Ruben der Erſtgeborne/ begehet mit ſeiner Stiffmutter grewliche Blutſchande/ vnd bringet ſelber zu wege/ daß er von GOtt im Ober Regiment außgemuſtert vnd verworffen wird/ Gen. 35. Juda ſchwaͤ et ſeine eigene Schnur Thamar/ ſeines verſtorbenen Sohnes Weib/ Gen. 38. Die andern Bruͤder alle/ verkaͤuffen in frembde Land/ aus bitterer Feindſchafft/ vnd vbel gefaſtem Argwohn/ jhren leiblichen Bruder/ den frommen Joſeph/ das liebe Kind ſeines Vatern/ berichten den ſchwachen Vater mit Vnwarheit/ als habe jhn ein wildes Thier zerriſſen/ vnd jagen dem alten armen Manne mit graͤmnuͤs vnd leide weidlich die grawen Haare heraus/ Geneſ. 37.,simeon vnd levi die beyde moͤrderiſche buben ſampt jhrem anhang erwuͤrgen darob eine gantze stadt voller mannſchafft darunter viel vnſchuͤldiges bluts vergoſſen wird geneſ ruben der erſtgeborne begehet mit ſeiner stiffmutter grewliche blutſchande vnd bringet ſelber zu wege daß er von gott im ober regiment außgemuſtert vnd verworffen wird gen juda ſchwaͤ et ſeine eigene schnur thamar ſeines verſtorbenen sohnes weib gen die andern bruͤder alle verkaͤuffen in frembde land aus bitterer feindſchafft vnd vbel gefaſtem argwohn jhren leiblichen bruder den frommen joſeph das liebe kind ſeines vatern berichten den ſchwachen vater mit vnwarheit als habe jhn ein wildes thier zerriſſen vnd jagen dem alten armen manne mit graͤmnuͤs vnd leide weidlich die grawen haare heraus geneſ,simeon und leui die beyde morderische buben sampt ihrem anhang erwurgen darob eine gantze stadt uoller mannschafft darunter uiel unschuldiges bluts uergossen wird genes ruben der erstgeborne begehet mit seiner stiffmutter grewliche blutschande und bringet selber zu wege dass er uon gott im ober regiment aussgemustert und uerworffen wird gen iuda schwa et seine eigene schnur thamar seines uerstorbenen sohnes weib gen die andern bruder alle uerkauffen in frembde land aus bitterer feindschafft und ubel gefastem argwohn ihren leiblichen bruder den frommen ioseph das liebe kind seines uatern berichten den schwachen uater mit unwarheit als habe ihn ein wildes thier zerrissen und iagen dem alten armen manne mit gramnus und leide weidlich die grawen haare heraus genes
524584,body,130,0,False,47,Ebener maſſen war auch der Koͤnig David ein groſſer Wundermann/ ein Mann nach dem wuntſch vnd willen Goͤttliches Hertzens/ der freylich auch ohn vnterlaß das Geſetz des Herrn ſeinen Kindern wird geſcherffet/ vnd ſie von Jugend auff in Gottes Wort vnterrichtet haben/ Aber O wie groß Hertzenleid erlebet er doch an jhnen: Ammon ſein Sohn beſchlefft ſeine leibliche Schweſter Thamar/ darumb er in voller weiſe von Abſolon ſeinem Bruder erwuͤrget wird/ 2. Samuel. 13. Vnnd dieſer Abſolon entpoͤrete ſich hernach wider den Koͤnig/ ſeinen leiblichen Vater/ jagt jhn von Land vnd Leuten/ vnd wird von Joab dem Feldhaͤuptmann/ in verſtockung vnd vnbußfertigkeit/ an einer Eichen hangend/ mit dreyen Spieſſen jaͤmmerlichen durchſtochen/ wie im 2. Buch Samuelis am 15. vnd 18. Cap. zu leſen.,ebener maſſen war auch der koͤnig david ein groſſer wundermann ein mann nach dem wuntſch vnd willen goͤttliches hertzens der freylich auch ohn vnterlaß das geſetz des herrn ſeinen kindern wird geſcherffet vnd ſie von jugend auff in gottes wort vnterrichtet haben aber o wie groß hertzenleid erlebet er doch an jhnen ammon ſein sohn beſchlefft ſeine leibliche schweſter thamar darumb er in voller weiſe von abſolon ſeinem bruder erwuͤrget wird samuel vnnd dieſer abſolon entpoͤrete ſich hernach wider den koͤnig ſeinen leiblichen vater jagt jhn von land vnd leuten vnd wird von joab dem feldhaͤuptmann in verſtockung vnd vnbußfertigkeit an einer eichen hangend mit dreyen spieſſen jaͤmmerlichen durchſtochen wie im buch samuelis am vnd cap zu leſen,ebener massen war auch der konig dauid ein grosser wundermann ein mann nach dem wuntsch und willen gottliches hertzens der freylich auch ohn unterlass das gesetz des herrn seinen kindern wird gescherffet und sie uon iugend auff in gottes wort unterrichtet haben aber o wie gross hertzenleid erlebet er doch an ihnen ammon sein sohn beschlefft seine leibliche schwester thamar darumb er in uoller weise uon absolon seinem bruder erwurget wird samuel unnd dieser absolon entporete sich hernach wider den konig seinen leiblichen uater iagt ihn uon land und leuten und wird uon ioab dem feldhauptmann in uerstockung und unbussfertigkeit an einer eichen hangend mit dreyen spiessen iammerlichen durchstochen wie im buch samuelis am und cap zu lesen
524584,body,130,1,True,48,Wanns hier hette wuͤntſchens vnd wehlens gegolten/ O wie viel tauſend mal lieber wuͤrde Jacob vnd David geſehen haben/ jhren Kindern ein weiſſen Sterbekittel in der Jugend anziehen/ vnd ſie hin zu Grabe tragen/ denn daß ſie ſolchen Jammer an jhnen erfahren vnd ſehen ſolten?,wanns hier hette wuͤntſchens vnd wehlens gegolten o wie viel tauſend mal lieber wuͤrde jacob vnd david geſehen haben jhren kindern ein weiſſen sterbekittel in der jugend anziehen vnd ſie hin zu grabe tragen denn daß ſie ſolchen jammer an jhnen erfahren vnd ſehen ſolten,wanns hier hette wuntschens und wehlens gegolten o wie uiel tausend mal lieber wurde iacob und dauid gesehen haben ihren kindern ein weissen sterbekittel in der iugend anziehen und sie hin zu grabe tragen denn dass sie solchen iammer an ihnen erfahren und sehen solten
524584,body,131,0,True,48,Was nun dieſen groſſen Wunderleuten Gottes begegnet vnd wiederfahren/ haben wir keinen Buͤrgen darvor/ daß vns mit vnſern Kindern nicht auch betreffen koͤndte/ Denn,was nun dieſen groſſen wunderleuten gottes begegnet vnd wiederfahren haben wir keinen buͤrgen darvor daß vns mit vnſern kindern nicht auch betreffen koͤndte denn,was nun diesen grossen wunderleuten gottes begegnet und wiederfahren haben wir keinen burgen daruor dass uns mit unsern kindern nicht auch betreffen kondte denn
524584,body,132,0,True,48,Es iſt noch nicht aller dinge Feyerabend/ die Boßheit verkehret offt einem den Verſtand/ vnd boͤſe Exempel/ derer die Welt an jetzo gar viel voͤller/ denn zu jener zeit iſt/ verderben gute Sitten.,es iſt noch nicht aller dinge feyerabend die boßheit verkehret offt einem den verſtand vnd boͤſe exempel derer die welt an jetzo gar viel voͤller denn zu jener zeit iſt verderben gute sitten,es ist noch nicht aller dinge feyerabend die bossheit uerkehret offt einem den uerstand und bose exempel derer die welt an ietzo gar uiel uoller denn zu iener zeit ist uerderben gute sitten
524584,body,133,0,True,48,"Darumb greifft nun vnſer Herr GOtt/ dem es am beſten bewuſt/ was kuͤnfftiger weil aus vnſern Kindern werden moͤchte/ ins Spiel/ vnd nimbt oder rafft ſie jung durch den zeitlichen Tod hinweg/ ex conſpectu peccatorum, in conſortium Angelorum, aus der Suͤnder anbruͤchtigen Zunfft vnd Geſellſchafft/ in der lieben heiligen Engel froͤliche Gemeinſchafft/ do duͤrffen ſich denn die Eltern nicht mehr befuͤrchten/ daß die Boßheit jhren Verſtand vberweltigen/ vnd boͤſe Exempel ſie verfuͤhren vnd verkehren moͤgen/ denn ſie ſeyn ſehr wol angewehret/ Es heiſt mit jhnen:",darumb greifft nun vnſer herr gott dem es am beſten bewuſt was kuͤnfftiger weil aus vnſern kindern werden moͤchte ins spiel vnd nimbt oder rafft ſie jung durch den zeitlichen tod hinweg ex conſpectu peccatorum in conſortium angelorum aus der suͤnder anbruͤchtigen zunfft vnd geſellſchafft in der lieben heiligen engel froͤliche gemeinſchafft do duͤrffen ſich denn die eltern nicht mehr befuͤrchten daß die boßheit jhren verſtand vberweltigen vnd boͤſe exempel ſie verfuͤhren vnd verkehren moͤgen denn ſie ſeyn ſehr wol angewehret es heiſt mit jhnen,darumb greifft nun unser herr gott dem es am besten bewust was kunfftiger weil aus unsern kindern werden mochte ins spiel und nimbt oder rafft sie iung durch den zeitlichen tod hinweg ex conspectu peccatorum in consortium angelorum aus der sunder anbruchtigen zunfft und gesellschafft in der lieben heiligen engel froliche gemeinschafft do durffen sich denn die eltern nicht mehr befurchten dass die bossheit ihren uerstand uberweltigen und bose exempel sie uerfuhren und uerkehren mogen denn sie seyn sehr wol angewehret es heist mit ihnen
524584,body,134,0,True,49,"Paulinus Nolæ Epiſcopus in Panegyrico ſuo, quo parentes Chriſtianos, in obitu filii immaturo conſolatur, ſchreibet darvon alſo:",paulinus nolæ epiſcopus in panegyrico ſuo quo parentes chriſtianos in obitu filii immaturo conſolatur ſchreibet darvon alſo,paulinus nolae episcopus in panegyrico suo quo parentes christianos in obitu filii immaturo consolatur schreibet daruon also
524584,body,135,0,True,49,Wer durch den Todt von aller noth,wer durch den todt von aller noth,wer durch den todt uon aller noth
524584,body,136,0,True,49,Wird jung hinweg genommen/,wird jung hinweg genommen,wird iung hinweg genommen
524584,body,137,0,True,49,Fleiſſig ers hat zu dancken Gott/,fleiſſig ers hat zu dancken gott,fleissig ers hat zu dancken gott
524584,body,138,0,True,49,Der Welt iſt er entronnen.,der welt iſt er entronnen,der welt ist er entronnen
524584,body,139,0,False,49,"Vnd Auguſtinus ſchreibet: O parvuli beati, modò nati, nondum luctati, jam vel citò coronati,",vnd auguſtinus ſchreibet o parvuli beati modò nati nondum luctati jam vel citò coronati,und augustinus schreibet o paruuli beati modo nati nondum luctati iam uel cito coronati
524584,body,139,1,False,49,O jhr zarten Kinderlein/ lieben FlugEngelein/ jhr ſeyd newlich geboren worden/ vnd noch nicht ſo hoch mit vielem boͤſen verſucht/ habt auch ſo mancherley Creutz nicht außſtehen muͤſſen/ als die Erwachſenen vnd Alten/ vnd werdet doch gleichwol mit dem Ehrenkraͤntzlein des ewigen Lebens/ bald verehret vnd gekroͤnet.,o jhr zarten kinderlein lieben flugengelein jhr ſeyd newlich geboren worden vnd noch nicht ſo hoch mit vielem boͤſen verſucht habt auch ſo mancherley creutz nicht außſtehen muͤſſen als die erwachſenen vnd alten vnd werdet doch gleichwol mit dem ehrenkraͤntzlein des ewigen lebens bald verehret vnd gekroͤnet,o ihr zarten kinderlein lieben flugengelein ihr seyd newlich geboren worden und noch nicht so hoch mit uielem bosen uersucht habt auch so mancherley creutz nicht aussstehen mussen als die erwachsenen und alten und werdet doch gleichwol mit dem ehrenkrantzlein des ewigen lebens bald uerehret und gekronet
524584,body,139,2,True,50,Wer wolte hier abermal ſo naͤrriſch vnd toͤricht ſeyn/ daß er jhm in dieſem fall Gottes vaͤterliche wolmeynung nicht belieben vnd gefallen lieſſe?,wer wolte hier abermal ſo naͤrriſch vnd toͤricht ſeyn daß er jhm in dieſem fall gottes vaͤterliche wolmeynung nicht belieben vnd gefallen lieſſe,wer wolte hier abermal so narrisch und toricht seyn dass er ihm in diesem fall gottes uaterliche wolmeynung nicht belieben und gefallen liesse
524584,body,140,0,False,50,"Die vierdte hochbeſchwerliche vnd klaͤgliche gefaͤhrligkeit dieſes Lebens iſt/ Quòd ſit ſuperſtitioſa, daß es mit allerley falſcher vnd Gottsvergeſſener Lehr/ dadurch gar manches lieben Mutterkindes Seele jaͤmmerlichen betrogen wird/ gantz vnd gar beſchmeiſſet vnd erfuͤllet ſey.",die vierdte hochbeſchwerliche vnd klaͤgliche gefaͤhrligkeit dieſes lebens iſt quòd ſit ſuperſtitioſa daß es mit allerley falſcher vnd gottsvergeſſener lehr dadurch gar manches lieben mutterkindes seele jaͤmmerlichen betrogen wird gantz vnd gar beſchmeiſſet vnd erfuͤllet ſey,die uierdte hochbeschwerliche und klagliche gefahrligkeit dieses lebens ist quod sit superstitiosa dass es mit allerley falscher und gottsuergessener lehr dadurch gar manches lieben mutterkindes seele iammerlichen betrogen wird gantz und gar beschmeisset und erfullet sey
524584,body,140,1,False,50,"Denn weil der leidige Teufel ſehr wol weiß/ daß ſeine Galgenfriſt aus iſt/ vnnd er nicht viel mehr zeit vor der hand hat/ Apocal. 12. gehet er vollend herumb wie ein bruͤllender Lewe/ 1. Pet. 5. vnd ſchreyet vnd ſpeyet einen mit dieſer/ dem andern mit einer andern Deuteley vnnd verfelſcherey Goͤttliches Wortes/ beyde Ohren vnd Hertzen voll/ vnd bemuͤhet ſich mit aller macht/ aus Goͤttlicher Schrifft/ einen rechten Cothurnum vnd Bundſchuch zu machen/ der allerley falſchen Lehr recht vnd eben ſeyn ſolte/ Sintemal kein Jrꝛgeiſt gefunden wird/ der ſeine argliſtige Triegerey nit mit Goͤttlicher Schrifft/ zerſtuͤmmelter vnd argliſtiger weiſe/ darthun/ bemaͤnteln vnd beweiſen wolte/ vnnd gereth jhm offters die Schantze nach ſeinem Wuntſch vnd willen/ vnd gehet jhm das Handwerck ſehr gluͤcklichen abe/ wie es mehr denn zuviel am Tage vnd vor Augen iſt/ daß Liecht vnd Finſternuͤs/ Chriſtus vnd Belial/ Gnadenthron vnd Dagon, vnter einer Decke geworffen/ von vielen ChriſtSpoͤttern vnnd hinckenden Baaliten/ allerley Religion vor gleich/ rein vnd heilig gehalten/ vnd des Strasburgii Verßlein Practica recht geſpuͤret vnd vermercket wird: Nil tàm blaſphemum est, quod non reperire patronos Poßit, & autorem reddat honorificum.",denn weil der leidige teufel ſehr wol weiß daß ſeine galgenfriſt aus iſt vnnd er nicht viel mehr zeit vor der hand hat apocal gehet er vollend herumb wie ein bruͤllender lewe pet vnd ſchreyet vnd ſpeyet einen mit dieſer dem andern mit einer andern deuteley vnnd verfelſcherey goͤttliches wortes beyde ohren vnd hertzen voll vnd bemuͤhet ſich mit aller macht aus goͤttlicher schrifft einen rechten cothurnum vnd bundſchuch zu machen der allerley falſchen lehr recht vnd eben ſeyn ſolte sintemal kein jrꝛgeiſt gefunden wird der ſeine argliſtige triegerey nit mit goͤttlicher schrifft zerſtuͤmmelter vnd argliſtiger weiſe darthun bemaͤnteln vnd beweiſen wolte vnnd gereth jhm offters die schantze nach ſeinem wuntſch vnd willen vnd gehet jhm das handwerck ſehr gluͤcklichen abe wie es mehr denn zuviel am tage vnd vor augen iſt daß liecht vnd finſternuͤs chriſtus vnd belial gnadenthron vnd dagon vnter einer decke geworffen von vielen chriſtspoͤttern vnnd hinckenden baaliten allerley religion vor gleich rein vnd heilig gehalten vnd des strasburgii verßlein practica recht geſpuͤret vnd vermercket wird nil tàm blaſphemum est quod non reperire patronos poßit & autorem reddat honorificum,denn weil der leidige teufel sehr wol weiss dass seine galgenfrist aus ist unnd er nicht uiel mehr zeit uor der hand hat apocal gehet er uollend herumb wie ein brullender lewe pet und schreyet und speyet einen mit dieser dem andern mit einer andern deuteley unnd uerfelscherey gottliches wortes beyde ohren und hertzen uoll und bemuhet sich mit aller macht aus gottlicher schrifft einen rechten cothurnum und bundschuch zu machen der allerley falschen lehr recht und eben seyn solte sintemal kein irgeist gefunden wird der seine arglistige triegerey nit mit gottlicher schrifft zerstummelter und arglistiger weise darthun bemanteln und beweisen wolte unnd gereth ihm offters die schantze nach seinem wuntsch und willen und gehet ihm das handwerck sehr glucklichen abe wie es mehr denn zuuiel am tage und uor augen ist dass liecht und finsternus christus und belial gnadenthron und dagon unter einer decke geworffen uon uielen christspottern unnd hinckenden baaliten allerley religion uor gleich rein und heilig gehalten und des strasburgii uersslein practica recht gespuret und uermercket wird nil tam blasphemum est quod non reperire patronos possit et autorem reddat honorificum
524584,body,140,2,False,51,Keine Gottes- vnd Chriſtſchenderiſche Sect kan ſo vnſoͤt/ gifftig/ bitter vnd boͤſe erfunden werden/ darzu nicht die vnbeſtaͤndigen Weltkinder/ die ohne das nach der wahren Religion nicht viel fragen/ einen appetit hetten/ vnd luſt vnd liebe truͤgen.,keine gottes vnd chriſtſchenderiſche sect kan ſo vnſoͤt gifftig bitter vnd boͤſe erfunden werden darzu nicht die vnbeſtaͤndigen weltkinder die ohne das nach der wahren religion nicht viel fragen einen appetit hetten vnd luſt vnd liebe truͤgen,keine gottes und christschenderische sect kan so unsot gifftig bitter und bose erfunden werden darzu nicht die unbestandigen weltkinder die ohne das nach der wahren religion nicht uiel fragen einen appetit hetten und lust und liebe trugen
524584,body,140,3,False,51,"O wie iſt jetzt erfuͤllet vnd wahr gemacht/ das vnfehlbare Prognoſticon, vnd die trawrige Weiſſagung des Sohns Gottes/ da er Lucæ 18. ſagt: Wenn des Menſchen Sohn kommen wird/ meyneſtu daß er auch werde Glauben finden?",o wie iſt jetzt erfuͤllet vnd wahr gemacht das vnfehlbare prognoſticon vnd die trawrige weiſſagung des sohns gottes da er lucæ ſagt wenn des menſchen sohn kommen wird meyneſtu daß er auch werde glauben finden,o wie ist ietzt erfullet und wahr gemacht das unfehlbare prognosticon und die trawrige weissagung des sohns gottes da er lucae sagt wenn des menschen sohn kommen wird meynestu dass er auch werde glauben finden
524584,body,140,4,False,51,So wol des Apoſtels Pauli/ welcher 1. Tim. am 4. Cap. ſpricht: Der Geiſt ſaget deutlich/ daß in den letzten Zeiten werden etliche vom Glauben abtreten/ vnd anhangen den verfuͤhriſchen Geiſtern vnd Lehren der Teufel/ ꝛc. Solches nun ein wenig behertziget/ vnd zu gemuͤthe gefuͤhret/ krencket offt nicht wenig manchen frommen Vater vnd Chriſtliche Mutter/ daß ſie auch auff jhrem Todbette fur niemands mehr ſorge tragen/ ſeufftzen vnd beten/ denn fuͤr jhre kleine/ vnmuͤndige/ vnerzogene Kinderlein/ die noch nicht wiſſen vnd vnterſcheiden koͤnnen/ was weis oder ſchwartz/ recht oder vnrecht iſt/ damit nach jhrem Tode ſolcher vnſchuͤldige Seelichen nicht durch falche Lehre verfuͤhret/ vnd von GOtt abgezogen werden/ ſondern daß ſie Gott in ſeiner ſeligmachenden Warheit/ vnd im rechten Glauben an Jeſum Chriſtum erhalten vnd heiligen wolle.,so wol des apoſtels pauli welcher tim am cap ſpricht der geiſt ſaget deutlich daß in den letzten zeiten werden etliche vom glauben abtreten vnd anhangen den verfuͤhriſchen geiſtern vnd lehren der teufel ꝛc solches nun ein wenig behertziget vnd zu gemuͤthe gefuͤhret krencket offt nicht wenig manchen frommen vater vnd chriſtliche mutter daß ſie auch auff jhrem todbette fur niemands mehr ſorge tragen ſeufftzen vnd beten denn fuͤr jhre kleine vnmuͤndige vnerzogene kinderlein die noch nicht wiſſen vnd vnterſcheiden koͤnnen was weis oder ſchwartz recht oder vnrecht iſt damit nach jhrem tode ſolcher vnſchuͤldige seelichen nicht durch falche lehre verfuͤhret vnd von gott abgezogen werden ſondern daß ſie gott in ſeiner ſeligmachenden warheit vnd im rechten glauben an jeſum chriſtum erhalten vnd heiligen wolle,so wol des apostels pauli welcher tim am cap spricht der geist saget deutlich dass in den letzten zeiten werden etliche uom glauben abtreten und anhangen den uerfuhrischen geistern und lehren der teufel c solches nun ein wenig behertziget und zu gemuthe gefuhret krencket offt nicht wenig manchen frommen uater und christliche mutter dass sie auch auff ihrem todbette fur niemands mehr sorge tragen seufftzen und beten denn fur ihre kleine unmundige unerzogene kinderlein die noch nicht wissen und unterscheiden konnen was weis oder schwartz recht oder unrecht ist damit nach ihrem tode solcher unschuldige seelichen nicht durch falche lehre uerfuhret und uon gott abgezogen werden sondern dass sie gott in seiner seligmachenden warheit und im rechten glauben an iesum christum erhalten und heiligen wolle
524584,body,140,5,False,52,Wenn vns aber vnſer Herr GOtt zuvor koͤmpt/ vnd leſt vns den Kindern/ vnd die Kinder nicht vns nachſehen/ vnd wir wiſſen/ wie ſie geſtorben vnnd verſchieden/ vnnd was ſie jhrem lieben Erloͤſer JEſu Chriſto guts mitgebracht haben/ nemlich ein geheiligtes Hertzlein/ mit Chriſti thewrem Blut beſprenget/ vnd haben die hoffnung/ daß wir ſie nicht gar verloren/ ſondern nur voran geſchickt haben ins ewige Leben/ da da wir ſie/ ob Gott wil/ gewiß wieder finden vnd ſehen/ vnd die alte Lieb vnd Kundſchafft vernewern/ vnd ewig bey jhnen/ in vnauffhoͤrlicher Frewd vnd Herꝛligkeit/ ſeyn vnd bleiben ſollen: Ach ewiger Gott/ wie wol thuſt du in dieſem fall/ dich liebenden Eltern.,wenn vns aber vnſer herr gott zuvor koͤmpt vnd leſt vns den kindern vnd die kinder nicht vns nachſehen vnd wir wiſſen wie ſie geſtorben vnnd verſchieden vnnd was ſie jhrem lieben erloͤſer jeſu chriſto guts mitgebracht haben nemlich ein geheiligtes hertzlein mit chriſti thewrem blut beſprenget vnd haben die hoffnung daß wir ſie nicht gar verloren ſondern nur voran geſchickt haben ins ewige leben da da wir ſie ob gott wil gewiß wieder finden vnd ſehen vnd die alte lieb vnd kundſchafft vernewern vnd ewig bey jhnen in vnauffhoͤrlicher frewd vnd herꝛligkeit ſeyn vnd bleiben ſollen ach ewiger gott wie wol thuſt du in dieſem fall dich liebenden eltern,wenn uns aber unser herr gott zuuor kompt und lest uns den kindern und die kinder nicht uns nachsehen und wir wissen wie sie gestorben unnd uerschieden unnd was sie ihrem lieben erloser iesu christo guts mitgebracht haben nemlich ein geheiligtes hertzlein mit christi thewrem blut besprenget und haben die hoffnung dass wir sie nicht gar uerloren sondern nur uoran geschickt haben ins ewige leben da da wir sie ob gott wil gewiss wieder finden und sehen und die alte lieb und kundschafft uernewern und ewig bey ihnen in unauffhorlicher frewd und herligkeit seyn und bleiben sollen ach ewiger gott wie wol thust du in diesem fall dich liebenden eltern
524584,body,140,6,True,52,Freylich ſolten wir in ſolcher betrachtung/ wer es nur aus Menſchlicher ſchwachheit verſchmertzen vnd verbeiſſen koͤndte/ nur kein Auge naß machen/ ſondern vnſerm lieben GOtt noch darfuͤr dancken/ der alles ſeinen Glaͤubigen zum beſten ſchicken/ ſchaffen vnd wenden kan.,freylich ſolten wir in ſolcher betrachtung wer es nur aus menſchlicher ſchwachheit verſchmertzen vnd verbeiſſen koͤndte nur kein auge naß machen ſondern vnſerm lieben gott noch darfuͤr dancken der alles ſeinen glaͤubigen zum beſten ſchicken ſchaffen vnd wenden kan,freylich solten wir in solcher betrachtung wer es nur aus menschlicher schwachheit uerschmertzen und uerbeissen kondte nur kein auge nass machen sondern unserm lieben gott noch darfur dancken der alles seinen glaubigen zum besten schicken schaffen und wenden kan
524584,body,141,0,True,52,"Die fuͤnffte vnd letzte hochbeſchwerliche vnd klaͤgliche gefaͤhrligkeit dieſes Lebens iſt/ Quòd tota ſit malitioſa, daß es ein arges boͤſes Leben ſey/ welches der heilige Geiſt andeutet in vnſerm Spruͤchlein/ in den worten/ daß Gott mit denen/ welcher Seelen jhm wolgefallen/ fruͤezeitig eile aus dieſem boͤſen Leben/ Denn das boͤſe darinnen ſo gar vberhand genommen hat/ daß wenig guts forthin mehr zu hoffen iſt/ vnnd man hoͤret von lauter Krieg vnd Kriegsgeſchrey/ es empoͤret ſich ein Volck wider das ander/ vnd ein Koͤnigreich vber das ander/ vnd ſeyn Peſtilentz vnd thewre zeit/ vnd Erdbeben hin vnd wieder/ es verrathen ſich die Leute vntereinander/ vnd haſſen einander/ vnd die Vngerechtigkeit hat mit gewalt vberhand genommen/ vnd iſt die Liebe in vielen gar erkaltet/ wie Chriſtus Matth. 24. klaͤrlichen außſaget/ vnd auch die erfahrung bezeuget. Dann",die fuͤnffte vnd letzte hochbeſchwerliche vnd klaͤgliche gefaͤhrligkeit dieſes lebens iſt quòd tota ſit malitioſa daß es ein arges boͤſes leben ſey welches der heilige geiſt andeutet in vnſerm spruͤchlein in den worten daß gott mit denen welcher seelen jhm wolgefallen fruͤezeitig eile aus dieſem boͤſen leben denn das boͤſe darinnen ſo gar vberhand genommen hat daß wenig guts forthin mehr zu hoffen iſt vnnd man hoͤret von lauter krieg vnd kriegsgeſchrey es empoͤret ſich ein volck wider das ander vnd ein koͤnigreich vber das ander vnd ſeyn peſtilentz vnd thewre zeit vnd erdbeben hin vnd wieder es verrathen ſich die leute vntereinander vnd haſſen einander vnd die vngerechtigkeit hat mit gewalt vberhand genommen vnd iſt die liebe in vielen gar erkaltet wie chriſtus matth klaͤrlichen außſaget vnd auch die erfahrung bezeuget dann,die funffte und letzte hochbeschwerliche und klagliche gefahrligkeit dieses lebens ist quod tota sit malitiosa dass es ein arges boses leben sey welches der heilige geist andeutet in unserm spruchlein in den worten dass gott mit denen welcher seelen ihm wolgefallen fruezeitig eile aus diesem bosen leben denn das bose darinnen so gar uberhand genommen hat dass wenig guts forthin mehr zu hoffen ist unnd man horet uon lauter krieg und kriegsgeschrey es emporet sich ein uolck wider das ander und ein konigreich uber das ander und seyn pestilentz und thewre zeit und erdbeben hin und wieder es uerrathen sich die leute untereinander und hassen einander und die ungerechtigkeit hat mit gewalt uberhand genommen und ist die liebe in uielen gar erkaltet wie christus matth klarlichen ausssaget und auch die erfahrung bezeuget dann
524584,body,142,0,True,53,Wo iſt jetzund Gerechtigkeit?,wo iſt jetzund gerechtigkeit,wo ist ietzund gerechtigkeit
524584,body,143,0,True,53,Wo iſt die Zucht vnd Erbarkeit?,wo iſt die zucht vnd erbarkeit,wo ist die zucht und erbarkeit
524584,body,144,0,True,53,Wo iſt die Trew/ Glaub/ Lieb vnd Gunſt?,wo iſt die trew glaub lieb vnd gunſt,wo ist die trew glaub lieb und gunst
524584,body,145,0,True,53,Wer dient dem andern gern vmbſonſt?,wer dient dem andern gern vmbſonſt,wer dient dem andern gern umbsonst
524584,body,146,0,True,53,Wer teuſcht jetzt ſeinen Nechſten nicht?,wer teuſcht jetzt ſeinen nechſten nicht,wer teuscht ietzt seinen nechsten nicht
524584,body,147,0,True,53,Es iſt jetzt jederman entwicht/,es iſt jetzt jederman entwicht,es ist ietzt iederman entwicht
524584,body,148,0,True,53,Gottsfurcht auff Erden nackend iſt/,gottsfurcht auff erden nackend iſt,gottsfurcht auff erden nackend ist
524584,body,149,0,True,53,Der Glaub verſchwind/ die Lieb verliſcht/,der glaub verſchwind die lieb verliſcht,der glaub uerschwind die lieb uerlischt
524584,body,150,0,True,53,Allenthalben iſt Triegerey/,allenthalben iſt triegerey,allenthalben ist triegerey
524584,body,151,0,True,53,Neid/ Haſs/ Vortheil/ Verraͤtherey/,neid haſs vortheil verraͤtherey,neid hass uortheil uerratherey
524584,body,152,0,True,54,Vntrew den beſten Platz jetzt find/,vntrew den beſten platz jetzt find,untrew den besten platz ietzt find
524584,body,153,0,True,54,Wer heucheln kan/ demſelbn gelingt.,wer heucheln kan demſelbn gelingt,wer heucheln kan demselbn gelingt
524584,body,154,0,True,54,Vnd die Kirche ſinget:,vnd die kirche ſinget,und die kirche singet
524584,body,155,0,True,54,Erger iſts nie geweſen/,erger iſts nie geweſen,erger ists nie gewesen
524584,body,156,0,True,54,Von anbegin der Welt/,von anbegin der welt,uon anbegin der welt
524584,body,157,0,True,54,Ein jeder mags wol leſen/,ein jeder mags wol leſen,ein ieder mags wol lesen
524584,body,158,0,True,54,Was Chriſtus hat gemeldt/,was chriſtus hat gemeldt,was christus hat gemeldt
524584,body,159,0,True,54,Kein Lieb noch Glaub auff Erden iſt/,kein lieb noch glaub auff erden iſt,kein lieb noch glaub auff erden ist
524584,body,160,0,True,54,Ein jeder braucht ſein Tuͤck vnd Liſt/,ein jeder braucht ſein tuͤck vnd liſt,ein ieder braucht sein tuck und list
524584,body,161,0,True,54,Vnd hats der Teufel dahin gebracht/,vnd hats der teufel dahin gebracht,und hats der teufel dahin gebracht
524584,body,162,0,True,54,Daß man Gott vnd ſein Wort gantz vnd,daß man gott vnd ſein wort gantz vnd,dass man gott und sein wort gantz und
524584,body,163,0,True,54,gar veracht/,gar veracht,gar ueracht
524584,body,164,0,True,54,Fragt nichts nach ſeinen Geboten/,fragt nichts nach ſeinen geboten,fragt nichts nach seinen geboten
524584,body,165,0,True,54,Treibt nur daraus den ſpotte/,treibt nur daraus den ſpotte,treibt nur daraus den spotte
524584,body,166,0,True,54,Sagt wol/ es ſey kein Gotte.,sagt wol es ſey kein gotte,sagt wol es sey kein gotte
524584,body,167,0,False,54,Wen nun aus dieſem boͤſen Leben vnd grewlichen Zeiten/ die wir nach der Propheceyung S. Pauli/ 2. Timoth. 3. in den letzten Tagen leider erlebet vnd erreichet haben/ vnſer Herr GOtt jung hinruͤckt vnd wegnimpt/ vnd ergreifft jhn/ gleich als ein trewer Vater ſein liebes Kind/ vnd fuͤhret jhn in ſein gewarſames Kaͤmmerlein/ vnnd liebes Ruhebettlein/ ſein kuͤhles Graͤblein/ vnd ſchleuſt die Thuͤr des zeitlichen Lebens nach jhm zu/ vnd verbirget jhn einen kleinen Augenblick/ biß der Zorn fuͤruͤber gehe/ vnd der grimm Gottes vber die Gottloſe Welt vollend außgegoſſen ſey/ vnnd derTeufel vnd ſeine Hellhummeln ſich muͤde vnd tod gerennet haben/ damit ſeine Augen das vngeſtuͤme Hagelwetter/ ſo vber die Welt ergehet/ nicht ſchmertzlichen ſehen/ vnd ſeine gerechte Seele durch das wuͤſte ſchand getrieb/ der Epicuriſchen Freveler/ nicht ſo ſehr geengſtet vnd gemarteꝛt werden duͤrffe.,wen nun aus dieſem boͤſen leben vnd grewlichen zeiten die wir nach der propheceyung s pauli timoth in den letzten tagen leider erlebet vnd erreichet haben vnſer herr gott jung hinruͤckt vnd wegnimpt vnd ergreifft jhn gleich als ein trewer vater ſein liebes kind vnd fuͤhret jhn in ſein gewarſames kaͤmmerlein vnnd liebes ruhebettlein ſein kuͤhles graͤblein vnd ſchleuſt die thuͤr des zeitlichen lebens nach jhm zu vnd verbirget jhn einen kleinen augenblick biß der zorn fuͤruͤber gehe vnd der grimm gottes vber die gottloſe welt vollend außgegoſſen ſey vnnd derteufel vnd ſeine hellhummeln ſich muͤde vnd tod gerennet haben damit ſeine augen das vngeſtuͤme hagelwetter ſo vber die welt ergehet nicht ſchmertzlichen ſehen vnd ſeine gerechte seele durch das wuͤſte ſchand getrieb der epicuriſchen freveler nicht ſo ſehr geengſtet vnd gemarteꝛt werden duͤrffe,wen nun aus diesem bosen leben und grewlichen zeiten die wir nach der propheceyung s pauli timoth in den letzten tagen leider erlebet und erreichet haben unser herr gott iung hinruckt und wegnimpt und ergreifft ihn gleich als ein trewer uater sein liebes kind und fuhret ihn in sein gewarsames kammerlein unnd liebes ruhebettlein sein kuhles grablein und schleust die thur des zeitlichen lebens nach ihm zu und uerbirget ihn einen kleinen augenblick biss der zorn furuber gehe und der grimm gottes uber die gottlose welt uollend aussgegossen sey unnd derteufel und seine hellhummeln sich mude und tod gerennet haben damit seine augen das ungestume hagelwetter so uber die welt ergehet nicht schmertzlichen sehen und seine gerechte seele durch das wuste schand getrieb der epicurischen freueler nicht so sehr geengstet und gemartet werden durffe
524584,body,167,1,True,55,"O wie wol iſt dem geſchehen/ freylich muß er in groſſer Gnad vnd Barmhertzigkeit bey Gott geweſen ſeyn/ vnd muß fuͤrwar die Goͤttliche Majeſtaͤt ein ſonderliches auffſehen auff einen ſolchen außerwehlten Gerechten gehabt haben/ ſintemal Auguſtinus wol recht ſaget: Vocantur ante tempus boni, ne diutius vexentur à noxiis.",o wie wol iſt dem geſchehen freylich muß er in groſſer gnad vnd barmhertzigkeit bey gott geweſen ſeyn vnd muß fuͤrwar die goͤttliche majeſtaͤt ein ſonderliches auffſehen auff einen ſolchen außerwehlten gerechten gehabt haben ſintemal auguſtinus wol recht ſaget vocantur ante tempus boni ne diutius vexentur à noxiis,o wie wol ist dem geschehen freylich muss er in grosser gnad und barmhertzigkeit bey gott gewesen seyn und muss furwar die gottliche maiestat ein sonderliches auffsehen auff einen solchen ausserwehlten gerechten gehabt haben sintemal augustinus wol recht saget uocantur ante tempus boni ne diutius uexentur a noxiis
524584,body,168,0,True,55,Das iſt alſo vom fuͤrgenommenen Lehrſtuͤck/ aus waſer meynung Gott der Herr Chriſtlichen Eltern jhre liebe Kinderlein/ fruͤezeitig vnd jung/ durch den Tod abfodere vnd hinweg ruͤcke.,das iſt alſo vom fuͤrgenommenen lehrſtuͤck aus waſer meynung gott der herr chriſtlichen eltern jhre liebe kinderlein fruͤezeitig vnd jung durch den tod abfodere vnd hinweg ruͤcke,das ist also uom furgenommenen lehrstuck aus waser meynung gott der herr christlichen eltern ihre liebe kinderlein fruezeitig und iung durch den tod abfodere und hinweg rucke
