doc_id,block_type,para_id,sent_id,is_para_final,page_n,textstring_orig,textstring_rich,textstring_simple
524794,head,0,0,True,[1],"AUREUS Christianorum theſaurus Cum Ærario. Der guͤldene Schatz/ vñ Schatzkaſten rechtſchaffener Chriſten. Bey dem Begräbniſs/ Des Weyland/ Edlen/ Ehrenveſten/ Wolbenambten Herꝛn Godtfꝛied Heſelers/ von Waldaw zu Windiſchmarchwitz/ im Namßliſchen Weichbilde gelegen. Gehandelt vnd außgeleget/ Durch Samuelem Butschkium, Der Polniſchen Gemeine zu Namßlaw/ vnd der dazu vortrawten Kirchen zu Windiſchmarchwitz verordneten Seelſorgern vnd Predigern. Cicero. Optima ſiquidem hæreditas, quæ à parentibus traditur liberis, omni patrimonio præſtãtior, Gloria est virtutis & rerum geſtarũ. Gedruckt inn der Fuͤrſtl: Stadt Olſſe/ Durch Johann Boͤſſemeſſern. Jm Jahr 1617.",aureus christianorum theſaurus cum ærario der guͤldene schatz vñ schatzkaſten rechtſchaffener chriſten bey dem begräbniſs des weyland edlen ehrenveſten wolbenambten herꝛn godtfꝛied heſelers von waldaw zu windiſchmarchwitz im namßliſchen weichbilde gelegen gehandelt vnd außgeleget durch samuelem butschkium der polniſchen gemeine zu namßlaw vnd der dazu vortrawten kirchen zu windiſchmarchwitz verordneten seelſorgern vnd predigern cicero optima ſiquidem hæreditas quæ à parentibus traditur liberis omni patrimonio præſtãtior gloria est virtutis & rerum geſtarũ gedruckt inn der fuͤrſtl stadt olſſe durch johann boͤſſemeſſern jm jahr,aureus christianorum thesaurus cum aerario der guldene schatz und schatzkasten rechtschaffener christen bey dem begrabniss des weyland edlen ehrenuesten wolbenambten hern godtfied heselers uon waldaw zu windischmarchwitz im namsslischen weichbilde gelegen gehandelt und aussgeleget durch samuelem butschkium der polnischen gemeine zu namsslaw und der dazu uortrawten kirchen zu windischmarchwitz uerordneten seelsorgern und predigern cicero optima siquidem haereditas quae a parentibus traditur liberis omni patrimonio praestantior gloria est uirtutis et rerum gestarum gedruckt inn der furstl stadt olsse durch iohann bossemessern im iahr
524794,body,1,0,False,[2],Dem Edlen/ Geſtrengen/ Ehrenveſten/ Hoch vñ Wolbenambten Herrn Daniel Heſelern/ von Waldaw/ auff Wangern vnd Polokowitz/ Rathes Elteſten in der Kayſ. vnd Koͤnigl.,dem edlen geſtrengen ehrenveſten hoch vñ wolbenambten herrn daniel heſelern von waldaw auff wangern vnd polokowitz rathes elteſten in der kayſ vnd koͤnigl,dem edlen gestrengen ehrenuesten hoch und wolbenambten herrn daniel heselern uon waldaw auff wangern und polokowitz rathes eltesten in der kays und konigl
524794,body,1,1,False,[2],Haubtſtadt Breſslaw/ vnd des Namßlawiſchen Weichbildes/ wolveroꝛdneten Herꝛen Hauptmann/ Meinem Großguͤnſtigen gebietenden Herꝛn/ vnd groſſen Foͤrderern.,haubtſtadt breſslaw vnd des namßlawiſchen weichbildes wolveroꝛdneten herꝛen hauptmann meinem großguͤnſtigen gebietenden herꝛn vnd groſſen foͤrderern,haubtstadt bresslaw und des namsslawischen weichbildes woluerodneten heren hauptmann meinem grossgunstigen gebietenden hern und grossen forderern
524794,body,1,2,False,[2],So wol: Der Edlen/ Tugendtreichen Frawen Marthæ/ gebornen Engelhartin/ Herrn Godtfried Heſelers ſeligern/ nachgelaſſenen Wittib/ ſambt jhꝛen Erben/ Meiner guͤnſtigen Frawen vnd Freundin.,so wol der edlen tugendtreichen frawen marthæ gebornen engelhartin herrn godtfried heſelers ſeligern nachgelaſſenen wittib ſambt jhꝛen erben meiner guͤnſtigen frawen vnd freundin,so wol der edlen tugendtreichen frawen marthae gebornen engelhartin herrn godtfried heselers seligern nachgelassenen wittib sambt ihen erben meiner gunstigen frawen und freundin
524794,body,1,3,False,[2],Vnd dann/ Denen Edlen/ Ehrenveſten/ Wolbenambten vnd Wolgelehrten: Herꝛn Caſpar Landshuͤttern.,vnd dann denen edlen ehrenveſten wolbenambten vnd wolgelehrten herꝛn caſpar landshuͤttern,und dann denen edlen ehrenuesten wolbenambten und wolgelehrten hern caspar landshuttern
524794,body,1,4,False,[2],Herꝛn Tobiœ Engelharten.,herꝛn tobiœ engelharten,hern tobioe engelharten
524794,body,1,5,False,[2],Herꝛn Daniel Heſelern dem Juͤnger.,herꝛn daniel heſelern dem juͤnger,hern daniel heselern dem iunger
524794,body,1,6,False,[2],Herꝛn Wolff Landshuͤttern.,herꝛn wolff landshuͤttern,hern wolff landshuttern
524794,body,1,7,False,[2],Herrn Gorg Landshuͤttern.,herrn gorg landshuͤttern,herrn gorg landshuttern
524794,body,1,8,True,[2],Herꝛn Carll Weinrichen/ des Geiſtlichen Conſiſtorÿ der Stadt Breſslaw Pronotario.,herꝛn carll weinrichen des geiſtlichen conſiſtorÿ der stadt breſslaw pronotario,hern carll weinrichen des geistlichen consistory der stadt bresslaw pronotario
524794,body,2,0,True,[2],"Meinen auch beſonders guͤnſtigen Herꝛn vnd Patronis, Vbergeben vnd Dediciret, Von Samuele Butschkio, N. S.",meinen auch beſonders guͤnſtigen herꝛn vnd patronis vbergeben vnd dediciret von samuele butschkio n s,meinen auch besonders gunstigen hern und patronis ubergeben und dediciret uon samuele butschkio n s
524794,body,3,0,False,[3],EDEler/ Geſtrenger/ Ehrenveſter/ Hoch vnnd Wolbenambter Großguͤnſtiger Herr/ Mein Jnnſonders groſſer Herr vnnd Foͤrderer.,edeler geſtrenger ehrenveſter hoch vnnd wolbenambter großguͤnſtiger herr mein jnnſonders groſſer herr vnnd foͤrderer,edeler gestrenger ehrenuester hoch unnd wolbenambter grossgunstiger herr mein innsonders grosser herr unnd forderer
524794,body,3,1,False,[3],So wol: Edele/ Ehrentugendtreiche Fr: Martha/ vnd vorlaſſene betruͤbte Wayſen vnd Erben alleſambt.,so wol edele ehrentugendtreiche fr martha vnd vorlaſſene betruͤbte wayſen vnd erben alleſambt,so wol edele ehrentugendtreiche fr martha und uorlassene betrubte waysen und erben allesambt
524794,body,3,2,False,[3],Vnd Jhr Edle/ Ehrenveſte/ Wolbenambte/ Wolgelehrte/ Meine Gꝛoßguͤnſtige Herrn vnd Patroni.,vnd jhr edle ehrenveſte wolbenambte wolgelehrte meine gꝛoßguͤnſtige herrn vnd patroni,und ihr edle ehrenueste wolbenambte wolgelehrte meine gossgunstige herrn und patroni
524794,body,3,3,False,[3],"Es ſaget der H. Augustinus, Sepulturæ officium, eſt honeſtæ vitæ teſtimonium.",es ſaget der h augustinus sepulturæ officium eſt honeſtæ vitæ teſtimonium,es saget der h augustinus sepulturae officium est honestae uitae testimonium
524794,body,3,4,False,[3],Ein Chriſtliches vnnd Ehrliches Begraͤbniß/ iſt ein Zeugniß eines Erbahren Lebens vnd Wandels.,ein chriſtliches vnnd ehrliches begraͤbniß iſt ein zeugniß eines erbahren lebens vnd wandels,ein christliches unnd ehrliches begrabniss ist ein zeugniss eines erbahren lebens und wandels
524794,body,3,5,False,[3],Solchen Brauch/ helt man auch nicht allein bey vns inn vnſerer Chriſtenheit/ da man die todten ehrlich zu Grabe beleitet: Sondern da pfleget man allhier in vnſern orten vnd ſonſten/ bey Leich Begaͤngniſſen derer vom Adel/ vnnd anderen vornehmen Perſonen/ eine Kurtze Leichſermon zuhalten/ da der Seelſorger auff der Cantzel inn der Kirchen/ dem verſtorbenen ein herꝛlich Zeugniß/ mit warheit giebet/ wie er recht geglaͤubet/ Chriſtlich gelebet/ vnd ſelig geſtorben.,solchen brauch helt man auch nicht allein bey vns inn vnſerer chriſtenheit da man die todten ehrlich zu grabe beleitet sondern da pfleget man allhier in vnſern orten vnd ſonſten bey leich begaͤngniſſen derer vom adel vnnd anderen vornehmen perſonen eine kurtze leichſermon zuhalten da der seelſorger auff der cantzel inn der kirchen dem verſtorbenen ein herꝛlich zeugniß mit warheit giebet wie er recht geglaͤubet chriſtlich gelebet vnd ſelig geſtorben,solchen brauch helt man auch nicht allein bey uns inn unserer christenheit da man die todten ehrlich zu grabe beleitet sondern da pfleget man allhier in unsern orten und sonsten bey leich begangnissen derer uom adel unnd anderen uornehmen personen eine kurtze leichsermon zuhalten da der seelsorger auff der cantzel inn der kirchen dem uerstorbenen ein herlich zeugniss mit warheit giebet wie er recht geglaubet christlich gelebet und selig gestorben
524794,body,3,6,True,[3],Dabey fallen nun feine Erjnnerungen vor: Es wird ein ſchwartz Creutze vor der Leiche her getragen/ das ſoll ein Zeugniß ſein/ das der verſtorbene/ an den gecreutzigten H. JEſum Chriſtum geglaͤubet/ vnd jhm auch ſein Creutz willig nach getragen/ ruhe nun/ vnnd werde am Juͤngſten tage/ zur Ewigen frewde wider mit Chriſto erhaben werden:,dabey fallen nun feine erjnnerungen vor es wird ein ſchwartz creutze vor der leiche her getragen das ſoll ein zeugniß ſein das der verſtorbene an den gecreutzigten h jeſum chriſtum geglaͤubet vnd jhm auch ſein creutz willig nach getragen ruhe nun vnnd werde am juͤngſten tage zur ewigen frewde wider mit chriſto erhaben werden,dabey fallen nun feine erinnerungen uor es wird ein schwartz creutze uor der leiche her getragen das soll ein zeugniss sein das der uerstorbene an den gecreutzigten h iesum christum geglaubet und ihm auch sein creutz willig nach getragen ruhe nun unnd werde am iungsten tage zur ewigen frewde wider mit christo erhaben werden
524794,body,4,0,False,[3],Die Leydtragenden erjnnern ſich/ gleich wie ſie jetzo jhre Creutz vnd Grabtritt/ der Leiche nachgehen muͤſſen: Alſo werden ſie am Juͤngſten tage widerumb jhꝛe Frewdenſchritt haben zum Ewigen leben.,die leydtragenden erjnnern ſich gleich wie ſie jetzo jhre creutz vnd grabtritt der leiche nachgehen muͤſſen alſo werden ſie am juͤngſten tage widerumb jhꝛe frewdenſchritt haben zum ewigen leben,die leydtragenden erinnern sich gleich wie sie ietzo ihre creutz und grabtritt der leiche nachgehen mussen also werden sie am iungsten tage widerumb ihe frewdenschritt haben zum ewigen leben
524794,body,4,1,True,[4],Die Leichpredigten/ erjnnern vns der Vrſach des Todes/ vnd wie Chriſtus durch ſeinen todt/ den todt vberwunden/ vns hiedurch die Bahn gebrochen zur Ewigenſeligkeit.,die leichpredigten erjnnern vns der vrſach des todes vnd wie chriſtus durch ſeinen todt den todt vberwunden vns hiedurch die bahn gebrochen zur ewigenſeligkeit,die leichpredigten erinnern uns der ursach des todes und wie christus durch seinen todt den todt uberwunden uns hiedurch die bahn gebrochen zur ewigenseligkeit
524794,body,5,0,False,[4],"Wann dann Edeler/ Geſtrenger Herr/ wegen E. Gſt. groſſen Creutzes von Gott/ vnd jhꝛ etliche Edele Ehꝛenveſte Herrn/ wegen notwendiger vorhinderung des Koͤniglichen Einzugs/ nicht haben koͤnnen/ jhrem lieben H. Brudern/ Schwagern vnd freunde/ ſeinem Leich vnd Ehrenbegaͤngniß beywohnen/ etliche aber/ derer E. E. E. der betruͤbten Widtwen vnd Erben/ mit jhrer Præſentz, Jhnen allen zu Troſte/ ſich abgeweilet: Als habe E. Gſt. vnd E. E. E. auff gutter Freunde wolachten/ Dem Loͤblichen Adelichen Geſchlechte beyderſeits/ zu ſonderem Troſt vñ Ehren/ die auch damals von mir gethane ſchlechte vnnd einfeltige Leichpredigt/ Jch in Druck vorfertigen laſſen/ dediciren/ vnd hiemit E. Gſt. vnd E. E. E. vbergeben wollen.",wann dann edeler geſtrenger herr wegen e gſt groſſen creutzes von gott vnd jhꝛ etliche edele ehꝛenveſte herrn wegen notwendiger vorhinderung des koͤniglichen einzugs nicht haben koͤnnen jhrem lieben h brudern schwagern vnd freunde ſeinem leich vnd ehrenbegaͤngniß beywohnen etliche aber derer e e e der betruͤbten widtwen vnd erben mit jhrer præſentz jhnen allen zu troſte ſich abgeweilet als habe e gſt vnd e e e auff gutter freunde wolachten dem loͤblichen adelichen geſchlechte beyderſeits zu ſonderem troſt vñ ehren die auch damals von mir gethane ſchlechte vnnd einfeltige leichpredigt jch in druck vorfertigen laſſen dediciren vnd hiemit e gſt vnd e e e vbergeben wollen,wann dann edeler gestrenger herr wegen e gst grossen creutzes uon gott und ih etliche edele ehenueste herrn wegen notwendiger uorhinderung des koniglichen einzugs nicht haben konnen ihrem lieben h brudern schwagern und freunde seinem leich und ehrenbegangniss beywohnen etliche aber derer e e e der betrubten widtwen und erben mit ihrer praesentz ihnen allen zu troste sich abgeweilet als habe e gst und e e e auff gutter freunde wolachten dem loblichen adelichen geschlechte beyderseits zu sonderem trost und ehren die auch damals uon mir gethane schlechte unnd einfeltige leichpredigt ich in druck uorfertigen lassen dediciren und hiemit e gst und e e e ubergeben wollen
524794,body,5,1,False,[4],Mit demuͤtiger bitt/ E. Gſt. vnd E. E. E. die geruhen/ ſaͤmbtlich vnd ſonderlich/ dieſes mein wolmeinendes Gemuͤth/ im beſten vormercken/ vnd auffnehmen werden.,mit demuͤtiger bitt e gſt vnd e e e die geruhen ſaͤmbtlich vnd ſonderlich dieſes mein wolmeinendes gemuͤth im beſten vormercken vnd auffnehmen werden,mit demutiger bitt e gst und e e e die geruhen sambtlich und sonderlich dieses mein wolmeinendes gemuth im besten uormercken und auffnehmen werden
524794,body,5,2,False,[4],Wie ich mich dann hiemit in E. Gſt. vnd E. E. E. Trewe Foͤrderung/ Gunſt vnnd Freundtſchafft einſchlieſſen thue.,wie ich mich dann hiemit in e gſt vnd e e e trewe foͤrderung gunſt vnnd freundtſchafft einſchlieſſen thue,wie ich mich dann hiemit in e gst und e e e trewe forderung gunst unnd freundtschafft einschliessen thue
524794,body,5,3,False,[4],Zu Goͤttlichem Gnadenſchutz inn meinem Gebeth Hertzlich empfelendt.,zu goͤttlichem gnadenſchutz inn meinem gebeth hertzlich empfelendt,zu gottlichem gnadenschutz inn meinem gebeth hertzlich empfelendt
524794,body,5,4,True,[4],Datum Namßlaw/ am Tage Eliſabeth: An. 1617.,datum namßlaw am tage eliſabeth an,datum namsslaw am tage elisabeth an
524794,body,6,0,False,[4],E. Gſt.,e gſt,e gst
524794,body,6,1,False,[4],Vnd E. E. E. Trewer Vorbitter zu Gott.,vnd e e e trewer vorbitter zu gott,und e e e trewer uorbitter zu gott
524794,body,6,2,True,[4],Samuel Butſchky.,samuel butſchky,samuel butschky
524794,head,7,0,True,[5],Chriſtliche Leichpredigt.,chriſtliche leichpredigt,christliche leichpredigt
524794,body,8,0,True,[5],Der Himliſche Troſtmeiſter JEſus Chꝛiſtus/ der die Thraͤnen ſeiner Glaͤubigen hoch achtet/ vnd ſie von jhren Augen ſelbſt abwiſchen wil/ der troͤſte heute vnd allezeit/ die betruͤbte vnd verwundte Hertzen/ die vmb jhres lieben Junckern/ Vatern/ vñ freundes willen Leide tragn/ vnd bringe ſie wider am Juͤngſten tage im Ewigen leben mit frewden zuſamen/ Amen.,der himliſche troſtmeiſter jeſus chꝛiſtus der die thraͤnen ſeiner glaͤubigen hoch achtet vnd ſie von jhren augen ſelbſt abwiſchen wil der troͤſte heute vnd allezeit die betruͤbte vnd verwundte hertzen die vmb jhres lieben junckern vatern vñ freundes willen leide tragn vnd bringe ſie wider am juͤngſten tage im ewigen leben mit frewden zuſamen amen,der himlische trostmeister iesus chistus der die thranen seiner glaubigen hoch achtet und sie uon ihren augen selbst abwischen wil der troste heute und allezeit die betrubte und uerwundte hertzen die umb ihres lieben iunckern uatern und freundes willen leide tragn und bringe sie wider am iungsten tage im ewigen leben mit frewden zusamen amen
524794,body,9,0,True,[5],"GEliebte alleſambt jetzo betruͤbte vnd Außerwehlte im HERREN Chriſto/ Wehe thuts/ wann einem ein Glied an ſeinem Leibe beſchediget wirdt/ Es deucht einen der gantze Leib ſey voller Wunden vñ Eyterbeulen/ Man darff einen nicht ſehre auff das vorletzete Gliedt ſchlagen/ ſo fuͤhlet ers durch ſeinen gantzen Leib: ACh der lieben Zeit/ wie muß es doch da geweſen ſein/ da Adam eine Riebe auß ſeiner ſeiten verlohr/ das er nichts gefühlet/ auch nicht das geringſte/ wie man pflegt zuſagen/ wie jhn etwan eine Fliege oder Muͤcke hette ſtechen ſollen/ das macht die Integritas, Adam war noch damals voller Heyligkeit/ Vnſchuldt vnd ohn alle Suͤnde: Aber jetzo gehets ſchwer zu/ man fühlets bald/ vnd muß alles/ ja wol der geringſte ſchmertzen/ bewinſelt/ beweinet vnd beklaget werden.",geliebte alleſambt jetzo betruͤbte vnd außerwehlte im herren chriſto wehe thuts wann einem ein glied an ſeinem leibe beſchediget wirdt es deucht einen der gantze leib ſey voller wunden vñ eyterbeulen man darff einen nicht ſehre auff das vorletzete gliedt ſchlagen ſo fuͤhlet ers durch ſeinen gantzen leib ach der lieben zeit wie muß es doch da geweſen ſein da adam eine riebe auß ſeiner ſeiten verlohr das er nichts gefühlet auch nicht das geringſte wie man pflegt zuſagen wie jhn etwan eine fliege oder muͤcke hette ſtechen ſollen das macht die integritas adam war noch damals voller heyligkeit vnſchuldt vnd ohn alle suͤnde aber jetzo gehets ſchwer zu man fühlets bald vnd muß alles ja wol der geringſte ſchmertzen bewinſelt beweinet vnd beklaget werden,geliebte allesambt ietzo betrubte und ausserwehlte im herren christo wehe thuts wann einem ein glied an seinem leibe beschediget wirdt es deucht einen der gantze leib sey uoller wunden und eyterbeulen man darff einen nicht sehre auff das uorletzete gliedt schlagen so fuhlet ers durch seinen gantzen leib ach der lieben zeit wie muss es doch da gewesen sein da adam eine riebe auss seiner seiten uerlohr das er nichts gefuhlet auch nicht das geringste wie man pflegt zusagen wie ihn etwan eine fliege oder mucke hette stechen sollen das macht die integritas adam war noch damals uoller heyligkeit unschuldt und ohn alle sunde aber ietzo gehets schwer zu man fuhlets bald und muss alles ia wol der geringste schmertzen bewinselt beweinet und beklaget werden
524794,body,10,0,False,[5],Einen maͤchtigen Rieß vnd Stoß in jhr Hertz/ hat am Freytage acht Tage bekommen/ die da zu entgegen betruͤbte Wittib/ die Edle/ Ehrentugendtreiche Fraw Martha/ gebohrne Engelhartin/ deß nunmehr inn Gottruhenden/ Edlen/ Ehrenveſten/ Wolbenambten Herꝛn Godtfried Heſelers von Waldaw/ zu Windiſchmarchwitz/ geweſene Hertzliebe Ehefraw/ Auß jhrer ſeiten hat ſie verlohren/ jhren geweſenen lieben Ehemann/ Lieb vnd Trew war bey jhnen/ wie inn einem Fadem zuſammen geknuͤpfft/ der iſt nun entzwey geriſſen/ Ach ſolte das nicht ſchmertzen ſetzen?,einen maͤchtigen rieß vnd stoß in jhr hertz hat am freytage acht tage bekommen die da zu entgegen betruͤbte wittib die edle ehrentugendtreiche fraw martha gebohrne engelhartin deß nunmehr inn gottruhenden edlen ehrenveſten wolbenambten herꝛn godtfried heſelers von waldaw zu windiſchmarchwitz geweſene hertzliebe ehefraw auß jhrer ſeiten hat ſie verlohren jhren geweſenen lieben ehemann lieb vnd trew war bey jhnen wie inn einem fadem zuſammen geknuͤpfft der iſt nun entzwey geriſſen ach ſolte das nicht ſchmertzen ſetzen,einen machtigen riess und stoss in ihr hertz hat am freytage acht tage bekommen die da zu entgegen betrubte wittib die edle ehrentugendtreiche fraw martha gebohrne engelhartin dess nunmehr inn gottruhenden edlen ehrenuesten wolbenambten hern godtfried heselers uon waldaw zu windischmarchwitz gewesene hertzliebe ehefraw auss ihrer seiten hat sie uerlohren ihren gewesenen lieben ehemann lieb und trew war bey ihnen wie inn einem fadem zusammen geknupfft der ist nun entzwey gerissen ach solte das nicht schmertzen setzen
524794,body,10,1,False,[6],Solte das nicht wehe thun?,solte das nicht wehe thun,solte das nicht wehe thun
524794,body,10,2,True,[6],Es iſt freylich/ wie der Poët,es iſt freylich wie der poët,es ist freylich wie der poet
524794,body,11,0,True,[6],Kein groͤſſer Schmertz auff Erden iſt/,kein groͤſſer schmertz auff erden iſt,kein grosser schmertz auff erden ist
524794,body,12,0,True,[6],Als wann der Todt in ſchneller frieſt/,als wann der todt in ſchneller frieſt,als wann der todt in schneller friest
524794,body,13,0,True,[6],Die Hertzen von einander reiſt/,die hertzen von einander reiſt,die hertzen uon einander reist
524794,body,14,0,True,[6],Jn den geweſt ein Sinn vnd Geiſt.,jn den geweſt ein sinn vnd geiſt,in den gewest ein sinn und geist
524794,body,15,0,True,[6],Ein ſehr Trawrige vnd bekuͤmmerte zeit/ iſt kommen auff die da zugegen weinende vnd klagende Sieben weyſen: Sie haben jhren Vater verlohꝛen/ der fuͤr ſie geſorget/ ſie geliebet/ vnd zu aller Gottesfurcht gezogen hat.,ein ſehr trawrige vnd bekuͤmmerte zeit iſt kommen auff die da zugegen weinende vnd klagende sieben weyſen sie haben jhren vater verlohꝛen der fuͤr ſie geſorget ſie geliebet vnd zu aller gottesfurcht gezogen hat,ein sehr trawrige und bekummerte zeit ist kommen auff die da zugegen weinende und klagende sieben weysen sie haben ihren uater uerlohen der fur sie gesorget sie geliebet und zu aller gottesfurcht gezogen hat
524794,body,16,0,False,[6],"Betrübt ſindt viel auß der Loͤblichen Freundſchafft/ die jhren alten gutten Freunde verlohren/ mit dem ſie offt converſiret, vnnd ſich Raths vnnd That bey jhm erholet.",betrübt ſindt viel auß der loͤblichen freundſchafft die jhren alten gutten freunde verlohren mit dem ſie offt converſiret vnnd ſich raths vnnd that bey jhm erholet,betrubt sindt uiel auss der loblichen freundschafft die ihren alten gutten freunde uerlohren mit dem sie offt conuersiret unnd sich raths unnd that bey ihm erholet
524794,body,16,1,False,[6],Wie nun zn thun?,wie nun zn thun,wie nun zn thun
524794,body,16,2,False,[6],"Factum eſt, ſicut Domino placuit.",factum eſt ſicut domino placuit,factum est sicut domino placuit
524794,body,16,3,True,[6],Man kans nun nicht endern/ man muß es Gott befehlen/ vnd ſich mit Gottes wort troͤſten.,man kans nun nicht endern man muß es gott befehlen vnd ſich mit gottes wort troͤſten,man kans nun nicht endern man muss es gott befehlen und sich mit gottes wort trosten
524794,body,17,0,True,[6],Vnter andern aber/ koͤnnen ſich inn ſolchen Faͤllen/ betrübte Hertzen/ nebenſt Gottes wort gar herꝛlich ſchoͤne troͤſten/ mit der jhrigen/ jhrem Chriſtlichem leben vnnd wandel/ wie ſie in Gottesfurcht gelebet/ nach Ehren vnd Tugendt geſtrebet/ Friede/ Liebe vnd Einigkeit mit jederman gehabt/ inn Creutz vnnd Vngluͤck/ ſich Maͤnnlich getroͤſtet/ Ja endlich im Todesſtuͤndlein vornuͤnfftig/ beſcheiden/ ſich mit den jhrigen vnd der Welt geletzet/ jhre Seele Gott befohlen/ vnd ſo ſanfft vnd ſeliglich jhr Leben beſchloſſen haben.,vnter andern aber koͤnnen ſich inn ſolchen faͤllen betrübte hertzen nebenſt gottes wort gar herꝛlich ſchoͤne troͤſten mit der jhrigen jhrem chriſtlichem leben vnnd wandel wie ſie in gottesfurcht gelebet nach ehren vnd tugendt geſtrebet friede liebe vnd einigkeit mit jederman gehabt inn creutz vnnd vngluͤck ſich maͤnnlich getroͤſtet ja endlich im todesſtuͤndlein vornuͤnfftig beſcheiden ſich mit den jhrigen vnd der welt geletzet jhre seele gott befohlen vnd ſo ſanfft vnd ſeliglich jhr leben beſchloſſen haben,unter andern aber konnen sich inn solchen fallen betrubte hertzen nebenst gottes wort gar herlich schone trosten mit der ihrigen ihrem christlichem leben unnd wandel wie sie in gottesfurcht gelebet nach ehren und tugendt gestrebet friede liebe und einigkeit mit iederman gehabt inn creutz unnd ungluck sich mannlich getrostet ia endlich im todesstundlein uornunfftig bescheiden sich mit den ihrigen und der welt geletzet ihre seele gott befohlen und so sanfft und seliglich ihr leben beschlossen haben
524794,body,18,0,True,[7],Vnd das koͤnnen auch die heut betruͤbte/ Fraw Wittib ſambt jhꝛen Wayſen vnd freunden/ von jhꝛem Gottſeligen Ehemanne/ Vatern vnd freunde troͤſtlichen ſagen/ das er auch alſo/ wie wol er ein Suͤndhafftiger Menſch geweſen/ wie wir alle/ ſein ende ſelig beſchloſſen/ vnd ſich in Gottes willen/ mit wahrem Glauben vnnd Zuverſicht an den HErꝛen JEſum Chriſtum vntergeben.,vnd das koͤnnen auch die heut betruͤbte fraw wittib ſambt jhꝛen wayſen vnd freunden von jhꝛem gottſeligen ehemanne vatern vnd freunde troͤſtlichen ſagen das er auch alſo wie wol er ein suͤndhafftiger menſch geweſen wie wir alle ſein ende ſelig beſchloſſen vnd ſich in gottes willen mit wahrem glauben vnnd zuverſicht an den herꝛen jeſum chriſtum vntergeben,und das konnen auch die heut betrubte fraw wittib sambt ihen waysen und freunden uon ihem gottseligen ehemanne uatern und freunde trostlichen sagen das er auch also wie wol er ein sundhafftiger mensch gewesen wie wir alle sein ende selig beschlossen und sich in gottes willen mit wahrem glauben unnd zuuersicht an den heren iesum christum untergeben
524794,body,19,0,True,[7],Er hats nun vorbracht/ hat eine Gluͤckſelige reyſe gethan/ Er hat getragen Chriſti Joch/ iſt geſtorben vnnd lebet noch.,er hats nun vorbracht hat eine gluͤckſelige reyſe gethan er hat getragen chriſti joch iſt geſtorben vnnd lebet noch,er hats nun uorbracht hat eine gluckselige reyse gethan er hat getragen christi ioch ist gestorben unnd lebet noch
524794,body,20,0,False,[7],Weil wir aber inn dieſem Jammerthal wallen vnnd wandern/ muͤſſen wir vns auch jmmer darzu fertig vnd bereit machen/ vnnd weils wol anſtehet/ vnnd Freunden ruͤhmlich vnd troͤſtlich/ wann die jhrigen nach dem Tode/ jhnen einen gutten Nahmen verlaſſen/ vnd aber vnſer in GOTT vorſchiedene Herr Godtfried Heſeler den ſeinen/ eben dieſes vorlaſſen/ koͤnnen wir deſſelbẽ mit ſtillſchweigen nicht vbergehen/ ſondern ſo weit es die gelegenheit geben wird/ etwas davon bericht thun.,weil wir aber inn dieſem jammerthal wallen vnnd wandern muͤſſen wir vns auch jmmer darzu fertig vnd bereit machen vnnd weils wol anſtehet vnnd freunden ruͤhmlich vnd troͤſtlich wann die jhrigen nach dem tode jhnen einen gutten nahmen verlaſſen vnd aber vnſer in gott vorſchiedene herr godtfried heſeler den ſeinen eben dieſes vorlaſſen koͤnnen wir deſſelbẽ mit ſtillſchweigen nicht vbergehen ſondern ſo weit es die gelegenheit geben wird etwas davon bericht thun,weil wir aber inn diesem iammerthal wallen unnd wandern mussen wir uns auch immer darzu fertig und bereit machen unnd weils wol anstehet unnd freunden ruhmlich und trostlich wann die ihrigen nach dem tode ihnen einen gutten nahmen uerlassen und aber unser in gott uorschiedene herr godtfried heseler den seinen eben dieses uorlassen konnen wir desselben mit stillschweigen nicht ubergehen sondern so weit es die gelegenheit geben wird etwas dauon bericht thun
524794,body,20,1,True,[7],Vns aber allen zur Lehr vnd vnterꝛicht/ zu erklaͤren vor vns nehmen/ den guͤldenen Troſtſpruch Sprachs am 42 Cap:,vns aber allen zur lehr vnd vnterꝛicht zu erklaͤren vor vns nehmen den guͤldenen troſtſpruch sprachs am cap,uns aber allen zur lehr und untericht zu erklaren uor uns nehmen den guldenen trostspruch sprachs am cap
524794,head,21,0,True,[7],Textus.,textus,textus
524794,body,22,0,True,[8],Nach Anleytung vorleſener Woꝛte/ wollen wir mit einander in der furchte des HErꝛen vornehmen/ vnd anhoͤꝛen:,nach anleytung vorleſener woꝛte wollen wir mit einander in der furchte des herꝛen vornehmen vnd anhoͤꝛen,nach anleytung uorlesener wote wollen wir mit einander in der furchte des heren uornehmen und anhoen
524794,body,23,0,True,[8],De aureo Chriſtianorum theſauro & ærario.,de aureo chriſtianorum theſauro & ærario,de aureo christianorum thesauro et aerario
524794,body,24,0,True,[8],Von dem Guͤldenen Schatz vnnd Schatzkaͤſtlein rechtſchaffener Chriſten/ Was nemlich derſelbe ſey/ vnd worinnen der Schatzkaſten/ in welchem ſolch jhr Schatz ſol verwahret werden/ eygentlich beſtehe.,von dem guͤldenen schatz vnnd schatzkaͤſtlein rechtſchaffener chriſten was nemlich derſelbe ſey vnd worinnen der schatzkaſten in welchem ſolch jhr schatz ſol verwahret werden eygentlich beſtehe,uon dem guldenen schatz unnd schatzkastlein rechtschaffener christen was nemlich derselbe sey und worinnen der schatzkasten in welchem solch ihr schatz sol uerwahret werden eygentlich bestehe
524794,body,25,0,True,[8],GOtt richte es alles zu ſeinen Ehꝛen/ vnd vns zu ſonderlichem Troſt.,gott richte es alles zu ſeinen ehꝛen vnd vns zu ſonderlichem troſt,gott richte es alles zu seinen ehen und uns zu sonderlichem trost
524794,body,26,0,False,[8],G.Es drewet GOtt durch den Propheten Jeremiam am 50. Cap: dem Koͤnigreich Babel/ daß das Schwerdt kom̃en ſolle vber jhre Schaͤtze das ſie gepluͤndert wuͤrden.,g es drewet gott durch den propheten jeremiam am cap dem koͤnigreich babel daß das schwerdt kom̃en ſolle vber jhre schaͤtze das ſie gepluͤndert wuͤrden,g es drewet gott durch den propheten ieremiam am cap dem konigreich babel dass das schwerdt kommen solle uber ihre schatze das sie geplundert wurden
524794,body,26,1,False,[8],Jm 15. Cap: drewet er dem Volck Juda/ das jhre Guͤtter vnnd Schaͤtze ſollen zum Raub gegeben werden.,jm cap drewet er dem volck juda das jhre guͤtter vnnd schaͤtze ſollen zum raub gegeben werden,im cap drewet er dem uolck iuda das ihre gutter unnd schatze sollen zum raub gegeben werden
524794,body,26,2,False,[8],"Meine geliebten/ Syrach zeiget vns in vorleſenen Worten/ einen ſolchen Schatz/ welchen kein Schwerdt pluͤndern/ noch eintzigen ſchaden beyfuͤgen/ Einen ſolchen Schatz/ den niemandt rauben/ ſtehlen/ vnd einem weg führen kan/ der iſt nun nichts anders/ als Bona Fama, Ein gutter Nahme.",meine geliebten syrach zeiget vns in vorleſenen worten einen ſolchen schatz welchen kein schwerdt pluͤndern noch eintzigen ſchaden beyfuͤgen einen ſolchen schatz den niemandt rauben ſtehlen vnd einem weg führen kan der iſt nun nichts anders als bona fama ein gutter nahme,meine geliebten syrach zeiget uns in uorlesenen worten einen solchen schatz welchen kein schwerdt plundern noch eintzigen schaden beyfugen einen solchen schatz den niemandt rauben stehlen und einem weg fuhren kan der ist nun nichts anders als bona fama ein gutter nahme
524794,body,26,3,False,[8],Denn alſo ſagt Syrach im Anfang vorleſener woꝛte.,denn alſo ſagt syrach im anfang vorleſener woꝛte,denn also sagt syrach im anfang uorlesener wote
524794,body,26,4,False,[8],Siehe/ das du einen guten Namen behalteſt/ der bleibet gewiſſer deñ tauſent Schaͤtze Goldes.,siehe das du einen guten namen behalteſt der bleibet gewiſſer deñ tauſent schaͤtze goldes,siehe das du einen guten namen behaltest der bleibet gewisser denn tausent schatze goldes
524794,body,26,5,True,[9],Geldt vnd Gutt vertirbt/ aber ein gutter Name bleibet Ewiglich.,geldt vnd gutt vertirbt aber ein gutter name bleibet ewiglich,geldt und gutt uertirbt aber ein gutter name bleibet ewiglich
524794,body,27,0,True,[9],Solchen Schatz nu zuerlangen/ ſol man ſich von jugent auff befleiſſen/ man ſol jhm nachjagen/ Tag vnnd Nacht/ vnd dahin trachten/ wie man jhn wol verwahre vñ behalte/ dann gewißlich/ hâc ſemèl amißâ poſteà nullus eris.,solchen schatz nu zuerlangen ſol man ſich von jugent auff befleiſſen man ſol jhm nachjagen tag vnnd nacht vnd dahin trachten wie man jhn wol verwahre vñ behalte dann gewißlich hâc ſemèl amißâ poſteà nullus eris,solchen schatz nu zuerlangen sol man sich uon iugent auff befleissen man sol ihm nachiagen tag unnd nacht und dahin trachten wie man ihn wol uerwahre und behalte dann gewisslich hac semel amissa postea nullus eris
524794,body,28,0,True,[9],Socrates der vortreffliche gelehrte Heyde/ hat Jungen Leuthen eine Inſtruction gegeben/ Sie ſolten offt fuͤr den Spiegel tretten/ vnd ſich darinnen beſchawen/ wehren ſie ſchoͤne/ ſolten ſie wol zuſehen/ das ſie ſolche jhre ſchoͤne des Angeſichts/ nicht mit Vntugendt vnnd Laſter befleckten/ Sondern ſich ſolcher Tugenden befleiſſen/ damit ſie auch derſelben halben/ ſolcher jhrer Schoͤnheit wirdig geachtet wuͤrden/ wehren ſie aber vngeſtalt/ ſo ſolten ſie ſich mit macht in die Tugenden begeben/ vnd ſich derer ſo viel befleiſſen/ damit ſie ſolche vngeſtalt jhres Angeſichts/ hiermit bedeckten/ vnd dabey vor jederman geruͤhmet/ andern dennoch moͤchten vorgezogen werden.,socrates der vortreffliche gelehrte heyde hat jungen leuthen eine inſtruction gegeben sie ſolten offt fuͤr den spiegel tretten vnd ſich darinnen beſchawen wehren ſie ſchoͤne ſolten ſie wol zuſehen das ſie ſolche jhre ſchoͤne des angeſichts nicht mit vntugendt vnnd laſter befleckten sondern ſich ſolcher tugenden befleiſſen damit ſie auch derſelben halben ſolcher jhrer schoͤnheit wirdig geachtet wuͤrden wehren ſie aber vngeſtalt ſo ſolten ſie ſich mit macht in die tugenden begeben vnd ſich derer ſo viel befleiſſen damit ſie ſolche vngeſtalt jhres angeſichts hiermit bedeckten vnd dabey vor jederman geruͤhmet andern dennoch moͤchten vorgezogen werden,socrates der uortreffliche gelehrte heyde hat iungen leuthen eine instruction gegeben sie solten offt fur den spiegel tretten und sich darinnen beschawen wehren sie schone solten sie wol zusehen das sie solche ihre schone des angesichts nicht mit untugendt unnd laster befleckten sondern sich solcher tugenden befleissen damit sie auch derselben halben solcher ihrer schonheit wirdig geachtet wurden wehren sie aber ungestalt so solten sie sich mit macht in die tugenden begeben und sich derer so uiel befleissen damit sie solche ungestalt ihres angesichts hiermit bedeckten und dabey uor iederman geruhmet andern dennoch mochten uorgezogen werden
524794,body,29,0,False,[9],Wann man lieſet in den Roͤmiſchen Hiſtorien/ wie fein ſiehet man/ wie ſich doch die Leute fuͤr nichts ſehrers vnd mehrers gefuͤrchtet haben/ denn fuͤr einem Vnehrlichen Namen/ dagegen haben ſie nichts hoͤhers geſucht/ als das ſie mit Gerechtigkeit/ Erbarem leben/ jhnen einen ehrlichen Nahmen zu wege bringen vnnd erhalten moͤchten.,wann man lieſet in den roͤmiſchen hiſtorien wie fein ſiehet man wie ſich doch die leute fuͤr nichts ſehrers vnd mehrers gefuͤrchtet haben denn fuͤr einem vnehrlichen namen dagegen haben ſie nichts hoͤhers geſucht als das ſie mit gerechtigkeit erbarem leben jhnen einen ehrlichen nahmen zu wege bringen vnnd erhalten moͤchten,wann man lieset in den romischen historien wie fein siehet man wie sich doch die leute fur nichts sehrers und mehrers gefurchtet haben denn fur einem unehrlichen namen dagegen haben sie nichts hohers gesucht als das sie mit gerechtigkeit erbarem leben ihnen einen ehrlichen nahmen zu wege bringen unnd erhalten mochten
524794,body,29,1,False,[9],Vnd damit die Roͤmer ſolches deſto beſſer foͤꝛderten/ haben ſie einen ſonderlichen Magiſtrat geordnet vnnd geſatzt/ die man Cenſores genennet/ das waren Auffmercker/ die auff eines jedwedern Leben vnnd Vornehmen achtung gaben/ Zu dieſem Ambt/ wuͤrden außgeleſen vñ gefoͤrdert die aller froͤmbſten/ beſcheideſten/ vnnd auffrichtigſten Leute/ die jederman kandte/ vnd dieſelben gaben fleiſſig achtung/ was einer oder der ander für ein Leben führete/ war nun jemandt/ es ſey von Mañ oder Weibes Perſonen befunden/ die einen mangel an jhnen hatten/ ſo wurden ſie durch die Cenſores fuͤr den Richter geführet/ vnnd wie ſich ein jeder vorhalten/ nach ſeinem Vordienſt als bald auff friſcher That/ darumb geſtraffet.,vnd damit die roͤmer ſolches deſto beſſer foͤꝛderten haben ſie einen ſonderlichen magiſtrat geordnet vnnd geſatzt die man cenſores genennet das waren auffmercker die auff eines jedwedern leben vnnd vornehmen achtung gaben zu dieſem ambt wuͤrden außgeleſen vñ gefoͤrdert die aller froͤmbſten beſcheideſten vnnd auffrichtigſten leute die jederman kandte vnd dieſelben gaben fleiſſig achtung was einer oder der ander für ein leben führete war nun jemandt es ſey von mañ oder weibes perſonen befunden die einen mangel an jhnen hatten ſo wurden ſie durch die cenſores fuͤr den richter geführet vnnd wie ſich ein jeder vorhalten nach ſeinem vordienſt als bald auff friſcher that darumb geſtraffet,und damit die romer solches desto besser foderten haben sie einen sonderlichen magistrat geordnet unnd gesatzt die man censores genennet das waren auffmercker die auff eines iedwedern leben unnd uornehmen achtung gaben zu diesem ambt wurden aussgelesen und gefordert die aller frombsten bescheidesten unnd auffrichtigsten leute die iederman kandte und dieselben gaben fleissig achtung was einer oder der ander fur ein leben fuhrete war nun iemandt es sey uon mann oder weibes personen befunden die einen mangel an ihnen hatten so wurden sie durch die censores fur den richter gefuhret unnd wie sich ein ieder uorhalten nach seinem uordienst als bald auff frischer that darumb gestraffet
524794,body,29,2,True,[10],So haben auch ſonſten die Heyden feine Inſtructiones vnd heylſame Lehꝛen den jhrigen vorgeſchrieben/ vnd wehre zu wuͤntſchen/ das auch bey vns Chriſten ſolches mit dergleichem Ernſt getrieben wuͤrde.,so haben auch ſonſten die heyden feine inſtructiones vnd heylſame lehꝛen den jhrigen vorgeſchrieben vnd wehre zu wuͤntſchen das auch bey vns chriſten ſolches mit dergleichem ernſt getrieben wuͤrde,so haben auch sonsten die heyden feine instructiones und heylsame lehen den ihrigen uorgeschrieben und wehre zu wuntschen das auch bey uns christen solches mit dergleichem ernst getrieben wurde
524794,body,30,0,True,[10],Man ſehe aber die jetzige Welt an/ vnd halte ſie gegen der vorigen/ welch eine groſſe Vngleichheit wird ſich doch befinden/ niemandt trachtet jetzt gar ſonderlich darnach/ das er bedaͤchte/ was man jhm auch nach ſeinem tode nachreden moͤchte/ all Tugendt vnnd Erbarkeit vorſchwindet/ keine Trew iſt vnter den Leuten zu finden/ die Chriſtliche Liebe wil gar verleſchen/ Gottes furcht iſt wenig zu finden/ niemandt bedenckts/ das er ſterben ſol/ das Gewiſſen wird an ein Naͤgelchen gehangen/ mag wol bey manchem vorgeſſen werden/ vnd ſo dahin ſterben vñ vorterben/ das alſo jhꝛ wenig nach ſolchem Schatze des liebẽ Mannes Syꝛachs trachten/ wie ſie denſelben vberkommen moͤchten.,man ſehe aber die jetzige welt an vnd halte ſie gegen der vorigen welch eine groſſe vngleichheit wird ſich doch befinden niemandt trachtet jetzt gar ſonderlich darnach das er bedaͤchte was man jhm auch nach ſeinem tode nachreden moͤchte all tugendt vnnd erbarkeit vorſchwindet keine trew iſt vnter den leuten zu finden die chriſtliche liebe wil gar verleſchen gottes furcht iſt wenig zu finden niemandt bedenckts das er ſterben ſol das gewiſſen wird an ein naͤgelchen gehangen mag wol bey manchem vorgeſſen werden vnd ſo dahin ſterben vñ vorterben das alſo jhꝛ wenig nach ſolchem schatze des liebẽ mannes syꝛachs trachten wie ſie denſelben vberkommen moͤchten,man sehe aber die ietzige welt an und halte sie gegen der uorigen welch eine grosse ungleichheit wird sich doch befinden niemandt trachtet ietzt gar sonderlich darnach das er bedachte was man ihm auch nach seinem tode nachreden mochte all tugendt unnd erbarkeit uorschwindet keine trew ist unter den leuten zu finden die christliche liebe wil gar uerleschen gottes furcht ist wenig zu finden niemandt bedenckts das er sterben sol das gewissen wird an ein nagelchen gehangen mag wol bey manchem uorgessen werden und so dahin sterben und uorterben das also ih wenig nach solchem schatze des lieben mannes syachs trachten wie sie denselben uberkommen mochten
524794,body,31,0,False,[10],Man weiß einen lange zu ruͤhmen/ vnd es jhme nachzuſagen/ wer From/ Gottſelig/ Tugendtreich vnd Gottfuͤrchtig geweſen iſt: Hergegen vorgiſt man auch wol nicht des Gottloſen/ ſein Leben vnnd Wandel/ man redet ſpoͤttlich davon/ man ſchreibets inn Buͤcher vnd Chronicken/ Geſchlechter kommen in verachtung/ Kinder muͤſſens entgelten/ vnd jhrer Eltern vbel vorhalten wird jhnen offt in die Naſen gerieben/ muͤſſen von ehrlichen Leuthen angefeindet werden/ wil geſchweigen/ das GOTT der Vaͤter Miſſethat an den Kindern ſtraffen wil/ biß ins dritte vnd vierde Gliedt/ wann ſie inn jhrer Vaͤter Suͤnden vnnd Miſſethat fortfahren/ Solte ſich derowegen jedermann hoͤchſten fleiſſes bemühen/ wie er zu ſolchem Guͤldenen vñ hoͤchſten Schatze kom̃en/ vnd ſich damit wider alles boͤſes ſchuͤtzen moͤge/ dann/ es ſey wie jhm wolle/ ſo kan doch ein ſolcher Menſch allezeit mit deſto froͤlicherem Gemuͤth zu Bette gehen/ auch getroſt jeder mann ins Geſichte tretten/ der auffrichtig vnnd Gottſelig gewandelt hat/ als der ſein Lebenlang nach ehren nicht gefraget/ vnd wañ gleich auch der Todt kom̃en/ vnd mit jhm auff ſein ſolte/ wuͤrde er wol auff beyden ſeiten vnvorzagt antworten/ vnnd mit jenem Alten Lehrer getroſt ſagen koͤnnen/ da jhn die vmbſtehendẽ Freunde gefraget/ ob er gerne ſterben wolte.,man weiß einen lange zu ruͤhmen vnd es jhme nachzuſagen wer from gottſelig tugendtreich vnd gottfuͤrchtig geweſen iſt hergegen vorgiſt man auch wol nicht des gottloſen ſein leben vnnd wandel man redet ſpoͤttlich davon man ſchreibets inn buͤcher vnd chronicken geſchlechter kommen in verachtung kinder muͤſſens entgelten vnd jhrer eltern vbel vorhalten wird jhnen offt in die naſen gerieben muͤſſen von ehrlichen leuthen angefeindet werden wil geſchweigen das gott der vaͤter miſſethat an den kindern ſtraffen wil biß ins dritte vnd vierde gliedt wann ſie inn jhrer vaͤter suͤnden vnnd miſſethat fortfahren solte ſich derowegen jedermann hoͤchſten fleiſſes bemühen wie er zu ſolchem guͤldenen vñ hoͤchſten schatze kom̃en vnd ſich damit wider alles boͤſes ſchuͤtzen moͤge dann es ſey wie jhm wolle ſo kan doch ein ſolcher menſch allezeit mit deſto froͤlicherem gemuͤth zu bette gehen auch getroſt jeder mann ins geſichte tretten der auffrichtig vnnd gottſelig gewandelt hat als der ſein lebenlang nach ehren nicht gefraget vnd wañ gleich auch der todt kom̃en vnd mit jhm auff ſein ſolte wuͤrde er wol auff beyden ſeiten vnvorzagt antworten vnnd mit jenem alten lehrer getroſt ſagen koͤnnen da jhn die vmbſtehendẽ freunde gefraget ob er gerne ſterben wolte,man weiss einen lange zu ruhmen und es ihme nachzusagen wer from gottselig tugendtreich und gottfurchtig gewesen ist hergegen uorgist man auch wol nicht des gottlosen sein leben unnd wandel man redet spottlich dauon man schreibets inn bucher und chronicken geschlechter kommen in uerachtung kinder mussens entgelten und ihrer eltern ubel uorhalten wird ihnen offt in die nasen gerieben mussen uon ehrlichen leuthen angefeindet werden wil geschweigen das gott der uater missethat an den kindern straffen wil biss ins dritte und uierde gliedt wann sie inn ihrer uater sunden unnd missethat fortfahren solte sich derowegen iedermann hochsten fleisses bemuhen wie er zu solchem guldenen und hochsten schatze kommen und sich damit wider alles boses schutzen moge dann es sey wie ihm wolle so kan doch ein solcher mensch allezeit mit desto frolicherem gemuth zu bette gehen auch getrost ieder mann ins gesichte tretten der auffrichtig unnd gottselig gewandelt hat als der sein lebenlang nach ehren nicht gefraget und wann gleich auch der todt kommen und mit ihm auff sein solte wurde er wol auff beyden seiten unuorzagt antworten unnd mit ienem alten lehrer getrost sagen konnen da ihn die umbstehenden freunde gefraget ob er gerne sterben wolte
524794,body,31,1,False,[11],"Non ità vixi, ſagt er, Ut me pudeat ulteriùs inter vos vivere, ſed & nec mori timeo, quia bonum Dominũ habemus.",non ità vixi ſagt er ut me pudeat ulteriùs inter vos vivere ſed & nec mori timeo quia bonum dominũ habemus,non ita uixi sagt er ut me pudeat ulterius inter uos uiuere sed et nec mori timeo quia bonum dominum habemus
524794,body,31,2,True,[11],Jch habe nicht ein ſolches Leben gefuͤhret/ das ich mich ſchewete laͤnger vnter euch zu leben/ ſo fuͤrchte ich mich auch nicht zu ſterbẽ/ denn ich habe gar einen guͤttigen vnd fromen HErren.,jch habe nicht ein ſolches leben gefuͤhret das ich mich ſchewete laͤnger vnter euch zu leben ſo fuͤrchte ich mich auch nicht zu ſterbẽ denn ich habe gar einen guͤttigen vnd fromen herren,ich habe nicht ein solches leben gefuhret das ich mich schewete langer unter euch zu leben so furchte ich mich auch nicht zu sterben denn ich habe gar einen guttigen und fromen herren
524794,body,32,0,True,[11],Vnd das iſt/ das vns Syrach in vorleſenen Worten ſo trewlich vormahnet/ das wir ſolchen Schatz nicht allein erlangen/ ſondern auch behalten koͤndten/ welchen Schatz er trefflichen commendiret vnd herauß ſtreichet.,vnd das iſt das vns syrach in vorleſenen worten ſo trewlich vormahnet das wir ſolchen schatz nicht allein erlangen ſondern auch behalten koͤndten welchen schatz er trefflichen commendiret vnd herauß ſtreichet,und das ist das uns syrach in uorlesenen worten so trewlich uormahnet das wir solchen schatz nicht allein erlangen sondern auch behalten kondten welchen schatz er trefflichen commendiret und herauss streichet
524794,body,33,0,True,[11],"Erſtlichen zwar. 1. à Certitudine, Es ſey ein gewiſſer Schatz/ denn ſo ſagt er/ Er bleibe gewiſſer denn tauſent Schaͤtze Goldes/ wil ſo viel ſagen/ vnnd wann du gleich Tauſent vnd aber Tauſent/ ja der gantzen Welt Schaͤtze ſamleteſt/ ſo haſtu doch nichts beſtendiges an denſelbigen/ koͤnnen dich auch nicht auß mancher not/ geſchweige denn/ vom Tode erꝛetten/ Aber wann du dir ſamleſt einen gutten Nahmen/ vnd bleybeſt in Gottes furcht/ ſo haſtu ein gewiſſen vnd beſtendigen Schatz/ welchen auch die Pforten der Hellen nicht vberwaͤltigen koͤnnen.",erſtlichen zwar à certitudine es ſey ein gewiſſer schatz denn ſo ſagt er er bleibe gewiſſer denn tauſent schaͤtze goldes wil ſo viel ſagen vnnd wann du gleich tauſent vnd aber tauſent ja der gantzen welt schaͤtze ſamleteſt ſo haſtu doch nichts beſtendiges an denſelbigen koͤnnen dich auch nicht auß mancher not geſchweige denn vom tode erꝛetten aber wann du dir ſamleſt einen gutten nahmen vnd bleybeſt in gottes furcht ſo haſtu ein gewiſſen vnd beſtendigen schatz welchen auch die pforten der hellen nicht vberwaͤltigen koͤnnen,erstlichen zwar a certitudine es sey ein gewisser schatz denn so sagt er er bleibe gewisser denn tausent schatze goldes wil so uiel sagen unnd wann du gleich tausent und aber tausent ia der gantzen welt schatze samletest so hastu doch nichts bestendiges an denselbigen konnen dich auch nicht auss mancher not geschweige denn uom tode eretten aber wann du dir samlest einen gutten nahmen und bleybest in gottes furcht so hastu ein gewissen und bestendigen schatz welchen auch die pforten der hellen nicht uberwaltigen konnen
524794,body,34,0,True,[12],Hiskias war ein maͤchtiger Koͤnig/ hatte auch einen gewaltigen Schatz/ welchen er dermal eins des Babyloniſchen Koͤnigs Geſandten zeygete/ aber er kundte jhn doch nicht fuͤr ſeinen Feinden behalten/ dann die von Babylon/ kamen mit Heeres krafft/ vñ Purgirten die Schatzkam̃er Ezechiæ alſo/ das nichts vbrig blieb.,hiskias war ein maͤchtiger koͤnig hatte auch einen gewaltigen schatz welchen er dermal eins des babyloniſchen koͤnigs geſandten zeygete aber er kundte jhn doch nicht fuͤr ſeinen feinden behalten dann die von babylon kamen mit heeres krafft vñ purgirten die schatzkam̃er ezechiæ alſo das nichts vbrig blieb,hiskias war ein machtiger konig hatte auch einen gewaltigen schatz welchen er dermal eins des babylonischen konigs gesandten zeygete aber er kundte ihn doch nicht fur seinen feinden behalten dann die uon babylon kamen mit heeres krafft und purgirten die schatzkammer ezechiae also das nichts ubrig blieb
524794,body,35,0,False,[12],Koͤnigs Darii Schatz/ erſtreckte ſich auff Hundert vnd Achtzig tauſent Talenta oder Pfundt Goldt.,koͤnigs darii schatz erſtreckte ſich auff hundert vnd achtzig tauſent talenta oder pfundt goldt,konigs darii schatz erstreckte sich auff hundert und achtzig tausent talenta oder pfundt goldt
524794,body,35,1,False,[12],"Der Koͤnig hat bey dieſem Schatz geſchlaffen/ zu ſeinen Haͤupten iſt ein Schatzkaͤmmerlein gebawt/ in welchem allzeit Fuͤnff tauſent Pfundt Goldt/ ođ Dreyſſig Tonnen Golt in vorwahrung geweſen/ vnd diß iſt des Koͤnigs Haͤubtkuͤſſen geneñet woꝛdẽ/ Zu den Fuͤſſen/ iſt ein ander Kaͤmmerlein erbawet/ darinn hat man im Vorꝛath gehalten/ drey tauſent Talenta, vnd diß iſt des Koͤnigs Fußſchemel geheiſſen/ die Schlaffkam̃er iſt mit einem guͤldenen Rebſtocke vberzogen/ von dichtem Goldt/ vnd die Trauben daran mit allerley koͤſtlichen Edelgeſteinen beſetzt.",der koͤnig hat bey dieſem schatz geſchlaffen zu ſeinen haͤupten iſt ein schatzkaͤmmerlein gebawt in welchem allzeit fuͤnff tauſent pfundt goldt ođ dreyſſig tonnen golt in vorwahrung geweſen vnd diß iſt des koͤnigs haͤubtkuͤſſen geneñet woꝛdẽ zu den fuͤſſen iſt ein ander kaͤmmerlein erbawet darinn hat man im vorꝛath gehalten drey tauſent talenta vnd diß iſt des koͤnigs fußſchemel geheiſſen die schlaffkam̃er iſt mit einem guͤldenen rebſtocke vberzogen von dichtem goldt vnd die trauben daran mit allerley koͤſtlichen edelgeſteinen beſetzt,der konig hat bey diesem schatz geschlaffen zu seinen haupten ist ein schatzkammerlein gebawt in welchem allzeit funff tausent pfundt goldt oder dreyssig tonnen golt in uorwahrung gewesen und diss ist des konigs haubtkussen genennet woden zu den fussen ist ein ander kammerlein erbawet darinn hat man im uorath gehalten drey tausent talenta und diss ist des konigs fussschemel geheissen die schlaffkammer ist mit einem guldenen rebstocke uberzogen uon dichtem goldt und die trauben daran mit allerley kostlichen edelgesteinen besetzt
524794,body,35,2,False,[12],Es hat auch darinnen geſtandẽ ein guͤldener Waſſerkrug oder Becher ſehr Kunſtreich/ der auch Dreyhundert mahl Hundert tauſent Cronen/ oder Dreyhundert Tonnen Goldes geſchetzt.,es hat auch darinnen geſtandẽ ein guͤldener waſſerkrug oder becher ſehr kunſtreich der auch dreyhundert mahl hundert tauſent cronen oder dreyhundert tonnen goldes geſchetzt,es hat auch darinnen gestanden ein guldener wasserkrug oder becher sehr kunstreich der auch dreyhundert mahl hundert tausent cronen oder dreyhundert tonnen goldes geschetzt
524794,body,35,3,False,[12],Wo iſt aber ſolcher ſein groſſer Schatz hinkommen/ da jhn ſeine vornehmeſte Raͤthe/ vnd geſchwoꝛne Freunde/ mit guͤldenen Ketten gebunden/ herumb geſchlepffet/ vnd entlich mit vielen Wunden Verꝛaͤterlich getoͤdtet haben.,wo iſt aber ſolcher ſein groſſer schatz hinkommen da jhn ſeine vornehmeſte raͤthe vnd geſchwoꝛne freunde mit guͤldenen ketten gebunden herumb geſchlepffet vnd entlich mit vielen wunden verꝛaͤterlich getoͤdtet haben,wo ist aber solcher sein grosser schatz hinkommen da ihn seine uornehmeste rathe und geschwone freunde mit guldenen ketten gebunden herumb geschlepffet und entlich mit uielen wunden ueraterlich getodtet haben
524794,body,35,4,True,[12],Budæus lib. 4. fol. 333.,budæus lib fol,budaeus lib fol
524794,body,36,0,False,[13],Drumb vergleicht die Schrifft die Reichen mit jhrem Reichthumb/ den Blumen auff dem Felde/ die heute ſtehẽ vnd ſo herꝛlich bluͤhen/ das einem das hertz dafür ergruͤnen moͤchte/ Morgen aber ſindt ſie verdorꝛet/ vnd werden inn den Ofen geworffen.,drumb vergleicht die schrifft die reichen mit jhrem reichthumb den blumen auff dem felde die heute ſtehẽ vnd ſo herꝛlich bluͤhen das einem das hertz dafür ergruͤnen moͤchte morgen aber ſindt ſie verdorꝛet vnd werden inn den ofen geworffen,drumb uergleicht die schrifft die reichen mit ihrem reichthumb den blumen auff dem felde die heute stehen und so herlich bluhen das einem das hertz dafur ergrunen mochte morgen aber sindt sie uerdoret und werden inn den ofen geworffen
524794,body,36,1,False,[13],Der Sohn Gottes ſaget von dem Reichthumb/ das es den Wuͤrmen vnnd Motten vnterworffen ſey/ das es die Diebe ſtehlen/ vnd darnach graben/ auch die Feinde daſſelbe Rauben koͤnnen.,der sohn gottes ſaget von dem reichthumb das es den wuͤrmen vnnd motten vnterworffen ſey das es die diebe ſtehlen vnd darnach graben auch die feinde daſſelbe rauben koͤnnen,der sohn gottes saget uon dem reichthumb das es den wurmen unnd motten unterworffen sey das es die diebe stehlen und darnach graben auch die feinde dasselbe rauben konnen
524794,body,36,2,True,[13],Matth. 6. v. 20.,matth v,matth u
524794,body,37,0,False,[13],"Zum Andern/ So Commendiret Er ſolchen Schatz/ 2. à Præſtantiâ, von ſeiner Wuͤrdigkeit/ Er ſey gewiſſer/ dann Tauſent Schaͤtze goldes.",zum andern so commendiret er ſolchen schatz à præſtantiâ von ſeiner wuͤrdigkeit er ſey gewiſſer dann tauſent schaͤtze goldes,zum andern so commendiret er solchen schatz a praestantia uon seiner wurdigkeit er sey gewisser dann tausent schatze goldes
524794,body,37,1,True,[13],Wie Pranget man hier auff Erden auff einen kleinen Schatz/ aber hier hoͤren wir/ das ein gutter Nahme/ viel beſſer ſey/ denn Tauſent Schaͤtze goldes.,wie pranget man hier auff erden auff einen kleinen schatz aber hier hoͤren wir das ein gutter nahme viel beſſer ſey denn tauſent schaͤtze goldes,wie pranget man hier auff erden auff einen kleinen schatz aber hier horen wir das ein gutter nahme uiel besser sey denn tausent schatze goldes
524794,body,38,0,True,[13],Ein Schatz võ Goldt vñ Gelt/ macht einen berühmt vor der Welt: Aber ein guter Name durchdringet alle Lande/ erhoͤhet jhn/ vnd macht jhn groß bey Fuͤrſten vnd Herꝛen.,ein schatz võ goldt vñ gelt macht einen berühmt vor der welt aber ein guter name durchdringet alle lande erhoͤhet jhn vnd macht jhn groß bey fuͤrſten vnd herꝛen,ein schatz uon goldt und gelt macht einen beruhmt uor der welt aber ein guter name durchdringet alle lande erhohet ihn und macht ihn gross bey fursten und heren
524794,body,39,0,False,[13],Mit Gutt vnd Geldt/ bringet man zu wege Land vnd Leute/ Aber durch einen gutten Nahmen vnnd Gewiſſen/ kompt man zu den Himliſchen vnvergaͤnglichen Guͤttern/ drumb ſagt David/ Pſalm. 24. Das die Gottſeligen ſollen den Segen vom HErren empfangen/ vnd Gerechtigkeit/ von dem GOtt jhres Heyls.,mit gutt vnd geldt bringet man zu wege land vnd leute aber durch einen gutten nahmen vnnd gewiſſen kompt man zu den himliſchen vnvergaͤnglichen guͤttern drumb ſagt david pſalm das die gottſeligen ſollen den segen vom herren empfangen vnd gerechtigkeit von dem gott jhres heyls,mit gutt und geldt bringet man zu wege land und leute aber durch einen gutten nahmen unnd gewissen kompt man zu den himlischen unuerganglichen guttern drumb sagt dauid psalm das die gottseligen sollen den segen uom herren empfangen und gerechtigkeit uon dem gott ihres heyls
524794,body,39,1,True,[13],Vnd die Gerechten werden das Land bewohnen/ vnd die auffrichtigen werden dꝛinnen vberbleyben.,vnd die gerechten werden das land bewohnen vnd die auffrichtigen werden dꝛinnen vberbleyben,und die gerechten werden das land bewohnen und die auffrichtigen werden dinnen uberbleyben
524794,body,40,0,True,[13],Mit Goldt vnnd Geldt/ beuget man offt das Recht/ Aber wer ein gutt Gewiſſen hat/ der entſetzet ſich nicht für einer vnbillichen Anklage/ 2. Cor. 1. Darumb als Paulus von etlichen Juden beym Volck zu Jeruſalem Auffruͤhriſcher weiſe war beſchuldiget worden/ das er wider das Geſetz Moſis lehrete/ vnd hernacher vom Oberhaͤuptman vor den Rath der Juͤden war geſtellet worden/ Fieng er ſeine rede alſo an: Jhr Maͤnner lieben Bruͤder/ Jch habe mit all guttem Gewiſſen gewandelt/ vor GOtt/ biß auff dieſen Tag: Actor. 23.,mit goldt vnnd geldt beuget man offt das recht aber wer ein gutt gewiſſen hat der entſetzet ſich nicht für einer vnbillichen anklage cor darumb als paulus von etlichen juden beym volck zu jeruſalem auffruͤhriſcher weiſe war beſchuldiget worden das er wider das geſetz moſis lehrete vnd hernacher vom oberhaͤuptman vor den rath der juͤden war geſtellet worden fieng er ſeine rede alſo an jhr maͤnner lieben bruͤder jch habe mit all guttem gewiſſen gewandelt vor gott biß auff dieſen tag actor,mit goldt unnd geldt beuget man offt das recht aber wer ein gutt gewissen hat der entsetzet sich nicht fur einer unbillichen anklage cor darumb als paulus uon etlichen iuden beym uolck zu ierusalem auffruhrischer weise war beschuldiget worden das er wider das gesetz mosis lehrete und hernacher uom oberhauptman uor den rath der iuden war gestellet worden fieng er seine rede also an ihr manner lieben bruder ich habe mit all guttem gewissen gewandelt uor gott biss auff diesen tag actor
524794,body,41,0,False,[14],Das Goldt ſtaͤrcket das Hertz: Aber ein gutter Nahme vnd Gewiſſen macht das Gebeine fett/ Proverb. 15. ſtaͤrcket das Hertz/ beydes im Leben vnd todt.,das goldt ſtaͤrcket das hertz aber ein gutter nahme vnd gewiſſen macht das gebeine fett proverb ſtaͤrcket das hertz beydes im leben vnd todt,das goldt starcket das hertz aber ein gutter nahme und gewissen macht das gebeine fett prouerb starcket das hertz beydes im leben und todt
524794,body,41,1,True,[14],Vnd der HERR leſſet die Seele des Gerechten nicht hunger leyden/ Prov. 11.,vnd der herr leſſet die seele des gerechten nicht hunger leyden prov,und der herr lesset die seele des gerechten nicht hunger leyden prou
524794,body,42,0,False,[14],Goldt/ Geldt/ vnd Gutt/ macht dem Menſchen muth/ Aber des Gerechten Mundt iſt ein Brunquell des Lebens.,goldt geldt vnd gutt macht dem menſchen muth aber des gerechten mundt iſt ein brunquell des lebens,goldt geldt und gutt macht dem menschen muth aber des gerechten mundt ist ein brunquell des lebens
524794,body,42,1,False,[14],Daher Paulus/ als er von der Juden verſtoſſung reden wolte/ ſprach er/ Jch ſage die Warheit bey Chriſto/ vnd leugne nit/ wèlchs auch mit mir bezeuget mein Gewiſſen.,daher paulus als er von der juden verſtoſſung reden wolte ſprach er jch ſage die warheit bey chriſto vnd leugne nit wèlchs auch mit mir bezeuget mein gewiſſen,daher paulus als er uon der iuden uerstossung reden wolte sprach er ich sage die warheit bey christo und leugne nit welchs auch mit mir bezeuget mein gewissen
524794,body,42,2,True,[14],Ja Chriſtus die Ewige Warheit ſelber/ antwortete dem Hohenpꝛieſter ins Angeſichte/ Joh. 18. Jch habe frey offentlich geredt vor der Welt/ Frage die darumb/ die gehoͤret haben/ was ich zu jhnen geredt habe/ ich habe nicht im verborgen geredt.,ja chriſtus die ewige warheit ſelber antwortete dem hohenpꝛieſter ins angeſichte joh jch habe frey offentlich geredt vor der welt frage die darumb die gehoͤret haben was ich zu jhnen geredt habe ich habe nicht im verborgen geredt,ia christus die ewige warheit selber antwortete dem hohenpiester ins angesichte ioh ich habe frey offentlich geredt uor der welt frage die darumb die gehoret haben was ich zu ihnen geredt habe ich habe nicht im uerborgen geredt
524794,body,43,0,False,[14],"Mit Goldt vnd Geldt/ macht man jhm gutte Freunde/ vnd bringt die Hertzen der Menſchen an ſich/ die ſich hierdurch als bald bewegen laſſen/ nach dem alten Poͤëtiſchen verßlein: Munera, crede mihi, placant hominesꝙ́, DEosꝙ́: Aber Gott hat ein beſonder wolgefallen/ an denen/ die ſich der Gerechtigkeit befleiſſen/ Jerem. 9. Er hat ein wolgefallen an denen/ die eines volkommenen weges ſindt/ Prov. 11. Ja der Gerechten gebeth erhoͤret der HErr/ Proverb. 15. Was die Gerechten begehren/ wird jhnen GOtt geben.",mit goldt vnd geldt macht man jhm gutte freunde vnd bringt die hertzen der menſchen an ſich die ſich hierdurch als bald bewegen laſſen nach dem alten poͤëtiſchen verßlein munera crede mihi placant hominesꝙ́ deosꝙ́ aber gott hat ein beſonder wolgefallen an denen die ſich der gerechtigkeit befleiſſen jerem er hat ein wolgefallen an denen die eines volkommenen weges ſindt prov ja der gerechten gebeth erhoͤret der herr proverb was die gerechten begehren wird jhnen gott geben,mit goldt und geldt macht man ihm gutte freunde und bringt die hertzen der menschen an sich die sich hierdurch als bald bewegen lassen nach dem alten poetischen uersslein munera crede mihi placant hominesquod deosquod aber gott hat ein besonder wolgefallen an denen die sich der gerechtigkeit befleissen ierem er hat ein wolgefallen an denen die eines uolkommenen weges sindt prou ia der gerechten gebeth erhoret der herr prouerb was die gerechten begehren wird ihnen gott geben
524794,body,43,1,True,[14],Proverb. 10. v. 24.,proverb v,prouerb u
524794,body,44,0,False,[15],Geldt vnnd Gutt macht bißweilen einen loß/ von der Feinde Haͤnde/ vnnd auß dem Joch der Tyranniſchen Dienſtbarkeit: Aber Gerechtigkeit erꝛettet auch vom tode.,geldt vnnd gutt macht bißweilen einen loß von der feinde haͤnde vnnd auß dem joch der tyranniſchen dienſtbarkeit aber gerechtigkeit erꝛettet auch vom tode,geldt unnd gutt macht bissweilen einen loss uon der feinde hande unnd auss dem ioch der tyrannischen dienstbarkeit aber gerechtigkeit erettet auch uom tode
524794,body,44,1,True,[15],Proverb. 10.,proverb,prouerb
524794,body,45,0,False,[15],Vmb Goldt vnd Geldt/ Waget man Leib vnd Leben/ Aber Selig ſindt/ die vmb der Gerechtigkeit willen verfolget werden/ denn/ das Himmelreich iſt jhr.,vmb goldt vnd geldt waget man leib vnd leben aber selig ſindt die vmb der gerechtigkeit willen verfolget werden denn das himmelreich iſt jhr,umb goldt und geldt waget man leib und leben aber selig sindt die umb der gerechtigkeit willen uerfolget werden denn das himmelreich ist ihr
524794,body,45,1,True,[15],Matth. 5.,matth,matth
524794,body,46,0,False,[15],"Zum Dritten/ ſtreicht Syrach ſolchen Schatz herauß: 3. à Duratione, Das er jmmerdar wehre/ denn/ ſo ſagt er weiter/ Ein gutter Nahme bleibet Ewiglich.",zum dritten ſtreicht syrach ſolchen schatz herauß à duratione das er jmmerdar wehre denn ſo ſagt er weiter ein gutter nahme bleibet ewiglich,zum dritten streicht syrach solchen schatz herauss a duratione das er immerdar wehre denn so sagt er weiter ein gutter nahme bleibet ewiglich
524794,body,46,1,True,[15],Er vergleicht aber ſolchen Ewig wehrenden Schatz/ mit der Vnbeſtendigkeit des Menſchlichen Lebens vnnd ſeines gluͤckes/ Ein Leben/ ſagt er/ Es ſey ſo gutt es wolle/ ſo wehret es eine kleine Zeit/ ꝛc.,er vergleicht aber ſolchen ewig wehrenden schatz mit der vnbeſtendigkeit des menſchlichen lebens vnnd ſeines gluͤckes ein leben ſagt er es ſey ſo gutt es wolle ſo wehret es eine kleine zeit ꝛc,er uergleicht aber solchen ewig wehrenden schatz mit der unbestendigkeit des menschlichen lebens unnd seines gluckes ein leben sagt er es sey so gutt es wolle so wehret es eine kleine zeit c
524794,body,47,0,False,[15],"Ewiger GOtt/ was iſt doch der arme elende Menſch anders/ denn nur ein Fortunæ ludibrium, ein Spiel des gluͤcks/ wie Sabellicus ſchreibet/ von P. Vendidio.",ewiger gott was iſt doch der arme elende menſch anders denn nur ein fortunæ ludibrium ein spiel des gluͤcks wie sabellicus ſchreibet von p vendidio,ewiger gott was ist doch der arme elende mensch anders denn nur ein fortunae ludibrium ein spiel des glucks wie sabellicus schreibet uon p uendidio
524794,body,47,1,False,[15],"Quem fortuna luſerit, & luſerit ad deriſum usꝙ́ mortalium, mit welchem das gluͤck/ ſagt er/ alſo geſpielet/ das es nicht gnugſam zu verwundern.",quem fortuna luſerit & luſerit ad deriſum usꝙ́ mortalium mit welchem das gluͤck ſagt er alſo geſpielet das es nicht gnugſam zu verwundern,quem fortuna luserit et luserit ad derisum usquod mortalium mit welchem das gluck sagt er also gespielet das es nicht gnugsam zu uerwundern
524794,body,47,2,False,[15],Vnd was wollen wir viel von Heydniſchen Exempeln ſagen/ Alle Heyligen GOTtes/ haben von Anfang der Welt/ des betruͤglichen Gluͤcks vnbeſtendigkeit/ vnd falſche Tuͤcke erfahren/ ſie haben aber dem gluͤcke nichts getrawet/ ſondern allezeit auff die Gnedige Regierung/ Schutz vnd Schirm des Allmaͤchtigen Gottes geſehẽ/ ohne deſſen willen ſie wol gewuſt/ das jhnen das geringſte nicht koͤndte widerfahren/ wie David ſagt: Wer vnter dem Schirm des Hoͤchſten ſitzt/ vnd vnter dem Schatten des Allmaͤchtigen bleibet/ der ſpricht zu dem HErꝛn mein Zuverſicht/ vnd mein Burg/ mein Gott auff den ich trawe.,vnd was wollen wir viel von heydniſchen exempeln ſagen alle heyligen gottes haben von anfang der welt des betruͤglichen gluͤcks vnbeſtendigkeit vnd falſche tuͤcke erfahren ſie haben aber dem gluͤcke nichts getrawet ſondern allezeit auff die gnedige regierung schutz vnd schirm des allmaͤchtigen gottes geſehẽ ohne deſſen willen ſie wol gewuſt das jhnen das geringſte nicht koͤndte widerfahren wie david ſagt wer vnter dem schirm des hoͤchſten ſitzt vnd vnter dem schatten des allmaͤchtigen bleibet der ſpricht zu dem herꝛn mein zuverſicht vnd mein burg mein gott auff den ich trawe,und was wollen wir uiel uon heydnischen exempeln sagen alle heyligen gottes haben uon anfang der welt des betruglichen glucks unbestendigkeit und falsche tucke erfahren sie haben aber dem glucke nichts getrawet sondern allezeit auff die gnedige regierung schutz und schirm des allmachtigen gottes gesehen ohne dessen willen sie wol gewust das ihnen das geringste nicht kondte widerfahren wie dauid sagt wer unter dem schirm des hochsten sitzt und unter dem schatten des allmachtigen bleibet der spricht zu dem hern mein zuuersicht und mein burg mein gott auff den ich trawe
524794,body,47,3,True,[16],Das alſo/ des Menſchen gluͤck vnd Leben/ Es ſey wie gutt es wolle/ nur eine kleine Zeit wehre/ Ja wie Moſes im 90. Pſalm: Vns von dieſem Handel berichtet: Vnſer Leben wehret Siebentzig Jahr/ wann es Hoch koͤmmet/ ſo ſinds Achtzig Jahr/ vnd wenns koͤſtlich geweſen iſt/ ſo iſts muͤhe vnd arbeyt geweſen/ deñ es faͤhꝛet ſchnell dahin/ als floͤgen wir davon.,das alſo des menſchen gluͤck vnd leben es ſey wie gutt es wolle nur eine kleine zeit wehre ja wie moſes im pſalm vns von dieſem handel berichtet vnſer leben wehret siebentzig jahr wann es hoch koͤmmet ſo ſinds achtzig jahr vnd wenns koͤſtlich geweſen iſt ſo iſts muͤhe vnd arbeyt geweſen deñ es faͤhꝛet ſchnell dahin als floͤgen wir davon,das also des menschen gluck und leben es sey wie gutt es wolle nur eine kleine zeit wehre ia wie moses im psalm uns uon diesem handel berichtet unser leben wehret siebentzig iahr wann es hoch kommet so sinds achtzig iahr und wenns kostlich gewesen ist so ists muhe und arbeyt gewesen denn es fahet schnell dahin als flogen wir dauon
524794,body,48,0,True,[16],Der Reiche Schlucker fuͤhrete auch ein guttes Leben/ vnnd lebete alle Tage herꝛlich/ Aber wie lange wehrets/ Die Schriefft ſaget/ Der reiche ſtarb/ vnnd ward begraben/ ꝛc.,der reiche schlucker fuͤhrete auch ein guttes leben vnnd lebete alle tage herꝛlich aber wie lange wehrets die schriefft ſaget der reiche ſtarb vnnd ward begraben ꝛc,der reiche schlucker fuhrete auch ein guttes leben unnd lebete alle tage herlich aber wie lange wehrets die schriefft saget der reiche starb unnd ward begraben c
524794,body,49,0,False,[16],Luc: 12. Jſt ein reicher Menſch/ der wolt jhm auch ein gutt Leben/ da jhm das Feldt wolgetragen/ vnd er nicht hatte/ wo er ſeine Fruͤchte hinſamlen ſolte/ ſchaffen/ hub derowegen mit ſeiner Seele ein fein Geſpraͤche an/ vnnd ſagte zu jhr/ liebe Seele/ du haſt einen groſſen Vorꝛath auff viel Jahꝛe/ habe nu ruhe/ iſs/ trinck/ vnd habe gutten muth/ Aber GOtt ſprach zu jhm/ Du Narꝛ/ dieſe nacht wird man deine Seele von dir fodern/ vnd weß wirds ſein/ das du bereitet haſt?,luc jſt ein reicher menſch der wolt jhm auch ein gutt leben da jhm das feldt wolgetragen vnd er nicht hatte wo er ſeine fruͤchte hinſamlen ſolte ſchaffen hub derowegen mit ſeiner seele ein fein geſpraͤche an vnnd ſagte zu jhr liebe seele du haſt einen groſſen vorꝛath auff viel jahꝛe habe nu ruhe iſs trinck vnd habe gutten muth aber gott ſprach zu jhm du narꝛ dieſe nacht wird man deine seele von dir fodern vnd weß wirds ſein das du bereitet haſt,luc ist ein reicher mensch der wolt ihm auch ein gutt leben da ihm das feldt wolgetragen und er nicht hatte wo er seine fruchte hinsamlen solte schaffen hub derowegen mit seiner seele ein fein gesprache an unnd sagte zu ihr liebe seele du hast einen grossen uorath auff uiel iahe habe nu ruhe iss trinck und habe gutten muth aber gott sprach zu ihm du nar diese nacht wird man deine seele uon dir fodern und wess wirds sein das du bereitet hast
524794,body,49,1,True,[16],Alſo gehet es/ wer jhme ſchaͤtze ſamlet/ vnd iſt nicht reich in Gott.,alſo gehet es wer jhme ſchaͤtze ſamlet vnd iſt nicht reich in gott,also gehet es wer ihme schatze samlet und ist nicht reich in gott
524794,body,50,0,True,[16],So ſehe nun jedermann zu/ wie er jhme ſolchen koͤſtlichen Schatz ſamle/ er wende alle ſeine Muͤhe vnd Fleiß darauff/ vnnd wiſſe/ wenn er ſolchen beſitzet/ das er einen ſolchen Schatz habe/ Der gewiſſer ſey/ denn Tauſent Schaͤtze Goldes/ der da alle Schaͤtze dieſer Welt vbertrifft/ welchen auch niemandt vorletzen/ noch jhn benehmen kan/ ſondern der da Ewiglich verbleybet.,so ſehe nun jedermann zu wie er jhme ſolchen koͤſtlichen schatz ſamle er wende alle ſeine muͤhe vnd fleiß darauff vnnd wiſſe wenn er ſolchen beſitzet das er einen ſolchen schatz habe der gewiſſer ſey denn tauſent schaͤtze goldes der da alle schaͤtze dieſer welt vbertrifft welchen auch niemandt vorletzen noch jhn benehmen kan ſondern der da ewiglich verbleybet,so sehe nun iedermann zu wie er ihme solchen kostlichen schatz samle er wende alle seine muhe und fleiss darauff unnd wisse wenn er solchen besitzet das er einen solchen schatz habe der gewisser sey denn tausent schatze goldes der da alle schatze dieser welt ubertrifft welchen auch niemandt uorletzen noch ihn benehmen kan sondern der da ewiglich uerbleybet
524794,head,51,0,True,[17],II.,ii,ii
524794,body,52,0,False,[17],WEil wir vernom̃en auß vorleſenen Worten/ was fromer Chriſten liebſter vnd beſter Schatz ſey: So laſt vns auch dieſem vornehmen Schatz/ ein Schatzkaͤſtlein auffbawen/ darinnen wir jhn vorwahren vnnd erhalten.,weil wir vernom̃en auß vorleſenen worten was fromer chriſten liebſter vnd beſter schatz ſey so laſt vns auch dieſem vornehmen schatz ein schatzkaͤſtlein auffbawen darinnen wir jhn vorwahren vnnd erhalten,weil wir uernommen auss uorlesenen worten was fromer christen liebster und bester schatz sey so last uns auch diesem uornehmen schatz ein schatzkastlein auffbawen darinnen wir ihn uorwahren unnd erhalten
524794,body,52,1,True,[17],Zur zubereitung aber ſolches Schatzkaͤſtleins/ gehoͤren drey vnterſchiedene Stuͤcke.,zur zubereitung aber ſolches schatzkaͤſtleins gehoͤren drey vnterſchiedene stuͤcke,zur zubereitung aber solches schatzkastleins gehoren drey unterschiedene stucke
524794,body,53,0,False,[17],"1. Das Erſte Stuͤcke an ſtadt der Bretter/ Jſt nun/ aßidua brevitatis vitæ noſtræ meditatio, Stete betrachtung der Pflichtigkeit vnſers Lebens.",das erſte stuͤcke an ſtadt der bretter jſt nun aßidua brevitatis vitæ noſtræ meditatio stete betrachtung der pflichtigkeit vnſers lebens,das erste stucke an stadt der bretter ist nun assidua breuitatis uitae nostrae meditatio stete betrachtung der pflichtigkeit unsers lebens
524794,body,53,1,False,[17],Denn ſo ſagt Syrach in vorleſenen Worten: Ein Leben/ es ſey wie gutt es wolle/ ſo wehret es eine kleine Zeit.,denn ſo ſagt syrach in vorleſenen worten ein leben es ſey wie gutt es wolle ſo wehret es eine kleine zeit,denn so sagt syrach in uorlesenen worten ein leben es sey wie gutt es wolle so wehret es eine kleine zeit
524794,body,53,2,False,[17],Was man hier Zeitlich bawet das bawet man alſo/ das man ſich getroͤſtet ein lange zeit brauff zuverlaſſen/ vñ daſſelbe zum beſten nutz zu gebrauchen: Wer das güldene Schatzkaͤſtlein bawen wil/ der muß es ſo anſtellen/ das er auch deſſen Ewigẽ nutz vnd ruhm habe/ vnd das kan gar wol geſchehen/ wañ man taͤglichen mit fleiß die Nichtigkeit vñ pflichtigkeit Menſchlichen Lebens betrachtet.,was man hier zeitlich bawet das bawet man alſo das man ſich getroͤſtet ein lange zeit brauff zuverlaſſen vñ daſſelbe zum beſten nutz zu gebrauchen wer das güldene schatzkaͤſtlein bawen wil der muß es ſo anſtellen das er auch deſſen ewigẽ nutz vnd ruhm habe vnd das kan gar wol geſchehen wañ man taͤglichen mit fleiß die nichtigkeit vñ pflichtigkeit menſchlichen lebens betrachtet,was man hier zeitlich bawet das bawet man also das man sich getrostet ein lange zeit brauff zuuerlassen und dasselbe zum besten nutz zu gebrauchen wer das guldene schatzkastlein bawen wil der muss es so anstellen das er auch dessen ewigen nutz und ruhm habe und das kan gar wol geschehen wann man taglichen mit fleiss die nichtigkeit und pflichtigkeit menschlichen lebens betrachtet
524794,body,53,3,True,[17],"Der Alvater Jacob nennets eine Wahlfart/ deñ da er gefragt ward/ vom Koͤnig Pharaone/ wie Alt er wehre/ gab er zur antwort/ die Zeit meiner Wahlfart iſt Hundert vnd Dreiſſig Jahr/ wenig vnd boͤſe iſt die Zeit meines Lebens/ vnnd langet nicht an die Zeit meiner Vaͤter/ inn jhrer Wahlfart/ damit anzuzeigen/ das wir auff dieſer Welt keine bleybende ſtaͤdte haben/ wie Ebr. 13. geſchrieben ſtehet/ denn ob er zwar 130. Jahr alt geweſen/ dennoch ſpricht er/ es ſind kurtze Tage geweſen/ das doch jetzunder nicht geſchicht/ das einer ſo alt wuͤrde/ denn vnter viel Tauſenten/ wird nicht einer gefunden/ der das Hundertſte Jahr erꝛeichete/ geſchicht es/ ſo achtet man es vor ein Miraculum, So ſehr nehmen wir arme Menſchen an Kraͤfften des Leibes ab/ welches gar wol hat moͤgen betrachten/ Ein alter Pater, der die folgende vier Verßlein inn der Polniſchen Kirchen zu Nambßlaw/ neben einem groſſen gemalten Sandzeyger/ an die wandt/ gegen dem Predigſtuhl vber/ vorzeiten geſchrieben hat:",der alvater jacob nennets eine wahlfart deñ da er gefragt ward vom koͤnig pharaone wie alt er wehre gab er zur antwort die zeit meiner wahlfart iſt hundert vnd dreiſſig jahr wenig vnd boͤſe iſt die zeit meines lebens vnnd langet nicht an die zeit meiner vaͤter inn jhrer wahlfart damit anzuzeigen das wir auff dieſer welt keine bleybende ſtaͤdte haben wie ebr geſchrieben ſtehet denn ob er zwar jahr alt geweſen dennoch ſpricht er es ſind kurtze tage geweſen das doch jetzunder nicht geſchicht das einer ſo alt wuͤrde denn vnter viel tauſenten wird nicht einer gefunden der das hundertſte jahr erꝛeichete geſchicht es ſo achtet man es vor ein miraculum so ſehr nehmen wir arme menſchen an kraͤfften des leibes ab welches gar wol hat moͤgen betrachten ein alter pater der die folgende vier verßlein inn der polniſchen kirchen zu nambßlaw neben einem groſſen gemalten sandzeyger an die wandt gegen dem predigſtuhl vber vorzeiten geſchrieben hat,der aluater iacob nennets eine wahlfart denn da er gefragt ward uom konig pharaone wie alt er wehre gab er zur antwort die zeit meiner wahlfart ist hundert und dreissig iahr wenig und bose ist die zeit meines lebens unnd langet nicht an die zeit meiner uater inn ihrer wahlfart damit anzuzeigen das wir auff dieser welt keine bleybende stadte haben wie ebr geschrieben stehet denn ob er zwar iahr alt gewesen dennoch spricht er es sind kurtze tage gewesen das doch ietzunder nicht geschicht das einer so alt wurde denn unter uiel tausenten wird nicht einer gefunden der das hundertste iahr ereichete geschicht es so achtet man es uor ein miraculum so sehr nehmen wir arme menschen an krafften des leibes ab welches gar wol hat mogen betrachten ein alter pater der die folgende uier uersslein inn der polnischen kirchen zu nambsslaw neben einem grossen gemalten sandzeyger an die wandt gegen dem predigstuhl uber uorzeiten geschrieben hat
524794,body,54,0,True,[18],Auff Deutſch alſo.,auff deutſch alſo,auff deutsch also
524794,body,55,0,True,[18],Sieh lieber Menſch: wie ſo geſchwindt,sieh lieber menſch wie ſo geſchwindt,sieh lieber mensch wie so geschwindt
524794,body,56,0,True,[18],Ein Zeygers ſtundt im Glaß verꝛindt/,ein zeygers ſtundt im glaß verꝛindt,ein zeygers stundt im glass uerindt
524794,body,57,0,True,[18],Alſo laͤufft deine Zeit dahin/,alſo laͤufft deine zeit dahin,also laufft deine zeit dahin
524794,body,58,0,True,[18],Den Todt ſie drewt/ drumb zum gewinn/,den todt ſie drewt drumb zum gewinn,den todt sie drewt drumb zum gewinn
524794,body,59,0,True,[18],Leb Chꝛiſtlich/ Wohl/ Gottſeliglich/,leb chꝛiſtlich wohl gottſeliglich,leb chistlich wohl gottseliglich
524794,body,60,0,True,[18],So wirſtu leben Ewiglich.,so wirſtu leben ewiglich,so wirstu leben ewiglich
524794,body,61,0,True,[18],Man ruͤhmet eine Fuͤrſtin auß Schleſien/ das ſie jhr ein Silbernes Kaͤſtlein fuͤr jhꝛem Ende hat machen/ vnd hinein ein Todten haͤuptlein ſambt den Beinlein/ auch von Silber/ auff die Art der Todten knochen legen laſſen/ Das hat ſie jhr ſtets laſſen vortragen/ nach der Taffel es mit fleiß angeſchawet/ vnd betrachtet/ auch wann ſie frembde Gaͤſte gehabt/ ſolches nicht geſchewet/ ſondern geſaget/ das iſt auch meiner Taͤglichen ſpeiſe eine/ das ich mich hierbey meiner Sterbligkeit erjnnere/ vnd ſiets an mein Todesſtuͤndlein gedencke/ auff das/ wann Gott kommen moͤchte/ es ſey bey vñ nach Tiſche/ oder wo es wolle/ Jch bereit moͤge erfunden werden.,man ruͤhmet eine fuͤrſtin auß schleſien das ſie jhr ein silbernes kaͤſtlein fuͤr jhꝛem ende hat machen vnd hinein ein todten haͤuptlein ſambt den beinlein auch von silber auff die art der todten knochen legen laſſen das hat ſie jhr ſtets laſſen vortragen nach der taffel es mit fleiß angeſchawet vnd betrachtet auch wann ſie frembde gaͤſte gehabt ſolches nicht geſchewet ſondern geſaget das iſt auch meiner taͤglichen ſpeiſe eine das ich mich hierbey meiner sterbligkeit erjnnere vnd ſiets an mein todesſtuͤndlein gedencke auff das wann gott kommen moͤchte es ſey bey vñ nach tiſche oder wo es wolle jch bereit moͤge erfunden werden,man ruhmet eine furstin auss schlesien das sie ihr ein silbernes kastlein fur ihem ende hat machen und hinein ein todten hauptlein sambt den beinlein auch uon silber auff die art der todten knochen legen lassen das hat sie ihr stets lassen uortragen nach der taffel es mit fleiss angeschawet und betrachtet auch wann sie frembde gaste gehabt solches nicht geschewet sondern gesaget das ist auch meiner taglichen speise eine das ich mich hierbey meiner sterbligkeit erinnere und siets an mein todesstundlein gedencke auff das wann gott kommen mochte es sey bey und nach tische oder wo es wolle ich bereit moge erfunden werden
524794,body,62,0,False,[18],"Durch ſolche vñ dergleichen Meditation, wird viel guts geſtifftet/ der Hohmut ſenckt ſich/ aller Vbermut legt ſich/ Ja alles Zeitliche vergiſt ſich.",durch ſolche vñ dergleichen meditation wird viel guts geſtifftet der hohmut ſenckt ſich aller vbermut legt ſich ja alles zeitliche vergiſt ſich,durch solche und dergleichen meditation wird uiel guts gestifftet der hohmut senckt sich aller ubermut legt sich ia alles zeitliche uergist sich
524794,body,62,1,False,[19],"Ein Menſch wird hierdurch 1. Humilis, Demuͤtig/ denckt bey ſich ſelbſt/ Ach ſolſt vnd muſtu einmal ſterben/ was iſt dir dann viel mit der Weltlichen Pracht beholffen/ ſaget mit Tertulliano: Quid ſuᵱbis ô homo, pulvis es, & in pulverem reverteris.",ein menſch wird hierdurch humilis demuͤtig denckt bey ſich ſelbſt ach ſolſt vnd muſtu einmal ſterben was iſt dir dann viel mit der weltlichen pracht beholffen ſaget mit tertulliano quid ſuᵱbis ô homo pulvis es & in pulverem reverteris,ein mensch wird hierdurch humilis demutig denckt bey sich selbst ach solst und mustu einmal sterben was ist dir dann uiel mit der weltlichen pracht beholffen saget mit tertulliano quid subis o homo puluis es et in puluerem reuerteris
524794,body,62,2,False,[19],Was erhebeſt du dich du armer Menſch/ biſt du nicht Staub vnd Aſche/ vnd muſt zu Staub vnnd Aſchen werden.,was erhebeſt du dich du armer menſch biſt du nicht staub vnd aſche vnd muſt zu staub vnnd aſchen werden,was erhebest du dich du armer mensch bist du nicht staub und asche und must zu staub unnd aschen werden
524794,body,62,3,False,[19],"Er wird durch ſolche ſtete Todes gedancken. 2. Sapiens Weiſe/ Klug vnd verſtendig: 1. Erſtlich lernet er Gott erkennen/ vñ darauß ſeinen Gerechten billichen Zorn vber die Suͤnde der Menſchen/ das wir alle ſterbẽ muͤſſen/ wie Paulus zun Roͤm. 5. ſaget/ durch einen Menſchen iſt die Suͤnde inn die gantze Welt kom̃en/ vnd durch die Suͤnde der todt/ vñ iſt zu allen Menſchen durch gedrungen/ Dieweil ſie alle geſuͤndiget haben: 2. Darnach auch ſich ſelbſt/ denn er bedenckt jhm die Nichtigkeit vnnd Schwachheit ſeines Leibes/ vnd den Grewel ſeiner Suͤnde vñ Miſſethat/ dadurch đ todt ſambt allerley Kranckheiten vorvrſachet wird/ denn der Todt wil eine vrſache haben/ das iſt die Sünde/ wie David im 90. Pſalm ſaget: Denn vnſer Miſſethat ſtelleſtu fuͤr dich vnd vnſer vnerkandte Sünde ins Liecht/ fuͤr deinem Angeſicht. 3. Er lernet dadurch ſuchen/ die Heylſame artzney wider den Todt/ die ſchoͤnen wolriechenden Troſtſpruͤchlein der H. Schriefft/ darmit er ſich offte auffmuntert/ vnd inn ſeinen Todes aͤngſten vnd noͤhten auffrichtet/ hebt an mit Paulo vnd Auguſtino zu ſagen: O quando veniã & apparcbo, O wenn wirds doch einmal werden/ wenn werde ich doch einmal kommen/ vnd fuͤr meinem H. Chriſto erſcheinen: Mit Monicâ Augustini Mutter/ Evolemus, Evolemus.",er wird durch ſolche ſtete todes gedancken sapiens weiſe klug vnd verſtendig erſtlich lernet er gott erkennen vñ darauß ſeinen gerechten billichen zorn vber die suͤnde der menſchen das wir alle ſterbẽ muͤſſen wie paulus zun roͤm ſaget durch einen menſchen iſt die suͤnde inn die gantze welt kom̃en vnd durch die suͤnde der todt vñ iſt zu allen menſchen durch gedrungen dieweil ſie alle geſuͤndiget haben darnach auch ſich ſelbſt denn er bedenckt jhm die nichtigkeit vnnd schwachheit ſeines leibes vnd den grewel ſeiner suͤnde vñ miſſethat dadurch đ todt ſambt allerley kranckheiten vorvrſachet wird denn der todt wil eine vrſache haben das iſt die sünde wie david im pſalm ſaget denn vnſer miſſethat ſtelleſtu fuͤr dich vnd vnſer vnerkandte sünde ins liecht fuͤr deinem angeſicht er lernet dadurch ſuchen die heylſame artzney wider den todt die ſchoͤnen wolriechenden troſtſpruͤchlein der h schriefft darmit er ſich offte auffmuntert vnd inn ſeinen todes aͤngſten vnd noͤhten auffrichtet hebt an mit paulo vnd auguſtino zu ſagen o quando veniã & apparcbo o wenn wirds doch einmal werden wenn werde ich doch einmal kommen vnd fuͤr meinem h chriſto erſcheinen mit monicâ augustini mutter evolemus evolemus,er wird durch solche stete todes gedancken sapiens weise klug und uerstendig erstlich lernet er gott erkennen und darauss seinen gerechten billichen zorn uber die sunde der menschen das wir alle sterben mussen wie paulus zun rom saget durch einen menschen ist die sunde inn die gantze welt kommen und durch die sunde der todt und ist zu allen menschen durch gedrungen dieweil sie alle gesundiget haben darnach auch sich selbst denn er bedenckt ihm die nichtigkeit unnd schwachheit seines leibes und den grewel seiner sunde und missethat dadurch der todt sambt allerley kranckheiten uorursachet wird denn der todt wil eine ursache haben das ist die sunde wie dauid im psalm saget denn unser missethat stellestu fur dich und unser unerkandte sunde ins liecht fur deinem angesicht er lernet dadurch suchen die heylsame artzney wider den todt die schonen wolriechenden trostspruchlein der h schriefft darmit er sich offte auffmuntert und inn seinen todes angsten und nohten auffrichtet hebt an mit paulo und augustino zu sagen o quando uenian et apparcbo o wenn wirds doch einmal werden wenn werde ich doch einmal kommen und fur meinem h christo erscheinen mit monica augustini mutter euolemus euolemus
524794,body,62,4,True,[19],O wann wir doch Fluͤgel hetten/ das wir je eher je beſſer/ vns auß dieſem elenden/ inn das Ewige leben ſchwingen moͤchten.,o wann wir doch fluͤgel hetten das wir je eher je beſſer vns auß dieſem elenden inn das ewige leben ſchwingen moͤchten,o wann wir doch flugel hetten das wir ie eher ie besser uns auss diesem elenden inn das ewige leben schwingen mochten
524794,body,63,0,False,[20],"Wil aber ein Chriſten Menſch wiſſen/ die Vrſache ſolcher Pflichtigkeit vnſeres Lebens/ So iſt die 1. Erſte/ Peccatorum abundantia, die Suͤnde/ die von Tag zu Tage gehaͤuffet vnd groͤſſer gemacht wirdt. 2. Die andere iſt/ ſo auß der Erſten herfleuſt/ Intemperantiâ, die Vnmeſſigkeit/ das jetzunder ein recht Epicureum ſeculum iſt/ denn da iſt in der Welt ein ſolch noͤtigen mit dem ſauffen/ nichts anders/ als wenn es eitel Ablaß wehre/ vnd ein Gottesdienſt/ den andern Toll vnd Voll machen: Ja auch Hurerey vnnd Vnzucht/ iſt eine groſſe vrſach/ wie Syrach ſagt im 19. c. Die ſich an Huren hangen/ werden wilde/ vnnd kriegen Motten vnd Wuͤrmer zu Lohne/ vnd verdorꝛen/ den andern zu mercklichen Exempel. 3. Die dritte Vrſach/ ſetzt Syrach 30. vnd iſt nun/ Ira, cura, & triſtitia, Eyfer vnd Zorn/ ſagt er/ vorkuͤrtzen das Leben/ vnd Sorge macht alt vor der Zeit.",wil aber ein chriſten menſch wiſſen die vrſache ſolcher pflichtigkeit vnſeres lebens so iſt die erſte peccatorum abundantia die suͤnde die von tag zu tage gehaͤuffet vnd groͤſſer gemacht wirdt die andere iſt ſo auß der erſten herfleuſt intemperantiâ die vnmeſſigkeit das jetzunder ein recht epicureum ſeculum iſt denn da iſt in der welt ein ſolch noͤtigen mit dem ſauffen nichts anders als wenn es eitel ablaß wehre vnd ein gottesdienſt den andern toll vnd voll machen ja auch hurerey vnnd vnzucht iſt eine groſſe vrſach wie syrach ſagt im c die ſich an huren hangen werden wilde vnnd kriegen motten vnd wuͤrmer zu lohne vnd verdorꝛen den andern zu mercklichen exempel die dritte vrſach ſetzt syrach vnd iſt nun ira cura & triſtitia eyfer vnd zorn ſagt er vorkuͤrtzen das leben vnd sorge macht alt vor der zeit,wil aber ein christen mensch wissen die ursache solcher pflichtigkeit unseres lebens so ist die erste peccatorum abundantia die sunde die uon tag zu tage gehauffet und grosser gemacht wirdt die andere ist so auss der ersten herfleust intemperantia die unmessigkeit das ietzunder ein recht epicureum seculum ist denn da ist in der welt ein solch notigen mit dem sauffen nichts anders als wenn es eitel ablass wehre und ein gottesdienst den andern toll und uoll machen ia auch hurerey unnd unzucht ist eine grosse ursach wie syrach sagt im c die sich an huren hangen werden wilde unnd kriegen motten und wurmer zu lohne und uerdoren den andern zu mercklichen exempel die dritte ursach setzt syrach und ist nun ira cura et tristitia eyfer und zorn sagt er uorkurtzen das leben und sorge macht alt uor der zeit
524794,body,63,1,False,[20],Jtem/ im 38. Cap. Trawrigkeit toͤdtet viel Leuthe.,jtem im cap trawrigkeit toͤdtet viel leuthe,item im cap trawrigkeit todtet uiel leuthe
524794,body,63,2,True,[20],Nam dolor & morbus lethi fabricator uterꝙ́.,nam dolor & morbus lethi fabricator uterꝙ́,nam dolor et morbus lethi fabricator uterquod
524794,body,64,0,True,[20],"4. Die vierdte Vrſach iſt/ Defectio omnium creaturarum, Das alle Creaturen abnemen/ wir haben nicht mehr ſolche gutte Conſtitution vnſerer Coͤrper/ Jn Summa die Welt nimbt abe/ ſamb allem was darinnen iſt.",die vierdte vrſach iſt defectio omnium creaturarum das alle creaturen abnemen wir haben nicht mehr ſolche gutte conſtitution vnſerer coͤrper jn summa die welt nimbt abe ſamb allem was darinnen iſt,die uierdte ursach ist defectio omnium creaturarum das alle creaturen abnemen wir haben nicht mehr solche gutte constitution unserer corper in summa die welt nimbt abe samb allem was darinnen ist
524794,body,65,0,False,[20],"II. Das andere Stuͤck zu ſolchem Schatzkaͤſtlein gehoͤrendt/ iſt nun an ſtadt der beſchlaͤge/ in rebus ſecundis & adverſis conſtans perduratio, Ein ſtarcker vnnd beſtendiger widerhalt in Vngluͤck/ denn ſo ſagt vnſer Text weiter: Meine Kinder/ wenns Euch wolgehet/ (vorſtehe auch/ wenns Euch vbel gehet) ſo ſehet zu/ das jhr bleibet inn Gottes furcht.",ii das andere stuͤck zu ſolchem schatzkaͤſtlein gehoͤrendt iſt nun an ſtadt der beſchlaͤge in rebus ſecundis & adverſis conſtans perduratio ein ſtarcker vnnd beſtendiger widerhalt in vngluͤck denn ſo ſagt vnſer text weiter meine kinder wenns euch wolgehet vorſtehe auch wenns euch vbel gehet ſo ſehet zu das jhr bleibet inn gottes furcht,ii das andere stuck zu solchem schatzkastlein gehorendt ist nun an stadt der beschlage in rebus secundis et aduersis constans perduratio ein starcker unnd bestendiger widerhalt in ungluck denn so sagt unser text weiter meine kinder wenns euch wolgehet uorstehe auch wenns euch ubel gehet so sehet zu das ihr bleibet inn gottes furcht
524794,body,65,1,False,[20],Schatzkaͤſtlein die man zu ſonderen Kleinodien brauchet/ hin vnd her mit ſich fuhret/ die pfleget man auff allen Ecken vnd ſeiten/ wol zu beſchlagen/ mit Blech/ Eyſen vnd dergleichen zu vorwahren/ damit es deſto lenger wehret/ vnnd widerhelt/ auch das der Schatz deſto gewiſſer darinnen verwahret ſey: Ein Chriſten menſch/ ſol inn Creutz vnnd Vngluͤck/ wol beſchlagen ſein/ das er auff einen ſchlechten Puff nichts gebe/ ſondern feſt widerhalte/ Sintemal wir alle wiſſen/ Das wir durch viel Truͤbſall ins Reich GOttes eingehen müſſen.,schatzkaͤſtlein die man zu ſonderen kleinodien brauchet hin vnd her mit ſich fuhret die pfleget man auff allen ecken vnd ſeiten wol zu beſchlagen mit blech eyſen vnd dergleichen zu vorwahren damit es deſto lenger wehret vnnd widerhelt auch das der schatz deſto gewiſſer darinnen verwahret ſey ein chriſten menſch ſol inn creutz vnnd vngluͤck wol beſchlagen ſein das er auff einen ſchlechten puff nichts gebe ſondern feſt widerhalte sintemal wir alle wiſſen das wir durch viel truͤbſall ins reich gottes eingehen müſſen,schatzkastlein die man zu sonderen kleinodien brauchet hin und her mit sich fuhret die pfleget man auff allen ecken und seiten wol zu beschlagen mit blech eysen und dergleichen zu uorwahren damit es desto lenger wehret unnd widerhelt auch das der schatz desto gewisser darinnen uerwahret sey ein christen mensch sol inn creutz unnd ungluck wol beschlagen sein das er auff einen schlechten puff nichts gebe sondern fest widerhalte sintemal wir alle wissen das wir durch uiel trubsall ins reich gottes eingehen mussen
524794,body,65,2,False,[21],"Es ſol auch ein Menſch in ſeinem Gluͤck ſich nicht vberheben/ ſondern gedencken/ das ſichs bald aͤndern kan/ Denn es recht heiſt/ wie Ovidius ſaget: Paßibus ambiguis fortuna volubilis errat, Et manet in nullo certa tenaxꝙ́ loco.",es ſol auch ein menſch in ſeinem gluͤck ſich nicht vberheben ſondern gedencken das ſichs bald aͤndern kan denn es recht heiſt wie ovidius ſaget paßibus ambiguis fortuna volubilis errat et manet in nullo certa tenaxꝙ́ loco,es sol auch ein mensch in seinem gluck sich nicht uberheben sondern gedencken das sichs bald andern kan denn es recht heist wie ouidius saget passibus ambiguis fortuna uolubilis errat et manet in nullo certa tenaxquod loco
524794,body,65,3,False,[21],"Sed modò lœta manet, vultus modò ſumit acerbos, Et tantùm conſtans in levitate ſuâ est.",sed modò lœta manet vultus modò ſumit acerbos et tantùm conſtans in levitate ſuâ est,sed modo loeta manet uultus modo sumit acerbos et tantum constans in leuitate sua est
524794,body,65,4,True,[21],Gantz wunderbar vnd ſeltzam iſt Des Gluckes lauff zu aller friſt/ Drumb traw jhm nicht/ ſieh dich wol für/ Das Vngluͤck ſteht dir fuͤr der Thuͤr.,gantz wunderbar vnd ſeltzam iſt des gluckes lauff zu aller friſt drumb traw jhm nicht ſieh dich wol für das vngluͤck ſteht dir fuͤr der thuͤr,gantz wunderbar und seltzam ist des gluckes lauff zu aller frist drumb traw ihm nicht sieh dich wol fur das ungluck steht dir fur der thur
524794,body,66,0,False,[21],Kompt nun einer inn der Leute vorachtung/ auß Neidt vnd Abgunſt/ ey ſo thue er nur/ als wañ jhm nichts darumb wehre/ dencke inn ſeinem Hertzen/ Fleucht doch auch eine Muͤcke oder Fliege vmb ein Liecht her/ vnd dencket ſie wil es außleſchen/ aber ſie kompt offt zu kurtz/ wie gar leicht vnd geſchwinde kan ſie mit den Fluͤgeln anſtoſſen/ vnd ſich verbrennen: Alſo gehet es auch ſolchen Leuten/ die auß gefaſtem Neidt/ jemanden wollen ſchaden zufuͤgen/ zu ſpott vnd ſchanden ſetzen/ breiten ſich weit auß/ vnd vorſuchen mit jhren trotzigen Worten/ die liechte loh brennende Fackel des gutten Chꝛlichen Nahmens jhꝛes Nechſten außzuleſchen/ das ſie ſelbſt hierinnen zu ſpott vñ ſchanden gar leicht kom̃en/ vnd was ſie heimlich im Schulde fuͤhꝛen/ mit jhꝛem hoͤchſten ſchaden erfahꝛen muͤſſen.,kompt nun einer inn der leute vorachtung auß neidt vnd abgunſt ey ſo thue er nur als wañ jhm nichts darumb wehre dencke inn ſeinem hertzen fleucht doch auch eine muͤcke oder fliege vmb ein liecht her vnd dencket ſie wil es außleſchen aber ſie kompt offt zu kurtz wie gar leicht vnd geſchwinde kan ſie mit den fluͤgeln anſtoſſen vnd ſich verbrennen alſo gehet es auch ſolchen leuten die auß gefaſtem neidt jemanden wollen ſchaden zufuͤgen zu ſpott vnd ſchanden ſetzen breiten ſich weit auß vnd vorſuchen mit jhren trotzigen worten die liechte loh brennende fackel des gutten chꝛlichen nahmens jhꝛes nechſten außzuleſchen das ſie ſelbſt hierinnen zu ſpott vñ ſchanden gar leicht kom̃en vnd was ſie heimlich im schulde fuͤhꝛen mit jhꝛem hoͤchſten ſchaden erfahꝛen muͤſſen,kompt nun einer inn der leute uorachtung auss neidt und abgunst ey so thue er nur als wann ihm nichts darumb wehre dencke inn seinem hertzen fleucht doch auch eine mucke oder fliege umb ein liecht her und dencket sie wil es aussleschen aber sie kompt offt zu kurtz wie gar leicht und geschwinde kan sie mit den flugeln anstossen und sich uerbrennen also gehet es auch solchen leuten die auss gefastem neidt iemanden wollen schaden zufugen zu spott und schanden setzen breiten sich weit auss und uorsuchen mit ihren trotzigen worten die liechte loh brennende fackel des gutten chlichen nahmens ihes nechsten ausszuleschen das sie selbst hierinnen zu spott und schanden gar leicht kommen und was sie heimlich im schulde fuhen mit ihem hochsten schaden erfahen mussen
524794,body,66,1,True,[22],Denn es recht gehet wie Horatius ſaget: Invidus alterius rebus marceſcit opimis.,denn es recht gehet wie horatius ſaget invidus alterius rebus marceſcit opimis,denn es recht gehet wie horatius saget inuidus alterius rebus marcescit opimis
524794,body,67,0,True,[22],Socrates wuͤntſchet/ das ſolche Leute/ an allen Gliedmaſſen jhꝛes Leibes/ Augen vnd Ohꝛen hetten/ damit ſie nur deſto beſſer gemartert vnd gequelet wuͤrden/ in jhꝛem abguͤnſtigem Hertzen/ wann ſie anderer Leute Gluͤck vnd Gottes Segen ſehen.,socrates wuͤntſchet das ſolche leute an allen gliedmaſſen jhꝛes leibes augen vnd ohꝛen hetten damit ſie nur deſto beſſer gemartert vnd gequelet wuͤrden in jhꝛem abguͤnſtigem hertzen wann ſie anderer leute gluͤck vnd gottes segen ſehen,socrates wuntschet das solche leute an allen gliedmassen ihes leibes augen und ohen hetten damit sie nur desto besser gemartert und gequelet wurden in ihem abgunstigem hertzen wann sie anderer leute gluck und gottes segen sehen
524794,body,68,0,True,[22],Gleich wie ein Schleiffſtein/ in dem er das Eyſen ſcharff wetzet/ das darauff gewetzt wirdt/ ſich ſelber vorſchleifft: Alſo gehet es auch mit einem ſolchen Menſchen/ vnd bꝛinget entlichen wenig Ehꝛe davon/ mit anderer Leute verhofftem ſpott vnd ſchaden.,gleich wie ein schleiffſtein in dem er das eyſen ſcharff wetzet das darauff gewetzt wirdt ſich ſelber vorſchleifft alſo gehet es auch mit einem ſolchen menſchen vnd bꝛinget entlichen wenig ehꝛe davon mit anderer leute verhofftem ſpott vnd ſchaden,gleich wie ein schleiffstein in dem er das eysen scharff wetzet das darauff gewetzt wirdt sich selber uorschleifft also gehet es auch mit einem solchen menschen und binget entlichen wenig ehe dauon mit anderer leute uerhofftem spott und schaden
524794,body,69,0,True,[22],Koͤmpt auch einer in Armuth/ Noth vnd Elend/ ſo gebe er auch nicht bald nach/ dencke Lebt doch đ alte Gott noch/ der die Elenden erheben/ vnd ſie zu Ehꝛen bringen kan.,koͤmpt auch einer in armuth noth vnd elend ſo gebe er auch nicht bald nach dencke lebt doch đ alte gott noch der die elenden erheben vnd ſie zu ehꝛen bringen kan,kompt auch einer in armuth noth und elend so gebe er auch nicht bald nach dencke lebt doch der alte gott noch der die elenden erheben und sie zu ehen bringen kan
524794,body,70,0,False,[22],Salomon der Weiſe Mann/ ſaget hiervon/ Reich vnd Arme muͤſſen bey einander ſein/ deñ der HErꝛe hat ſie beyde gemacht. Jbid.,salomon der weiſe mann ſaget hiervon reich vnd arme muͤſſen bey einander ſein deñ der herꝛe hat ſie beyde gemacht jbid,salomon der weise mann saget hieruon reich und arme mussen bey einander sein denn der here hat sie beyde gemacht ibid
524794,body,70,1,True,[22],Vnterdruͤcke den Elendẽ nicht/ im Thoꝛe/ Beraube den Armen nicht/ ob er wol Arm iſt/ Denn der HERR wird jhꝛe Sache handeln/ vnd wird jhꝛe Vntertretter vertretten.,vnterdruͤcke den elendẽ nicht im thoꝛe beraube den armen nicht ob er wol arm iſt denn der herr wird jhꝛe sache handeln vnd wird jhꝛe vntertretter vertretten,unterdrucke den elenden nicht im thoe beraube den armen nicht ob er wol arm ist denn der herr wird ihe sache handeln und wird ihe untertretter uertretten
524794,body,71,0,True,[22],"Gereth auch ſonſt einer in allerley vngluͤck/ wie es jmmermehꝛ Nahmen haben mag/ ſo nehme er den rath Koͤnig Davids an/ Pſal. 55. Jacta Curam tuam in Dominum & ipſe faciet, Wirff dein Anligen auff den HErꝛen/ Er wirds wol machen/ Er wird den Gerechten nicht Ewiglich in vnruhe laſſen.",gereth auch ſonſt einer in allerley vngluͤck wie es jmmermehꝛ nahmen haben mag ſo nehme er den rath koͤnig davids an pſal jacta curam tuam in dominum & ipſe faciet wirff dein anligen auff den herꝛen er wirds wol machen er wird den gerechten nicht ewiglich in vnruhe laſſen,gereth auch sonst einer in allerley ungluck wie es immermeh nahmen haben mag so nehme er den rath konig dauids an psal iacta curam tuam in dominum et ipse faciet wirff dein anligen auff den heren er wirds wol machen er wird den gerechten nicht ewiglich in unruhe lassen
524794,body,72,0,True,[22],"Stoͤſt auch ſonſt der Teuffel auff einer andern ſeiten an/ mit vngedult/ das einem die Zeit des lieben Creutzes zu lang wil werdẽ: O conſtantèr certandum, ſagt jener Imperator.",stoͤſt auch ſonſt der teuffel auff einer andern ſeiten an mit vngedult das einem die zeit des lieben creutzes zu lang wil werdẽ o conſtantèr certandum ſagt jener imperator,stost auch sonst der teuffel auff einer andern seiten an mit ungedult das einem die zeit des lieben creutzes zu lang wil werden o constanter certandum sagt iener imperator
524794,body,73,0,True,[23],Kein Kaͤmpffer erlanget das Ehrencraͤntzlein/ er habe denn zuvor/ Ritterlich geſtritten/ vnd das Ende erwartet.,kein kaͤmpffer erlanget das ehrencraͤntzlein er habe denn zuvor ritterlich geſtritten vnd das ende erwartet,kein kampffer erlanget das ehrencrantzlein er habe denn zuuor ritterlich gestritten und das ende erwartet
524794,body,74,0,False,[23],Jnſonderheit aber/ muß ein Menſch ſein Schatzkaͤſtlein wol beſchlagen vnd verwahꝛen/ wider drey ſondere Anſtoͤſſe vnd Anſchlaͤge. 1. Contra paternam DEi caſtigationem.,jnſonderheit aber muß ein menſch ſein schatzkaͤſtlein wol beſchlagen vnd verwahꝛen wider drey ſondere anſtoͤſſe vnd anſchlaͤge contra paternam dei caſtigationem,insonderheit aber muss ein mensch sein schatzkastlein wol beschlagen und uerwahen wider drey sondere anstosse und anschlage contra paternam dei castigationem
524794,body,74,1,False,[23],Wider die Zuchtrutte des Allmechtigen Gottes/ wenn er die ſeinen heimſucht/ vmb jhrer Suͤndẽ willen/ da erzürne er ſich nur nicht lange/ wenn er einen ſtoß bekompt/ ſondern ſage mit David/ auß dem 119. Pſalm.,wider die zuchtrutte des allmechtigen gottes wenn er die ſeinen heimſucht vmb jhrer suͤndẽ willen da erzürne er ſich nur nicht lange wenn er einen ſtoß bekompt ſondern ſage mit david auß dem pſalm,wider die zuchtrutte des allmechtigen gottes wenn er die seinen heimsucht umb ihrer sunden willen da erzurne er sich nur nicht lange wenn er einen stoss bekompt sondern sage mit dauid auss dem psalm
524794,body,74,2,True,[23],"Bonum est mihi, quòd humiliâsti me Domine, Es iſt mir gutt/ das du mich gedemuͤtiget haſt/ auff das ich deine Rechte lerne.",bonum est mihi quòd humiliâsti me domine es iſt mir gutt das du mich gedemuͤtiget haſt auff das ich deine rechte lerne,bonum est mihi quod humiliasti me domine es ist mir gutt das du mich gedemutiget hast auff das ich deine rechte lerne
524794,body,75,0,False,[23],"2. Contra fidei probationem, wider den Probirſtein/ im Glauben/ Liebe/ Hoffnung/ vnd Beſtendigkeit/ da kom̃en dann zu mahl ſchreckliche vnd grewliche ſtoͤſſe.",contra fidei probationem wider den probirſtein im glauben liebe hoffnung vnd beſtendigkeit da kom̃en dann zu mahl ſchreckliche vnd grewliche ſtoͤſſe,contra fidei probationem wider den probirstein im glauben liebe hoffnung und bestendigkeit da kommen dann zu mahl schreckliche und grewliche stosse
524794,body,75,1,False,[23],Ach denckt mancher/ wie hab ichs doch vmb meinen Gott ſo vorſchuldet/ das Er mich mit dieſem vnd jenem Creutze beleget vñ heimſucht.,ach denckt mancher wie hab ichs doch vmb meinen gott ſo vorſchuldet das er mich mit dieſem vnd jenem creutze beleget vñ heimſucht,ach denckt mancher wie hab ichs doch umb meinen gott so uorschuldet das er mich mit diesem und ienem creutze beleget und heimsucht
524794,body,75,2,False,[23],Da ſolte wol einer in verwunderung gerahten/ vnd mit Hieremia am 12. ſagen: HErꝛe/ wenn ich gleich mit dir Rechnen wolte/ ſo behelteſtu dennoch recht/ dennoch muß ich vom Recht mit dir reden.,da ſolte wol einer in verwunderung gerahten vnd mit hieremia am ſagen herꝛe wenn ich gleich mit dir rechnen wolte ſo behelteſtu dennoch recht dennoch muß ich vom recht mit dir reden,da solte wol einer in uerwunderung gerahten und mit hieremia am sagen here wenn ich gleich mit dir rechnen wolte so beheltestu dennoch recht dennoch muss ich uom recht mit dir reden
524794,body,75,3,False,[23],Warumb gehets doch dem Gottloſen ſo wol?,warumb gehets doch dem gottloſen ſo wol,warumb gehets doch dem gottlosen so wol
524794,body,75,4,False,[23],Vnnd die Veraͤchter haben alles die fuͤlle?,vnnd die veraͤchter haben alles die fuͤlle,unnd die uerachter haben alles die fulle
524794,body,75,5,True,[23],Du Pflantzeſt ſie/ das ſie wurtzeln vnd wachſen/ vnd bringen Fruͤcht/ du leſſeſt ſie von dir ruͤhmen/ vnnd Zuͤchtigeſt ſie nicht/ Mich aber kenneſtu/ vnd ſteheſt mich/ vnd Pruͤfeſt mein Hertz fuͤr dir?,du pflantzeſt ſie das ſie wurtzeln vnd wachſen vnd bringen fruͤcht du leſſeſt ſie von dir ruͤhmen vnnd zuͤchtigeſt ſie nicht mich aber kenneſtu vnd ſteheſt mich vnd pruͤfeſt mein hertz fuͤr dir,du pflantzest sie das sie wurtzeln und wachsen und bringen frucht du lessest sie uon dir ruhmen unnd zuchtigest sie nicht mich aber kennestu und stehest mich und prufest mein hertz fur dir
524794,body,76,0,False,[23],ACh/ GOtt fuͤhret ſeine Heyligen wunderlich/ dencke nur hierauff ein Chriſten menſch.,ach gott fuͤhret ſeine heyligen wunderlich dencke nur hierauff ein chriſten menſch,ach gott fuhret seine heyligen wunderlich dencke nur hierauff ein christen mensch
524794,body,76,1,False,[23],Wie wunderſeltzam fuͤhrete Gott den lieben Joſeph?,wie wunderſeltzam fuͤhrete gott den lieben joſeph,wie wunderseltzam fuhrete gott den lieben ioseph
524794,body,76,2,False,[23],"Wie giengs Job/ ſeine Freunde kundtens nicht Glaͤuben/ das es einem fromen koͤndte oder ſolte vbel gehen: Lieber gedenck/ ſpricht Eliphas, wo iſt ein vnſchuldiger vmbkommen?",wie giengs job ſeine freunde kundtens nicht glaͤuben das es einem fromen koͤndte oder ſolte vbel gehen lieber gedenck ſpricht eliphas wo iſt ein vnſchuldiger vmbkommen,wie giengs iob seine freunde kundtens nicht glauben das es einem fromen kondte oder solte ubel gehen lieber gedenck spricht eliphas wo ist ein unschuldiger umbkommen
524794,body,76,3,True,[24],Oder wo ſindt die Gerechten je voꝛtilget/ Aber GOTT vber hierdurch des Menſchen Glauben/ erwecket ſeine Hoffnung/ vnd reitzet jhn zum Gebete/ Eſaiæ 26.,oder wo ſindt die gerechten je voꝛtilget aber gott vber hierdurch des menſchen glauben erwecket ſeine hoffnung vnd reitzet jhn zum gebete eſaiæ,oder wo sindt die gerechten ie uotilget aber gott uber hierdurch des menschen glauben erwecket seine hoffnung und reitzet ihn zum gebete esaiae
524794,body,77,0,False,[24],"3. Contra mundi perſecutionem, wider die Marterſaule allerley Verfolgung/ da muͤſſen wir von den H. Apoſteln vnd Maͤrterern lernen/ ſolch Schatzkaͤſtlein beſtendig zuerhalten/ das wir vns mit Paulo ruͤhmen koͤnten. 2. Tim. 4. Militavi bonam militiam.",contra mundi perſecutionem wider die marterſaule allerley verfolgung da muͤſſen wir von den h apoſteln vnd maͤrterern lernen ſolch schatzkaͤſtlein beſtendig zuerhalten das wir vns mit paulo ruͤhmen koͤnten tim militavi bonam militiam,contra mundi persecutionem wider die martersaule allerley uerfolgung da mussen wir uon den h aposteln und marterern lernen solch schatzkastlein bestendig zuerhalten das wir uns mit paulo ruhmen konten tim militaui bonam militiam
524794,body,77,1,True,[24],Jch habe einen gutten Kampff gekãmpffet/ Jch habe Glaubẽ gehalten/ vñ gutt Gewiſſen/ forthin iſt mir beygelegt/ die Crone der Gerechtigkeit/ welche mir der HErr an jenem Tage/ der gerechte Richter geben wird/ nicht aber mir alleine/ ſondern auch allen/ die ſeine Erſcheinung lieb haben.,jch habe einen gutten kampff gekãmpffet jch habe glaubẽ gehalten vñ gutt gewiſſen forthin iſt mir beygelegt die crone der gerechtigkeit welche mir der herr an jenem tage der gerechte richter geben wird nicht aber mir alleine ſondern auch allen die ſeine erſcheinung lieb haben,ich habe einen gutten kampff gekammpffet ich habe glauben gehalten und gutt gewissen forthin ist mir beygelegt die crone der gerechtigkeit welche mir der herr an ienem tage der gerechte richter geben wird nicht aber mir alleine sondern auch allen die seine erscheinung lieb haben
524794,body,78,0,False,[24],III.Das dritte Stuͤcke/ zu ſolchem Schatzkaͤſtlein/ ſol ſein/ an ſtadt des Schloſſes/ Vera fidei in Christum directio.,iii das dritte stuͤcke zu ſolchem schatzkaͤſtlein ſol ſein an ſtadt des schloſſes vera fidei in christum directio,iii das dritte stucke zu solchem schatzkastlein sol sein an stadt des schlosses uera fidei in christum directio
524794,body,78,1,False,[24],Rechte Trewe/ Glauben vñ Zuvoꝛſicht/ an vnſern GOtt vnd Heylandt Chriſtum.,rechte trewe glauben vñ zuvoꝛſicht an vnſern gott vnd heylandt chriſtum,rechte trewe glauben und zuuosicht an unsern gott und heylandt christum
524794,body,78,2,True,[24],Welches vns dann andeutet inn vorleſenen Worten Syrach/ da er vns vormahnet/ das wir in Gottes furcht bleyben ſollen.,welches vns dann andeutet inn vorleſenen worten syrach da er vns vormahnet das wir in gottes furcht bleyben ſollen,welches uns dann andeutet inn uorlesenen worten syrach da er uns uormahnet das wir in gottes furcht bleyben sollen
524794,body,79,0,True,[24],Schloß vnd Schluͤſſel muͤſſen bey ſamen ſein/ ſo muß auch rechter Glaube/ vnd Chꝛiſtus nicht weit von einander ſein.,schloß vnd schluͤſſel muͤſſen bey ſamen ſein ſo muß auch rechter glaube vnd chꝛiſtus nicht weit von einander ſein,schloss und schlussel mussen bey samen sein so muss auch rechter glaube und chistus nicht weit uon einander sein
524794,body,80,0,False,[24],"Turris fortißima nomen Domini, Der Name des HErꝛn iſt ein feſtes Schloß/ Der Gerechte laͤufft dahin vnd wird erhalten.",turris fortißima nomen domini der name des herꝛn iſt ein feſtes schloß der gerechte laͤufft dahin vnd wird erhalten,turris fortissima nomen domini der name des hern ist ein festes schloss der gerechte laufft dahin und wird erhalten
524794,body,80,1,True,[24],Proverb. 18.,proverb,prouerb
524794,body,81,0,False,[24],Wie eine Klette an einem Rock klebet vñ hangen bleibet/ alſo wil ich auch an meinem HErꝛn Chꝛiſto bleibẽ/ biß an mein ende/ ſagte einmal eine Chꝛiſtliche Adeliche Matron.,wie eine klette an einem rock klebet vñ hangen bleibet alſo wil ich auch an meinem herꝛn chꝛiſto bleibẽ biß an mein ende ſagte einmal eine chꝛiſtliche adeliche matron,wie eine klette an einem rock klebet und hangen bleibet also wil ich auch an meinem hern chisto bleiben biss an mein ende sagte einmal eine chistliche adeliche matron
524794,body,81,1,True,[25],Vnd ein Sterbender Buͤrger inn einer Stadt/ der lange Kranck gelegen/ der ſagte kurtz fuͤr ſeinem Ende/ Jtzt wil ich mich einwickeln/ in den Pupurmantel meines HErrn JEſu Chriſti/ habe ich zuvor durch langwirige Kranckheit viel außgeſtanden vnnd erlidten/ das ich gar abgezehret/ vnd von meinen Kraͤfften kommen bin/ ſo ſchlage nun du grimmiger Todt auch auff mich zu/ wie du wilſt/ wenn du mich gleich erwürgeſt/ ſo wird mich doch mein H. JEſus wol finden/ vnd auffwickeln/ vnd zu ſeiner zeit zur Ewigen wolfahrt vnd Seligkeit vorſetzen.,vnd ein sterbender buͤrger inn einer stadt der lange kranck gelegen der ſagte kurtz fuͤr ſeinem ende jtzt wil ich mich einwickeln in den pupurmantel meines herrn jeſu chriſti habe ich zuvor durch langwirige kranckheit viel außgeſtanden vnnd erlidten das ich gar abgezehret vnd von meinen kraͤfften kommen bin ſo ſchlage nun du grimmiger todt auch auff mich zu wie du wilſt wenn du mich gleich erwürgeſt ſo wird mich doch mein h jeſus wol finden vnd auffwickeln vnd zu ſeiner zeit zur ewigen wolfahrt vnd seligkeit vorſetzen,und ein sterbender burger inn einer stadt der lange kranck gelegen der sagte kurtz fur seinem ende itzt wil ich mich einwickeln in den pupurmantel meines herrn iesu christi habe ich zuuor durch langwirige kranckheit uiel aussgestanden unnd erlidten das ich gar abgezehret und uon meinen krafften kommen bin so schlage nun du grimmiger todt auch auff mich zu wie du wilst wenn du mich gleich erwurgest so wird mich doch mein h iesus wol finden und auffwickeln und zu seiner zeit zur ewigen wolfahrt und seligkeit uorsetzen
524794,body,82,0,False,[25],Mit ſolchem Schluͤſſel/ ſchleuſt man nun GOtt ſein Allmaͤchtiges/ Barmhertziges Hertze auff/ wenn Er ſich ſtelt/ als hett Er vnſer gar vergeſſen/ wie Gott ſelber bekennet/ Eſa. 49. Kan auch ein Leiblich Mutter jhres Kindleins vorgeſſen/ das ſie ſich nicht Erbarme vber den Sohn jhres Leibes?,mit ſolchem schluͤſſel ſchleuſt man nun gott ſein allmaͤchtiges barmhertziges hertze auff wenn er ſich ſtelt als hett er vnſer gar vergeſſen wie gott ſelber bekennet eſa kan auch ein leiblich mutter jhres kindleins vorgeſſen das ſie ſich nicht erbarme vber den sohn jhres leibes,mit solchem schlussel schleust man nun gott sein allmachtiges barmhertziges hertze auff wenn er sich stelt als hett er unser gar uergessen wie gott selber bekennet esa kan auch ein leiblich mutter ihres kindleins uorgessen das sie sich nicht erbarme uber den sohn ihres leibes
524794,body,82,1,True,[25],Vnd ob ſie deſſelben vorgeſſe/ ſo wil ich doch dein nicht vorgeſſen: Siehe in die Haͤnde habe ich dich gezeichnet.,vnd ob ſie deſſelben vorgeſſe ſo wil ich doch dein nicht vorgeſſen siehe in die haͤnde habe ich dich gezeichnet,und ob sie desselben uorgesse so wil ich doch dein nicht uorgessen siehe in die hande habe ich dich gezeichnet
524794,body,83,0,True,[25],Alſo ſchloß das 12 Jaͤhrige Krancke Weiblein/ Chriſto ſein Liebreiches hertze auff/ das ſie von ſtundt an geſundt wardt.,alſo ſchloß das jaͤhrige krancke weiblein chriſto ſein liebreiches hertze auff das ſie von ſtundt an geſundt wardt,also schloss das iahrige krancke weiblein christo sein liebreiches hertze auff das sie uon stundt an gesundt wardt
524794,body,84,0,False,[25],"Der Blinde bey Jericho/ wuſte mit dem ſtarcken Ruͤckſchloß wol vmb zugehen/ das auch der HErr zu jhm ſagte: Quid vis ut faciam tibi, Was wilſtu das ich dir thun ſoll?",der blinde bey jericho wuſte mit dem ſtarcken ruͤckſchloß wol vmb zugehen das auch der herr zu jhm ſagte quid vis ut faciam tibi was wilſtu das ich dir thun ſoll,der blinde bey iericho wuste mit dem starcken ruckschloss wol umb zugehen das auch der herr zu ihm sagte quid uis ut faciam tibi was wilstu das ich dir thun soll
524794,body,84,1,True,[25],"Domine, ut videam, HErr/ das ich ſehen moͤge.",domine ut videam herr das ich ſehen moͤge,domine ut uideam herr das ich sehen moge
524794,body,85,0,True,[25],"Deßgleichen auch das Cananeiſche Weiblein/ die ſo manche widerprelle erlidte: Aber/ O Mulier, magna est fides tua, fiat tibi ſicut vis, ſagte der HErꝛ Chꝛiſtus zu jhꝛ/ da ſie ſich mit ſchreyen/ bitten vnd flehen faſt abgemergelt hatte: O Weib/ dein Glaube iſt groß/ dir geſchehe wie du wilt.",deßgleichen auch das cananeiſche weiblein die ſo manche widerprelle erlidte aber o mulier magna est fides tua fiat tibi ſicut vis ſagte der herꝛ chꝛiſtus zu jhꝛ da ſie ſich mit ſchreyen bitten vnd flehen faſt abgemergelt hatte o weib dein glaube iſt groß dir geſchehe wie du wilt,dessgleichen auch das cananeische weiblein die so manche widerprelle erlidte aber o mulier magna est fides tua fiat tibi sicut uis sagte der her chistus zu ih da sie sich mit schreyen bitten und flehen fast abgemergelt hatte o weib dein glaube ist gross dir geschehe wie du wilt
524794,body,86,0,False,[26],Mit ſolchem Schlüſſel/ kan man auch anderer Leute vorzagtes vnd verſchloſſenes Hertze auffſchlieſſen.,mit ſolchem schlüſſel kan man auch anderer leute vorzagtes vnd verſchloſſenes hertze auffſchlieſſen,mit solchem schlussel kan man auch anderer leute uorzagtes und uerschlossenes hertze auffschliessen
524794,body,86,1,False,[26],Moſes bewegte die Kinder Iſraël/ da er ſie mit ſolchen Worten anredet.,moſes bewegte die kinder iſraël da er ſie mit ſolchen worten anredet,moses bewegte die kinder israel da er sie mit solchen worten anredet
524794,body,86,2,False,[26],State & videte magnalia DEi.,state & videte magnalia dei,state et uidete magnalia dei
524794,body,86,3,True,[26],Fuͤrchtet Euch nicht/ ſtehet feſt/ vnd ſehet zu/ was fuͤr ein Heyl der HErꝛ an Euch heute thun wirdt.,fuͤrchtet euch nicht ſtehet feſt vnd ſehet zu was fuͤr ein heyl der herꝛ an euch heute thun wirdt,furchtet euch nicht stehet fest und sehet zu was fur ein heyl der her an euch heute thun wirdt
524794,body,87,0,False,[26],"Die vier Maͤnner/ ſo den Gichtbrichtigen zum HErꝛn Chriſto trugen/ Matth. 9. bewegten jhn auch/ das Er ſeine Zuvorſicht auff Chriſtum warff/ wie Er endlich zu jhm ſagte: Confide fili, remittuntur tibi peccata tua.",die vier maͤnner ſo den gichtbrichtigen zum herꝛn chriſto trugen matth bewegten jhn auch das er ſeine zuvorſicht auff chriſtum warff wie er endlich zu jhm ſagte confide fili remittuntur tibi peccata tua,die uier manner so den gichtbrichtigen zum hern christo trugen matth bewegten ihn auch das er seine zuuorsicht auff christum warff wie er endlich zu ihm sagte confide fili remittuntur tibi peccata tua
524794,body,87,1,False,[26],Sey getroſt mein Sohn/ deine Suͤnde ſindt dir vergeben.,sey getroſt mein sohn deine suͤnde ſindt dir vergeben,sey getrost mein sohn deine sunde sindt dir uergeben
524794,body,87,2,False,[26],Inn Summa.,inn summa,inn summa
524794,body,87,3,True,[26],Andere viel arme Suͤnder/ habens ſo weit gebracht/ das ſie mit jhrer Zuvorſicht vnd Hoffnung zu dem HErrn Chriſto/ alles erlangt/ was jhr Hertz gewuͤntſchet vnd begehret/ vnd ſie in keiner Not ſind verlaſſen worden.,andere viel arme suͤnder habens ſo weit gebracht das ſie mit jhrer zuvorſicht vnd hoffnung zu dem herrn chriſto alles erlangt was jhr hertz gewuͤntſchet vnd begehret vnd ſie in keiner not ſind verlaſſen worden,andere uiel arme sunder habens so weit gebracht das sie mit ihrer zuuorsicht und hoffnung zu dem herrn christo alles erlangt was ihr hertz gewuntschet und begehret und sie in keiner not sind uerlassen worden
524794,body,88,0,False,[26],Wie wol gefiel es Jonœ dem Propheten/ das er vnter dem Kuͤrbeß der Sonnen hitze entſchleichen kundte: Wie viel mehr gefelts Gottſeligen Hertzen/ wenn ſie vnter dem Umbraculo des Allerhoͤchſten/ in jhren Hoͤchſten noͤten vnd Seelenangſt/ ſich erquicken vnd ergetzen koͤnnen/ da koͤnnen gewaltige Hertzens ſeufftzer erfolgen.,wie wol gefiel es jonœ dem propheten das er vnter dem kuͤrbeß der sonnen hitze entſchleichen kundte wie viel mehr gefelts gottſeligen hertzen wenn ſie vnter dem umbraculo des allerhoͤchſten in jhren hoͤchſten noͤten vnd seelenangſt ſich erquicken vnd ergetzen koͤnnen da koͤnnen gewaltige hertzens ſeufftzer erfolgen,wie wol gefiel es ionoe dem propheten das er unter dem kurbess der sonnen hitze entschleichen kundte wie uiel mehr gefelts gottseligen hertzen wenn sie unter dem umbraculo des allerhochsten in ihren hochsten noten und seelenangst sich erquicken und ergetzen konnen da konnen gewaltige hertzens seufftzer erfolgen
524794,body,88,1,True,[26],Pſal. 73. HErr/ wann ich nur dich habe/ ſo frage ich nichts nach Himmel vnd Erden.,pſal herr wann ich nur dich habe ſo frage ich nichts nach himmel vnd erden,psal herr wann ich nur dich habe so frage ich nichts nach himmel und erden
524794,body,89,0,True,[26],"Cum me jubes emigrare, JEſu chare tunc appare.",cum me jubes emigrare jeſu chare tunc appare,cum me iubes emigrare iesu chare tunc appare
524794,body,90,0,True,[26],O amator amplectende Temetipſum tunc oſtende,o amator amplectende temetipſum tunc oſtende,o amator amplectende temetipsum tunc ostende
524794,body,91,0,True,[26],In cruce ſalutiferâ.,in cruce ſalutiferâ,in cruce salutifera
524794,body,92,0,True,[26],O GOTT Vater/ Regier du mich/,o gott vater regier du mich,o gott uater regier du mich
524794,body,93,0,True,[26],Mit deinem Geiſte ſtetiglich/,mit deinem geiſte ſtetiglich,mit deinem geiste stetiglich
524794,body,94,0,True,[26],Laß deinen Sohn/ mein Troſt vnd Lebn/,laß deinen sohn mein troſt vnd lebn,lass deinen sohn mein trost und lebn
524794,body,95,0,True,[26],Allzeit in meinem Hertzen ſchwebn.,allzeit in meinem hertzen ſchwebn,allzeit in meinem hertzen schwebn
524794,body,96,0,False,[27],Vnd/ Wann mein Stuͤndlein vorhanden iſt/ Nimb mich zu dir HErr JEſu Chriſt.,vnd wann mein stuͤndlein vorhanden iſt nimb mich zu dir herr jeſu chriſt,und wann mein stundlein uorhanden ist nimb mich zu dir herr iesu christ
524794,body,96,1,True,[27],Denn ich bin dein/ vnd du biſt mein/ Wie gern wolt ich bald bey dir ſein.,denn ich bin dein vnd du biſt mein wie gern wolt ich bald bey dir ſein,denn ich bin dein und du bist mein wie gern wolt ich bald bey dir sein
524794,body,97,0,False,[27],So befleiſſe ſich nu ein jedweder ſolches Schatzkaͤſtleins/ nach Hoͤchſter moͤgligkeit/ ſchaffe jhm alle Nothwendigkeiten bey zeiten zu/ vnnd wann er ſie bekommen hat/ ſo verſetze ers/ in das ſchoͤne wolgebawte Gewelblein ſeines hertzens/ vnd verwarloſe es nicht mit ſtinckenden/ Sodomitiſchen Suͤnden/ Laſtern vnd Schanden/ vnd wird er wegen ſolches Schatzes angefeindet vnd geneidet/ ſo dencke er nur an den Spruch Theognidis.,so befleiſſe ſich nu ein jedweder ſolches schatzkaͤſtleins nach hoͤchſter moͤgligkeit ſchaffe jhm alle nothwendigkeiten bey zeiten zu vnnd wann er ſie bekommen hat ſo verſetze ers in das ſchoͤne wolgebawte gewelblein ſeines hertzens vnd verwarloſe es nicht mit ſtinckenden sodomitiſchen suͤnden laſtern vnd schanden vnd wird er wegen ſolches schatzes angefeindet vnd geneidet ſo dencke er nur an den spruch theognidis,so befleisse sich nu ein iedweder solches schatzkastleins nach hochster mogligkeit schaffe ihm alle nothwendigkeiten bey zeiten zu unnd wann er sie bekommen hat so uersetze ers in das schone wolgebawte gewelblein seines hertzens und uerwarlose es nicht mit stinckenden sodomitischen sunden lastern und schanden und wird er wegen solches schatzes angefeindet und geneidet so dencke er nur an den spruch theognidis
524794,body,97,1,False,[27],"Natura humana est nlefica, ſuperba, invida, hoc eſt maximum, ſervare bonam 〃 conſcientiam, Ignavorum nulla est memoria.",natura humana est nlefica ſuperba invida hoc eſt maximum ſervare bonam conſcientiam ignavorum nulla est memoria,natura humana est nlefica superba inuida hoc est maximum seruare bonam conscientiam ignauorum nulla est memoria
524794,body,97,2,True,[27],Das iſt: 〃 Menſchliche Natur iſt Hoffertig/ Stoltz/ Abgünſtig/ ſie 〃 gedenckt vnſchuldiger Leute allzeit im argen/ vnd iſt daß 〃 das allerbeſte/ das man ſich darauff befleiſſe/ das man ein 〃 gutt Gewiſſen behalte/ dañ der Muͤſſiggaͤnger vñ Tugent- 〃 haſſer/ gedencket niemandt.,das iſt menſchliche natur iſt hoffertig stoltz abgünſtig ſie gedenckt vnſchuldiger leute allzeit im argen vnd iſt daß das allerbeſte das man ſich darauff befleiſſe das man ein gutt gewiſſen behalte dañ der muͤſſiggaͤnger vñ tugent haſſer gedencket niemandt,das ist menschliche natur ist hoffertig stoltz abgunstig sie gedenckt unschuldiger leute allzeit im argen und ist dass das allerbeste das man sich darauff befleisse das man ein gutt gewissen behalte dann der mussigganger und tugent hasser gedencket niemandt
524794,body,98,0,False,[27],Ja er wiſſe auß der Schꝛifft/ das den fromen alles muͤſſe zum beſten kommen.,ja er wiſſe auß der schꝛifft das den fromen alles muͤſſe zum beſten kommen,ia er wisse auss der schifft das den fromen alles musse zum besten kommen
524794,body,98,1,True,[27],Denn es kan vns niemands ſcheiden von der Liebe Gottes/ weder Truͤbſall/ Angſt/ Verfolgung noch Hunger/ weder Bloͤſſe/ ođ Faͤhꝛligkeit ođ Schwerdt/ weder Todt noch Leben/ weder Engel noch Fuͤrſtenthumb/ noch Gewalt/ weder Gegenwertiges noch Zukuͤnfſtiges/ noch keine andere Creatur/ troͤſtet S. Paulus zun Roͤm. 8.,denn es kan vns niemands ſcheiden von der liebe gottes weder truͤbſall angſt verfolgung noch hunger weder bloͤſſe ođ faͤhꝛligkeit ođ schwerdt weder todt noch leben weder engel noch fuͤrſtenthumb noch gewalt weder gegenwertiges noch zukuͤnfſtiges noch keine andere creatur troͤſtet s paulus zun roͤm,denn es kan uns niemands scheiden uon der liebe gottes weder trubsall angst uerfolgung noch hunger weder blosse oder fahligkeit oder schwerdt weder todt noch leben weder engel noch furstenthumb noch gewalt weder gegenwertiges noch zukunfstiges noch keine andere creatur trostet s paulus zun rom
524794,body,99,0,True,[27],So helffe der Gott vnd Vater alles Troſtes vñ Barmhertzigkeit/ das wir ſolchem allem mit fleiſſe nach ſtreben/ hier auff Erden/ Glauben vnd guttes Gewiſſen behalten/ vnd endlich in ſeinem Hauſe im Himmel bey jhm bleiben/ von Angeſicht zu Angeſicht jhn anſchawen/ vnd mit allen Außerweiten Jhn Ewig loben vnd Preiſen moͤgen. Amen.,so helffe der gott vnd vater alles troſtes vñ barmhertzigkeit das wir ſolchem allem mit fleiſſe nach ſtreben hier auff erden glauben vnd guttes gewiſſen behalten vnd endlich in ſeinem hauſe im himmel bey jhm bleiben von angeſicht zu angeſicht jhn anſchawen vnd mit allen außerweiten jhn ewig loben vnd preiſen moͤgen amen,so helffe der gott und uater alles trostes und barmhertzigkeit das wir solchem allem mit fleisse nach streben hier auff erden glauben und guttes gewissen behalten und endlich in seinem hause im himmel bey ihm bleiben uon angesicht zu angesicht ihn anschawen und mit allen ausserweiten ihn ewig loben und preisen mogen amen
524794,head,100,0,True,[28],Memoria defuncti.,memoria defuncti,memoria defuncti
524794,body,101,0,True,[28],WAs ferner anlanget vnſern verſtorbenen in Chriſto Mitbruder/ den Weylandt Edlen/ Ehrenveſten/ Wolbenambten Herrn Godtfried Heſeler/ ſo iſt er ſeiner Ankunfft nach/ auß dem Vhralten Adelichen Geſchlechte/ Derer von Heſeler/ vnter dem Hochloͤblichen Fuͤrſtlichen Hauſe Liegnitz herkommende.,was ferner anlanget vnſern verſtorbenen in chriſto mitbruder den weylandt edlen ehrenveſten wolbenambten herrn godtfried heſeler ſo iſt er ſeiner ankunfft nach auß dem vhralten adelichen geſchlechte derer von heſeler vnter dem hochloͤblichen fuͤrſtlichen hauſe liegnitz herkommende,was ferner anlanget unsern uerstorbenen in christo mitbruder den weylandt edlen ehrenuesten wolbenambten herrn godtfried heseler so ist er seiner ankunfft nach auss dem uhralten adelichen geschlechte derer uon heseler unter dem hochloblichen furstlichen hause liegnitz herkommende
524794,body,102,0,True,[28],Sein Herr Vater iſt geweſen/ Der Edle/ Geſtrenge Herr Caſpar Heſeler/ von vnd auff Waldaw/ So ſich von Jugendt auff in Kriegsweſen Zu Waſſer vnd Lande/ als in Italia/ Schweden vnnd Dennemarck gebrauchen laſſen/ welcher nachmals/ wegen ſeiner Mannhafften Tugenden/ als er zu Breſslaw jhme dergenommen zu bleiben/ in Rath genom̃en/ darinnen er biß ins dꝛeiſſigſte Jahr/ mit ehr vnd ruhm ſeine ſtelle beſeſſen.,sein herr vater iſt geweſen der edle geſtrenge herr caſpar heſeler von vnd auff waldaw so ſich von jugendt auff in kriegsweſen zu waſſer vnd lande als in italia schweden vnnd dennemarck gebrauchen laſſen welcher nachmals wegen ſeiner mannhafften tugenden als er zu breſslaw jhme dergenommen zu bleiben in rath genom̃en darinnen er biß ins dꝛeiſſigſte jahr mit ehr vnd ruhm ſeine ſtelle beſeſſen,sein herr uater ist gewesen der edle gestrenge herr caspar heseler uon und auff waldaw so sich uon iugendt auff in kriegswesen zu wasser und lande als in italia schweden unnd dennemarck gebrauchen lassen welcher nachmals wegen seiner mannhafften tugenden als er zu bresslaw ihme dergenommen zu bleiben in rath genommen darinnen er biss ins deissigste iahr mit ehr und ruhm seine stelle besessen
524794,body,103,0,False,[28],Seine Fraw Mutter iſt geweſen/ eine geboꝛne Hauſin/ des verſtorbenen Mutter aber/ eine geborne von Domelaw/ Die Großmutter aber/ eine geboꝛne Heugelin/ auß dem Hauſe Polokowitz.,seine fraw mutter iſt geweſen eine geboꝛne hauſin des verſtorbenen mutter aber eine geborne von domelaw die großmutter aber eine geboꝛne heugelin auß dem hauſe polokowitz,seine fraw mutter ist gewesen eine gebone hausin des uerstorbenen mutter aber eine geborne uon domelaw die grossmutter aber eine gebone heugelin auss dem hause polokowitz
524794,body,103,1,False,[28],Jſt von Jugendt auff/ von ſeinen lieben Eltern zu Gottes furcht/ vnd allen Adelichen Tugenden/ ſo wol Studiis gehalten worden/ darinnen er ſich fleiſſig geuͤbet/ vnd derer gegen maͤnniglichen/ ruͤhmlichen gebrauchet.,jſt von jugendt auff von ſeinen lieben eltern zu gottes furcht vnd allen adelichen tugenden ſo wol studiis gehalten worden darinnen er ſich fleiſſig geuͤbet vnd derer gegen maͤnniglichen ruͤhmlichen gebrauchet,ist uon iugendt auff uon seinen lieben eltern zu gottes furcht und allen adelichen tugenden so wol studiis gehalten worden darinnen er sich fleissig geubet und derer gegen manniglichen ruhmlichen gebrauchet
524794,body,103,2,True,[28],"Hat auch inn ſeiner Jugendt/ ſonder Luſt vnd Liebe gehabt/ Frembde Nationes vnd Laͤnder zu beſichtigen/ wie er dann Pohlen/ Jtaliam, Franckreich/ Engellandt/ Niederlandt vnnd Deutſchlandt/ Zimlich durchſehen.",hat auch inn ſeiner jugendt ſonder luſt vnd liebe gehabt frembde nationes vnd laͤnder zu beſichtigen wie er dann pohlen jtaliam franckreich engellandt niederlandt vnnd deutſchlandt zimlich durchſehen,hat auch inn seiner iugendt sonder lust und liebe gehabt frembde nationes und lander zu besichtigen wie er dann pohlen italiam franckreich engellandt niederlandt unnd deutschlandt zimlich durchsehen
524794,body,104,0,False,[28],Als er aber widerumb nach Hauſe gelanget/ hat er mit rath der ſeinigen: Anno 83. mit jetzo ſeiner Hochbetruͤbten hinterlaſſenen Wittib/ der Edlen/ Ehrentugendtreichen Frawen Martha/ gebornen Engelharten/ ſich verheyratet.,als er aber widerumb nach hauſe gelanget hat er mit rath der ſeinigen anno mit jetzo ſeiner hochbetruͤbten hinterlaſſenen wittib der edlen ehrentugendtreichen frawen martha gebornen engelharten ſich verheyratet,als er aber widerumb nach hause gelanget hat er mit rath der seinigen anno mit ietzo seiner hochbetrubten hinterlassenen wittib der edlen ehrentugendtreichen frawen martha gebornen engelharten sich uerheyratet
524794,body,104,1,True,[29],Jn die 33 Jahr mit einander eine Chꝛiſtliche friedliche Ehe beſeſſen/ inn welcher jhnen GOtt der Allmaͤchtige Zehen Kinder beſcheret/ Sechs Soͤhne/ vier Toͤchter/ derer noch Sieben im Leben/ drey Soͤhne vier Toͤchter/ denen Gott mit Gnaden beyſtehen/ vnd jhr/ ſamb jhrer Fraw Mutter trewer Vormuͤnde/ Vater/ vnd Vorſorger ſein wolle.,jn die jahr mit einander eine chꝛiſtliche friedliche ehe beſeſſen inn welcher jhnen gott der allmaͤchtige zehen kinder beſcheret sechs soͤhne vier toͤchter derer noch sieben im leben drey soͤhne vier toͤchter denen gott mit gnaden beyſtehen vnd jhr ſamb jhrer fraw mutter trewer vormuͤnde vater vnd vorſorger ſein wolle,in die iahr mit einander eine chistliche friedliche ehe besessen inn welcher ihnen gott der allmachtige zehen kinder bescheret sechs sohne uier tochter derer noch sieben im leben drey sohne uier tochter denen gott mit gnaden beystehen und ihr samb ihrer fraw mutter trewer uormunde uater und uorsorger sein wolle
524794,body,105,0,True,[29],Sein Leben vnd Wandel betreffendt/ als er ſich allhier im Namßliſchen Weichbilde zu Windiſchmarchwitz auffgehalten/ Jſt geweſen Erbar/ Auffrichtig/ Gottes Wort hat er lieb gehabt des Hochwuͤrdigen Sacraments ſich mit den ſeinen Jaͤhrlich gebrauchet: Jnn ſeinem Hauſe iſt er Andechtig geweſen/ vnd ſeine Kinder zum lieben Gebet gar fleiſſig getrieben/ die jhm Taͤglichen nach gehaltener Malzeit/ klein vnd groß/ jhre ſchoͤne Gebetlein vnd Pſalmen/ fuͤrm Tiſche ſtehend/ außwendig her ſagen haben muͤſſen/ vnd hat jhm/ ſo viel moͤglich wo nicht an Gelt vnd Gutt/ doch an ſeinem gutten Ehrlichen Nahmen/ einen ſolchen Schatz geſucht/ darauff er ſich Ewig verlaſſen doͤrffte.,sein leben vnd wandel betreffendt als er ſich allhier im namßliſchen weichbilde zu windiſchmarchwitz auffgehalten jſt geweſen erbar auffrichtig gottes wort hat er lieb gehabt des hochwuͤrdigen sacraments ſich mit den ſeinen jaͤhrlich gebrauchet jnn ſeinem hauſe iſt er andechtig geweſen vnd ſeine kinder zum lieben gebet gar fleiſſig getrieben die jhm taͤglichen nach gehaltener malzeit klein vnd groß jhre ſchoͤne gebetlein vnd pſalmen fuͤrm tiſche ſtehend außwendig her ſagen haben muͤſſen vnd hat jhm ſo viel moͤglich wo nicht an gelt vnd gutt doch an ſeinem gutten ehrlichen nahmen einen ſolchen schatz geſucht darauff er ſich ewig verlaſſen doͤrffte,sein leben und wandel betreffendt als er sich allhier im namsslischen weichbilde zu windischmarchwitz auffgehalten ist gewesen erbar auffrichtig gottes wort hat er lieb gehabt des hochwurdigen sacraments sich mit den seinen iahrlich gebrauchet inn seinem hause ist er andechtig gewesen und seine kinder zum lieben gebet gar fleissig getrieben die ihm taglichen nach gehaltener malzeit klein und gross ihre schone gebetlein und psalmen furm tische stehend ausswendig her sagen haben mussen und hat ihm so uiel moglich wo nicht an gelt und gutt doch an seinem gutten ehrlichen nahmen einen solchen schatz gesucht darauff er sich ewig uerlassen dorffte
524794,body,106,0,False,[29],Er hat ſeine ſtette Todes gedancken gehabt/ wie er dann offte/ weil er einen Schaden am Leibe gehabt/ wider mich geſagt/ Herr Pfarꝛ/ dieſer wird mich einmal auffreiben/ Aber Gott helffe nur Seliglich/ es muß doch einmal geſtorben ſein.,er hat ſeine ſtette todes gedancken gehabt wie er dann offte weil er einen schaden am leibe gehabt wider mich geſagt herr pfarꝛ dieſer wird mich einmal auffreiben aber gott helffe nur seliglich es muß doch einmal geſtorben ſein,er hat seine stette todes gedancken gehabt wie er dann offte weil er einen schaden am leibe gehabt wider mich gesagt herr pfar dieser wird mich einmal auffreiben aber gott helffe nur seliglich es muss doch einmal gestorben sein
524794,body,106,1,False,[29],Weil er auch ſeinen ſtetten Kummer gehabt/ Hat er ſich außbuͤndig wol wiſſen ins Creutze zu ſchicken/ vnd iſt bald mit dem lieben Gebet/ vnd anderer Creutztraͤger Exempeln auß der Heyl.,weil er auch ſeinen ſtetten kummer gehabt hat er ſich außbuͤndig wol wiſſen ins creutze zu ſchicken vnd iſt bald mit dem lieben gebet vnd anderer creutztraͤger exempeln auß der heyl,weil er auch seinen stetten kummer gehabt hat er sich aussbundig wol wissen ins creutze zu schicken und ist bald mit dem lieben gebet und anderer creutztrager exempeln auss der heyl
524794,body,106,2,False,[29],Schrifft fertig geweſen.,schrifft fertig geweſen,schrifft fertig gewesen
524794,body,106,3,True,[29],Sein Schatzkaͤſtlein/ hat er jhm alſo auffgebawet vnnd verfertiget/ das er ſich mit rechtem Glauben/ in Gluͤck vnd Vngluͤck hat wiſſen auff ſeinen einzigen Heyland vnd Erloͤſer/ den HErren JEſ: Chriſt: zu verlaſſen/ welches er auch in ſeiner Kranckheit gar offte widerholet/ vnd ſich deſſen getroͤſtet/ darumb er auch nicht alleine fuͤr ſich inn ſeiner Mattigkeit vnd Schwachheit/ ſeine Haͤnde zu Gott zum offtern mal erhaben/ ſondern auch begehret vnd gebeten/ man wolte mit jhme Beten vnd Singen/ wie er dann vnter andern kurtz vor ſeinem Ende jhme zu ſingen vnd zu beten außerſehen: Weñ mein Stundlein vorhandẽ iſt/ ec.,sein schatzkaͤſtlein hat er jhm alſo auffgebawet vnnd verfertiget das er ſich mit rechtem glauben in gluͤck vnd vngluͤck hat wiſſen auff ſeinen einzigen heyland vnd erloͤſer den herren jeſ chriſt zu verlaſſen welches er auch in ſeiner kranckheit gar offte widerholet vnd ſich deſſen getroͤſtet darumb er auch nicht alleine fuͤr ſich inn ſeiner mattigkeit vnd schwachheit ſeine haͤnde zu gott zum offtern mal erhaben ſondern auch begehret vnd gebeten man wolte mit jhme beten vnd singen wie er dann vnter andern kurtz vor ſeinem ende jhme zu ſingen vnd zu beten außerſehen weñ mein stundlein vorhandẽ iſt ec,sein schatzkastlein hat er ihm also auffgebawet unnd uerfertiget das er sich mit rechtem glauben in gluck und ungluck hat wissen auff seinen einzigen heyland und erloser den herren ies christ zu uerlassen welches er auch in seiner kranckheit gar offte widerholet und sich dessen getrostet darumb er auch nicht alleine fur sich inn seiner mattigkeit und schwachheit seine hande zu gott zum offtern mal erhaben sondern auch begehret und gebeten man wolte mit ihme beten und singen wie er dann unter andern kurtz uor seinem ende ihme zu singen und zu beten aussersehen wenn mein stundlein uorhanden ist ec
524794,body,107,0,False,[30],Jtem.,jtem,item
524794,body,107,1,False,[30],Meinm Gott ergeb ich mich gaͤntzlich/ Dieweil Er ſich ſo Vaͤterlich Gegen mir erzeigt allezeit/ Zu Helffen denn Er iſt bereit.,meinm gott ergeb ich mich gaͤntzlich dieweil er ſich ſo vaͤterlich gegen mir erzeigt allezeit zu helffen denn er iſt bereit,meinm gott ergeb ich mich gantzlich dieweil er sich so uaterlich gegen mir erzeigt allezeit zu helffen denn er ist bereit
524794,body,107,2,False,[30],Sein Huͤlff beut Er mir Taͤglich an/ Er ſpricht/ Jch will dich nicht verlahn/ Ruff in der Noth getroſt zu mir/ Chriſtus mein Sohn ſoll helffen dir. Jtem.,sein huͤlff beut er mir taͤglich an er ſpricht jch will dich nicht verlahn ruff in der noth getroſt zu mir chriſtus mein sohn ſoll helffen dir jtem,sein hulff beut er mir taglich an er spricht ich will dich nicht uerlahn ruff in der noth getrost zu mir christus mein sohn soll helffen dir item
524794,body,107,3,True,[30],O HErꝛe Gott/ in meiner Noth/ Ruff ich zu dir/ du Huͤlffeſt mir/ ꝛc.,o herꝛe gott in meiner noth ruff ich zu dir du huͤlffeſt mir ꝛc,o here gott in meiner noth ruff ich zu dir du hulffest mir c
524794,body,108,0,True,[30],Wie er vormercket/ das er ſterben ſollen/ forderte er ſein Geſindlein fuͤr ſich/ befiehlet jhnen/ ſie ſolten inn der Wirdtſchafft trew vnd fleiſſig ſein/ ſeiner lieben Frawen gehorſamen/ vnnd nichts verwarloſen/ dermal eins den rechten lohn von vnſerm HErꝛn Gott erwarten.,wie er vormercket das er ſterben ſollen forderte er ſein geſindlein fuͤr ſich befiehlet jhnen ſie ſolten inn der wirdtſchafft trew vnd fleiſſig ſein ſeiner lieben frawen gehorſamen vnnd nichts verwarloſen dermal eins den rechten lohn von vnſerm herꝛn gott erwarten,wie er uormercket das er sterben sollen forderte er sein gesindlein fur sich befiehlet ihnen sie solten inn der wirdtschafft trew und fleissig sein seiner lieben frawen gehorsamen unnd nichts uerwarlosen dermal eins den rechten lohn uon unserm hern gott erwarten
524794,body,109,0,True,[30],Seine liebe Fraw heiſt er fuͤr ſich kommen/ ſambt allen ſeinen beyweſenden Kindern/ Leſt jhm einen Becher mit Wein einſchencken/ Trinckt jhnen hierauß ein Truͤncklein zum Valete zu/ die jhm alle beſcheidt thun muſſen/ vnnd ſpricht mit weinenden Augen/ Nun du liebes Hertz/ vnd jhr meine liebe Kinderlein/ Geſegne Euch Gott der HErꝛe mein/ Helff GOtt das wir im Himmelreich/ einander wider ſehen zugleich.,seine liebe fraw heiſt er fuͤr ſich kommen ſambt allen ſeinen beyweſenden kindern leſt jhm einen becher mit wein einſchencken trinckt jhnen hierauß ein truͤncklein zum valete zu die jhm alle beſcheidt thun muſſen vnnd ſpricht mit weinenden augen nun du liebes hertz vnd jhr meine liebe kinderlein geſegne euch gott der herꝛe mein helff gott das wir im himmelreich einander wider ſehen zugleich,seine liebe fraw heist er fur sich kommen sambt allen seinen beywesenden kindern lest ihm einen becher mit wein einschencken trinckt ihnen hierauss ein truncklein zum ualete zu die ihm alle bescheidt thun mussen unnd spricht mit weinenden augen nun du liebes hertz und ihr meine liebe kinderlein gesegne euch gott der here mein helff gott das wir im himmelreich einander wider sehen zugleich
524794,body,110,0,True,[31],Gar offte hat er auß dem 25 Pſalm zu Gott geſeufftzet/ die Angſt meines Hertzens iſt groß/ fuͤhre mich auß meinen Noͤthen.,gar offte hat er auß dem pſalm zu gott geſeufftzet die angſt meines hertzens iſt groß fuͤhre mich auß meinen noͤthen,gar offte hat er auss dem psalm zu gott geseufftzet die angst meines hertzens ist gross fuhre mich auss meinen nothen
524794,body,111,0,False,[31],Biß jhn entlichen der Allgewaltige Gott/ den 15. Sept. dieſes Jahres fruͤhe zwiſchen 9. vnd 10. vhr/ nach außgeſtandener ſchwerer Leibes Kranckheit/ ſanfft vnnd Seliglichen auß dieſem elenden Jammerthal abgefodert/ wie er dann ein vernuͤnfftiges Ende genommen/ Seine Seele/ ſeinem einigen Erloͤſer vnd Seligmacher JEſu Chriſto/ in ſeine Haͤnde trewlich empfolen/ vnd alſo Seliglich beſchloſſen.,biß jhn entlichen der allgewaltige gott den sept dieſes jahres fruͤhe zwiſchen vnd vhr nach außgeſtandener ſchwerer leibes kranckheit ſanfft vnnd seliglichen auß dieſem elenden jammerthal abgefodert wie er dann ein vernuͤnfftiges ende genommen seine seele ſeinem einigen erloͤſer vnd seligmacher jeſu chriſto in ſeine haͤnde trewlich empfolen vnd alſo seliglich beſchloſſen,biss ihn entlichen der allgewaltige gott den sept dieses iahres fruhe zwischen und uhr nach aussgestandener schwerer leibes kranckheit sanfft unnd seliglichen auss diesem elenden iammerthal abgefodert wie er dann ein uernunfftiges ende genommen seine seele seinem einigen erloser und seligmacher iesu christo in seine hande trewlich empfolen und also seliglich beschlossen
524794,body,111,1,False,[31],Der wolle jhm mit allen Chriſtglaͤubigen/ am herzu nahenden Juͤngſten tage/ eine froͤliche Aufferſtehung zu dem Ewigen leben verleyhen/ die hinterlaſſene betruͤbte Wittib vnd Erben troͤſten vnd ſegnen/ ſonderlich aber mit Kraͤfftigem troſte beywohnen/ Dem Edlen/ Geſtrengen/ Ehrenveſten vñ Wolbenambten Herꝛn Daniel Heſelern/ von Waldaw/ auff Wangern vñ Polockowitz/ des Raths Eltiſten/ in der Kayſ: vnd Koͤnigl: Hauptſtadt Breſslaw in Schleſien/ vnd des Namßliſchen Weichbildes/ wolverordneten Herrn Hauptmann/ da Jhr. Gſtr. wegen jhres langwirigen von GOtt aufferlegten Creutzes halben/ an jhrem Geſichte/ dieſem verſtorbenen Jhr. Gſtr. geliebten Bruͤdern nicht haben koͤnnen das Geleyte zu ſeinem Ruhbettlein geben/ derſelbe trewe liebe Gott/ ſey J. Gſt.,der wolle jhm mit allen chriſtglaͤubigen am herzu nahenden juͤngſten tage eine froͤliche aufferſtehung zu dem ewigen leben verleyhen die hinterlaſſene betruͤbte wittib vnd erben troͤſten vnd ſegnen ſonderlich aber mit kraͤfftigem troſte beywohnen dem edlen geſtrengen ehrenveſten vñ wolbenambten herꝛn daniel heſelern von waldaw auff wangern vñ polockowitz des raths eltiſten in der kayſ vnd koͤnigl hauptſtadt breſslaw in schleſien vnd des namßliſchen weichbildes wolverordneten herrn hauptmann da jhr gſtr wegen jhres langwirigen von gott aufferlegten creutzes halben an jhrem geſichte dieſem verſtorbenen jhr gſtr geliebten bruͤdern nicht haben koͤnnen das geleyte zu ſeinem ruhbettlein geben derſelbe trewe liebe gott ſey j gſt,der wolle ihm mit allen christglaubigen am herzu nahenden iungsten tage eine froliche aufferstehung zu dem ewigen leben uerleyhen die hinterlassene betrubte wittib und erben trosten und segnen sonderlich aber mit krafftigem troste beywohnen dem edlen gestrengen ehrenuesten und wolbenambten hern daniel heselern uon waldaw auff wangern und polockowitz des raths eltisten in der kays und konigl hauptstadt bresslaw in schlesien und des namsslischen weichbildes woluerordneten herrn hauptmann da ihr gstr wegen ihres langwirigen uon gott aufferlegten creutzes halben an ihrem gesichte diesem uerstorbenen ihr gstr geliebten brudern nicht haben konnen das geleyte zu seinem ruhbettlein geben derselbe trewe liebe gott sey i gst
524794,body,111,2,False,[31],Artzt vnd Nothelffer/ vnnd bringe ſie alleſambt widerumb mit Frewden zuſammen im Ewigen leben/ Durch JEſ.,artzt vnd nothelffer vnnd bringe ſie alleſambt widerumb mit frewden zuſammen im ewigen leben durch jeſ,artzt und nothelffer unnd bringe sie allesambt widerumb mit frewden zusammen im ewigen leben durch ies
524794,body,111,3,True,[31],Chriſtum vnſern HErrn Amen/ Amen.,chriſtum vnſern herrn amen amen,christum unsern herrn amen amen
524794,body,112,0,True,[31],Kein beſſer Erbgut mag dir werdn/ Von Eltern dein auff dieſer Erdn.,kein beſſer erbgut mag dir werdn von eltern dein auff dieſer erdn,kein besser erbgut mag dir werdn uon eltern dein auff dieser erdn
524794,body,113,0,True,[31],Viel koͤſtlicher/ denn all das Gutt/ So man von Eltern Erben thut.,viel koͤſtlicher denn all das gutt so man von eltern erben thut,uiel kostlicher denn all das gutt so man uon eltern erben thut
524794,body,114,0,True,[31],Ein Ehrlich Nahm mit Ruhm vnd Preiß/ Kein beſſern Schatz auff Erd ich weiß.,ein ehrlich nahm mit ruhm vnd preiß kein beſſern schatz auff erd ich weiß,ein ehrlich nahm mit ruhm und preiss kein bessern schatz auff erd ich weiss
