doc_id,block_type,para_id,sent_id,is_para_final,page_n,textstring_orig,textstring_rich,textstring_simple
12196,head,0,0,True,,Liber I,liber i,liber i
12196,head,1,0,True,,PRAEFATIO,praefatio,praefatio
12196,body,2,0,False,,"Quantum inter philosophiam interest, Lucili uirorum optime, et ceteras artes, tantum interesse existimo in ipsa philosophia, inter illam partem quae ad homines, et hanc quae ad deos, spectat.",quantum inter philosophiam interest lucili uirorum optime et ceteras artes tantum interesse existimo in ipsa philosophia inter illam partem quae ad homines et hanc quae ad deos spectat,quantum inter philosophiam interest lucili uirorum optime et ceteras artes tantum interesse existimo in ipsa philosophia inter illam partem quae ad homines et hanc quae ad deos spectat
12196,body,2,1,False,,"Altior est haec, et animosior: multum permisit sibi: non fuit oculis contenta.",altior est haec et animosior multum permisit sibi non fuit oculis contenta,altior est haec et animosior multum permisit sibi non fuit oculis contenta
12196,body,2,2,True,,"Maius esse quiddam suspicata est, ac pulchrius, quod extra conspectum natura posuisset.",maius esse quiddam suspicata est ac pulchrius quod extra conspectum natura posuisset,maius esse quiddam suspicata est ac pulchrius quod extra conspectum natura posuisset
12196,body,3,0,False,,"Denique tantum inter duas interest, quantum inter Deum et hominem.",denique tantum inter duas interest quantum inter deum et hominem,denique tantum inter duas interest quantum inter deum et hominem
12196,body,3,1,False,,"Altera docet, quid in terris agendum sit: altera, quid agatur in coelo.",altera docet quid in terris agendum sit altera quid agatur in coelo,altera docet quid in terris agendum sit altera quid agatur in coelo
12196,body,3,2,True,,"Altera errores nostros discutit, et lumen admouet, quo discernantur ambigua uitae: altera multo supra hanc caliginem in qua uolutamur excedit, et e tenebris ereptos illo perducit, unde lucet.",altera errores nostros discutit et lumen admouet quo discernantur ambigua uitae altera multo supra hanc caliginem in qua uolutamur excedit et e tenebris ereptos illo perducit unde lucet,altera errores nostros discutit et lumen admouet quo discernantur ambigua uitae altera multo supra hanc caliginem in qua uolutamur excedit et e tenebris ereptos illo perducit unde lucet
12196,body,4,0,True,,"Equidem tunc naturae rerum gratias ago, cum illam non ab hac parte uideo, quae publica est, sed cum secretiora eius intraui: cum disco, quae uniuersi materia sit, quis auctor sit aut custos ; quid sit deus ; totus in se intendat, an ad nos aliquando respiciat ; faciat quotidie aliquid, an sernel fecerit ; pars mundi sit an mundus ; liceat: illi hodieque decernere, et ex lege fatorum, aliquid derogare, an maiestatis deminutio sit et confessio erroris, mutanda fecisse: necesse est enim ei eadem placere, cui nisi optima placere non possunt ; nec ob hoc minus liber et potens est: ipse enim est necessitas sua.",equidem tunc naturae rerum gratias ago cum illam non ab hac parte uideo quae publica est sed cum secretiora eius intraui cum disco quae uniuersi materia sit quis auctor sit aut custos quid sit deus totus in se intendat an ad nos aliquando respiciat faciat quotidie aliquid an sernel fecerit pars mundi sit an mundus liceat illi hodieque decernere et ex lege fatorum aliquid derogare an maiestatis deminutio sit et confessio erroris mutanda fecisse necesse est enim ei eadem placere cui nisi optima placere non possunt nec ob hoc minus liber et potens est ipse enim est necessitas sua,equidem tunc naturae rerum gratias ago cum illam non ab hac parte uideo quae publica est sed cum secretiora eius intraui cum disco quae uniuersi materia sit quis auctor sit aut custos quid sit deus totus in se intendat an ad nos aliquando respiciat faciat quotidie aliquid an sernel fecerit pars mundi sit an mundus liceat illi hodieque decernere et ex lege fatorum aliquid derogare an maiestatis deminutio sit et confessio erroris mutanda fecisse necesse est enim ei eadem placere cui nisi optima placere non possunt nec ob hoc minus liber et potens est ipse enim est necessitas sua
12196,body,5,0,False,,"Nisi ad haec admitterer, non fuerat nasci.",nisi ad haec admitterer non fuerat nasci,nisi ad haec admitterer non fuerat nasci
12196,body,5,1,False,,"Quid enim erat, cur in numero uiuentium me positum esse gauderem?",quid enim erat cur in numero uiuentium me positum esse gauderem,quid enim erat cur in numero uiuentium me positum esse gauderem
12196,body,5,2,False,,an ut cibos et potiones percolarem?,an ut cibos et potiones percolarem,an ut cibos et potiones percolarem
12196,body,5,3,False,,"ut hoc corpus causarium ac fluidum, periturumque nisi subinde impleatur, sarcirem, et uiuerem aegri minister?",ut hoc corpus causarium ac fluidum periturumque nisi subinde impleatur sarcirem et uiuerem aegri minister,ut hoc corpus causarium ac fluidum periturumque nisi subinde impleatur sarcirem et uiuerem aegri minister
12196,body,5,4,False,,"ut mortem timerem, cui omnes nascimur?",ut mortem timerem cui omnes nascimur,ut mortem timerem cui omnes nascimur
12196,body,5,5,True,,"Detrahe hoc inaestimabile bonum, non est uita tanti, ut sudem, ut aestuem.",detrahe hoc inaestimabile bonum non est uita tanti ut sudem ut aestuem,detrahe hoc inaestimabile bonum non est uita tanti ut sudem ut aestuem
12196,body,6,0,False,,"O quam contempta res est homo, nisi supra humana surrexit!",o quam contempta res est homo nisi supra humana surrexit,o quam contempta res est homo nisi supra humana surrexit
12196,body,6,1,False,,"Quamdiu cum affectibus colluctamur, quid magnifici facimus?",quamdiu cum affectibus colluctamur quid magnifici facimus,quamdiu cum affectibus colluctamur quid magnifici facimus
12196,body,6,2,False,,"etiamsi superiores sumus, portenta uincimus?",etiamsi superiores sumus portenta uincimus,etiamsi superiores sumus portenta uincimus
12196,body,6,3,False,,"Quid est, cur suspiciamus nosmetipsos, quia dissimiles deterrimis sumus?",quid est cur suspiciamus nosmetipsos quia dissimiles deterrimis sumus,quid est cur suspiciamus nosmetipsos quia dissimiles deterrimis sumus
12196,body,6,4,True,,"non uideo quare sibi placeat, qui robustior est ualetudinario.",non uideo quare sibi placeat qui robustior est ualetudinario,non uideo quare sibi placeat qui robustior est ualetudinario
12196,body,7,0,False,,Multum interest inter uires et bonam ualetudinem.,multum interest inter uires et bonam ualetudinem,multum interest inter uires et bonam ualetudinem
12196,body,7,1,False,,"Effugisti uitia animi:non est tibi frons ficta, nec in alienam uoluntatem sermo compositus, nec cor inuolutum, nec auaritia, quae quidquid omnibus abstulit, sibi ipsi negat ; nec luxuria pecuniam turpiter amittens, quam turpius reparet ; nec ambitio, quae te ad dignitatem nisi per indigna non ducet.",effugisti uitia animinon est tibi frons ficta nec in alienam uoluntatem sermo compositus nec cor inuolutum nec auaritia quae quidquid omnibus abstulit sibi ipsi negat nec luxuria pecuniam turpiter amittens quam turpius reparet nec ambitio quae te ad dignitatem nisi per indigna non ducet,effugisti uitia animinon est tibi frons ficta nec in alienam uoluntatem sermo compositus nec cor inuolutum nec auaritia quae quidquid omnibus abstulit sibi ipsi negat nec luxuria pecuniam turpiter amittens quam turpius reparet nec ambitio quae te ad dignitatem nisi per indigna non ducet
12196,body,7,2,False,,"Nihil adhuc consecutus es; multa effugisti, te nondum!",nihil adhuc consecutus es multa effugisti te nondum,nihil adhuc consecutus es multa effugisti te nondum
12196,body,7,3,True,,"Virtus enim ista, quam affectamus, magnifica est non quia per se beatum est malo caruisse, sed quia animum laxat, ac praeparat ad cognitionem coelestium, dignumque efficit, qui in consortium Dei ueniat.",virtus enim ista quam affectamus magnifica est non quia per se beatum est malo caruisse sed quia animum laxat ac praeparat ad cognitionem coelestium dignumque efficit qui in consortium dei ueniat,uirtus enim ista quam affectamus magnifica est non quia per se beatum est malo caruisse sed quia animum laxat ac praeparat ad cognitionem coelestium dignumque efficit qui in consortium dei ueniat
12196,body,8,0,False,,"Tunc consummatum habet plenumque bonum sortis humanae, cum, calcato omni malo, petit altum, et in interiorem naturae sinum uenit.",tunc consummatum habet plenumque bonum sortis humanae cum calcato omni malo petit altum et in interiorem naturae sinum uenit,tunc consummatum habet plenumque bonum sortis humanae cum calcato omni malo petit altum et in interiorem naturae sinum uenit
12196,body,8,1,True,,"Tunc iuuat inter sidera ipsa uagantem, diuitum pauimenta ridere, et totam cum auro suo terram: non illo tantum, dico, quod egessit, et signandum monetae dedit, sed et illo, quod in occulto seruat posterorum auaritiae.",tunc iuuat inter sidera ipsa uagantem diuitum pauimenta ridere et totam cum auro suo terram non illo tantum dico quod egessit et signandum monetae dedit sed et illo quod in occulto seruat posterorum auaritiae,tunc iuuat inter sidera ipsa uagantem diuitum pauimenta ridere et totam cum auro suo terram non illo tantum dico quod egessit et signandum monetae dedit sed et illo quod in occulto seruat posterorum auaritiae
12196,body,9,0,False,,"Non potest ante contemnere porticus, et lacunaria ebore fulgentia, et tonsiles siluas, et deriuata in domos flumina, quam totum circumeat mundum, et terrarum orbem superne despiciens angustum, et magna ex parte opertum mari, etiam qua exstat, late squalidum, et aut ustum aut rigentem.",non potest ante contemnere porticus et lacunaria ebore fulgentia et tonsiles siluas et deriuata in domos flumina quam totum circumeat mundum et terrarum orbem superne despiciens angustum et magna ex parte opertum mari etiam qua exstat late squalidum et aut ustum aut rigentem,non potest ante contemnere porticus et lacunaria ebore fulgentia et tonsiles siluas et deriuata in domos flumina quam totum circumeat mundum et terrarum orbem superne despiciens angustum et magna ex parte opertum mari etiam qua exstat late squalidum et aut ustum aut rigentem
12196,body,9,1,True,,Sibi ipse ait: Hoc est illud punctum quod inter tot gentes ferro et igni diuiditur?,sibi ipse ait hoc est illud punctum quod inter tot gentes ferro et igni diuiditur,sibi ipse ait hoc est illud punctum quod inter tot gentes ferro et igni diuiditur
12196,body,10,0,False,,O quam ridiculi sunt mortalium termini!,o quam ridiculi sunt mortalium termini,o quam ridiculi sunt mortalium termini
12196,body,10,1,True,,Ultra Istrum Dacus non exeat: Strymo Thracas includat: Parthis obstet Euphrates: Danubius Sarmatica ac Romana disterminet: Rhenus Germaniae modum faciat: Pyrenaeus medium inter Gallias et Hispanias iugum extollat: inter Aegyptum et Aethiopias arenarum inculta uastitas iaceat!,ultra istrum dacus non exeat strymo thracas includat parthis obstet euphrates danubius sarmatica ac romana disterminet rhenus germaniae modum faciat pyrenaeus medium inter gallias et hispanias iugum extollat inter aegyptum et aethiopias arenarum inculta uastitas iaceat,ultra istrum dacus non exeat strymo thracas includat parthis obstet euphrates danubius sarmatica ac romana disterminet rhenus germaniae modum faciat pyrenaeus medium inter gallias et hispanias iugum extollat inter aegyptum et aethiopias arenarum inculta uastitas iaceat
12196,body,11,0,False,,"Si quis formicis det intellectum hominis, nonne et illae unam aream in multas prouincias diuident?",si quis formicis det intellectum hominis nonne et illae unam aream in multas prouincias diuident,si quis formicis det intellectum hominis nonne et illae unam aream in multas prouincias diuident
12196,body,11,1,False,,"Cum te in illa uere magna sustuleris; quoties uidebis exercitus subrectis ire uexillis et quasi magnum aliquid agatur, equitem modo ulteriora explorantem, modo a lateribus affusum, libebit dicere: ""It nigrum campis agmen"": formicarum iste discursus est, in angusto laborantium.",cum te in illa uere magna sustuleris quoties uidebis exercitus subrectis ire uexillis et quasi magnum aliquid agatur equitem modo ulteriora explorantem modo a lateribus affusum libebit dicere it nigrum campis agmen formicarum iste discursus est in angusto laborantium,cum te in illa uere magna sustuleris quoties uidebis exercitus subrectis ire uexillis et quasi magnum aliquid agatur equitem modo ulteriora explorantem modo a lateribus affusum libebit dicere it nigrum campis agmen formicarum iste discursus est in angusto laborantium
12196,body,11,2,True,,"Quid illis et nobis interest, nisi exigui mensura corpusculi?",quid illis et nobis interest nisi exigui mensura corpusculi,quid illis et nobis interest nisi exigui mensura corpusculi
12196,body,12,0,False,,"Punctum est istud in quo nauigatis, in quo bellatis, in quo regna disponitis: minima, etiam cum illis utrimque Oceanus occurrit.",punctum est istud in quo nauigatis in quo bellatis in quo regna disponitis minima etiam cum illis utrimque oceanus occurrit,punctum est istud in quo nauigatis in quo bellatis in quo regna disponitis minima etiam cum illis utrimque oceanus occurrit
12196,body,12,1,True,,"Sursum ingentia spatia sunt, in quorum possessionem animus admittitur: at ita si minimum secum ex corpore tulit, si sordidum omne detersit, et expeditus leuisque ac contentus modico emicuit.",sursum ingentia spatia sunt in quorum possessionem animus admittitur at ita si minimum secum ex corpore tulit si sordidum omne detersit et expeditus leuisque ac contentus modico emicuit,sursum ingentia spatia sunt in quorum possessionem animus admittitur at ita si minimum secum ex corpore tulit si sordidum omne detersit et expeditus leuisque ac contentus modico emicuit
12196,body,13,0,False,,"Cum illa tetigit, alitur, crescit, ac uelut uinculis liberatus, in originem redit; et hoc habet argumentum diuinitatis suae, quod illum diuina delectant: nec ut alienis interest, sed ut suis interest: secure spectat occasus siderum atque ortus, et tam diuersas concordantium uias.",cum illa tetigit alitur crescit ac uelut uinculis liberatus in originem redit et hoc habet argumentum diuinitatis suae quod illum diuina delectant nec ut alienis interest sed ut suis interest secure spectat occasus siderum atque ortus et tam diuersas concordantium uias,cum illa tetigit alitur crescit ac uelut uinculis liberatus in originem redit et hoc habet argumentum diuinitatis suae quod illum diuina delectant nec ut alienis interest sed ut suis interest secure spectat occasus siderum atque ortus et tam diuersas concordantium uias
12196,body,13,1,False,,"Obseruat, ubi quaeque stella primum terris lumen ostendat, ubi culmen eius summum, qua cursus sit, quousque descendat.",obseruat ubi quaeque stella primum terris lumen ostendat ubi culmen eius summum qua cursus sit quousque descendat,obseruat ubi quaeque stella primum terris lumen ostendat ubi culmen eius summum qua cursus sit quousque descendat
12196,body,13,2,False,,"Curiosus spectator excutit singula, et quaerit.",curiosus spectator excutit singula et quaerit,curiosus spectator excutit singula et quaerit
12196,body,13,3,False,,Quidni quaerat?,quidni quaerat,quidni quaerat
12196,body,13,4,True,,scit illa ad se pertinere.,scit illa ad se pertinere,scit illa ad se pertinere
12196,body,14,0,False,,Tunc contemnit domicilii prioris angustias.,tunc contemnit domicilii prioris angustias,tunc contemnit domicilii prioris angustias
12196,body,14,1,False,,"Quantum enim est, quod ab ultimis littoribus Hispaniae usque ad Indos iacet?",quantum enim est quod ab ultimis littoribus hispaniae usque ad indos iacet,quantum enim est quod ab ultimis littoribus hispaniae usque ad indos iacet
12196,body,14,2,False,,"Paucissimorum dierum spatium, si nauem suus uentus impleuit.",paucissimorum dierum spatium si nauem suus uentus impleuit,paucissimorum dierum spatium si nauem suus uentus impleuit
12196,body,14,3,False,,"At illa regio coelestis per trigirita annos uelocissimo sideri uiam praestat, nusquam resistenti, sed aequaliter cito.",at illa regio coelestis per trigirita annos uelocissimo sideri uiam praestat nusquam resistenti sed aequaliter cito,at illa regio coelestis per trigirita annos uelocissimo sideri uiam praestat nusquam resistenti sed aequaliter cito
12196,body,14,4,False,,"Illic demum discit, quod diu quaesiuit: illic incipit Deum nosse.",illic demum discit quod diu quaesiuit illic incipit deum nosse,illic demum discit quod diu quaesiuit illic incipit deum nosse
12196,body,14,5,False,,Quid est Deus?,quid est deus,quid est deus
12196,body,14,6,False,,Mens uniuersi.,mens uniuersi,mens uniuersi
12196,body,14,7,False,,Quid est Deus?,quid est deus,quid est deus
12196,body,14,8,False,,"Quod uides totum, et quod non uides totum.",quod uides totum et quod non uides totum,quod uides totum et quod non uides totum
12196,body,14,9,True,,"Sic demum magnitudo sua illi redditur, qua nihil maius excogitari potest, sic solus est omnia, opus suum et extra et intra tenet.",sic demum magnitudo sua illi redditur qua nihil maius excogitari potest sic solus est omnia opus suum et extra et intra tenet,sic demum magnitudo sua illi redditur qua nihil maius excogitari potest sic solus est omnia opus suum et extra et intra tenet
12196,body,15,0,False,,Quid ergo interest inter naturam Dei et nostram?,quid ergo interest inter naturam dei et nostram,quid ergo interest inter naturam dei et nostram
12196,body,15,1,False,,Nostri melior pars animus est: in illo nulla pars extra animum; totus ratio est.,nostri melior pars animus est in illo nulla pars extra animum totus ratio est,nostri melior pars animus est in illo nulla pars extra animum totus ratio est
12196,body,15,2,True,,"Cum interim tantus error mortalia teneat, ut hoc, quo neque formosius est quidquam, nec dispositius, nec in proposito constantius, existiment homines fortuitum et casu uolubile, ideoque tumultuosum inter fulmina, nubes, tempestates, et cetera quibus terrae ac terris uicina pulsantur.",cum interim tantus error mortalia teneat ut hoc quo neque formosius est quidquam nec dispositius nec in proposito constantius existiment homines fortuitum et casu uolubile ideoque tumultuosum inter fulmina nubes tempestates et cetera quibus terrae ac terris uicina pulsantur,cum interim tantus error mortalia teneat ut hoc quo neque formosius est quidquam nec dispositius nec in proposito constantius existiment homines fortuitum et casu uolubile ideoque tumultuosum inter fulmina nubes tempestates et cetera quibus terrae ac terris uicina pulsantur
12196,body,16,0,False,,"Nec haec intra uulgum dementia est, sapientiam quoque professas contigit.",nec haec intra uulgum dementia est sapientiam quoque professas contigit,nec haec intra uulgum dementia est sapientiam quoque professas contigit
12196,body,16,1,True,,"Sunt qui patent, sibi ipsis animum esse, et quidem prouidum ac dispensantem singula, et sua, et aliena: hoc autem uniuersum, in quo nos quoque sumus, expers esse consilii, et aut ferri temeritate quadam, aut natura nesciente quid faciat.",sunt qui patent sibi ipsis animum esse et quidem prouidum ac dispensantem singula et sua et aliena hoc autem uniuersum in quo nos quoque sumus expers esse consilii et aut ferri temeritate quadam aut natura nesciente quid faciat,sunt qui patent sibi ipsis animum esse et quidem prouidum ac dispensantem singula et sua et aliena hoc autem uniuersum in quo nos quoque sumus expers esse consilii et aut ferri temeritate quadam aut natura nesciente quid faciat
12196,body,17,0,False,,"Quanti aestimas ista cognoscere, et rebus terminos ponere?",quanti aestimas ista cognoscere et rebus terminos ponere,quanti aestimas ista cognoscere et rebus terminos ponere
12196,body,17,1,False,,quantum Deus possit?,quantum deus possit,quantum deus possit
12196,body,17,2,False,,"materiam ipse sibi formet, an data utatur?",materiam ipse sibi formet an data utatur,materiam ipse sibi formet an data utatur
12196,body,17,3,False,,"utrum idea materiae prius superueniat, an materia ideae?",utrum idea materiae prius superueniat an materia ideae,utrum idea materiae prius superueniat an materia ideae
12196,body,17,4,True,,"deus quidquid uult efficiat, an in multis rebus illum tractanda destituant: et a magno artifice praue formentur multa, non quia cessat ars, sed quia id in quo exercetur, saepe inobsequens arti est?",deus quidquid uult efficiat an in multis rebus illum tractanda destituant et a magno artifice praue formentur multa non quia cessat ars sed quia id in quo exercetur saepe inobsequens arti est,deus quidquid uult efficiat an in multis rebus illum tractanda destituant et a magno artifice praue formentur multa non quia cessat ars sed quia id in quo exercetur saepe inobsequens arti est
12196,body,18,0,False,,"Haec inspicere, haec discere, his incubare, nonne transilire est mortalitatem suam, et in meliorem transcribi sortem?",haec inspicere haec discere his incubare nonne transilire est mortalitatem suam et in meliorem transcribi sortem,haec inspicere haec discere his incubare nonne transilire est mortalitatem suam et in meliorem transcribi sortem
12196,body,18,1,False,,"Quid tibi, inquis, ista proderunt?",quid tibi inquis ista proderunt,quid tibi inquis ista proderunt
12196,body,18,2,False,,"Si nihil aliud, hoc certe sciam, omnia angusta esse, mensus Deum.",si nihil aliud hoc certe sciam omnia angusta esse mensus deum,si nihil aliud hoc certe sciam omnia angusta esse mensus deum
12196,body,18,3,True,,Sed haec deinde.,sed haec deinde,sed haec deinde
12196,head,19,0,True,,CAPUT 1,caput,caput
12196,body,20,0,False,,"Nunc, ut ad propositum opus ueniam, audi, quid de ignibus sentiam, quos aer transuersos agit.",nunc ut ad propositum opus ueniam audi quid de ignibus sentiam quos aer transuersos agit,nunc ut ad propositum opus ueniam audi quid de ignibus sentiam quos aer transuersos agit
12196,body,20,1,False,,"Magna illos ui excuti argumentum est, quod obliqui feruntur et praerapida celeritate: apparet illos non ire sed proici.",magna illos ui excuti argumentum est quod obliqui feruntur et praerapida celeritate apparet illos non ire sed proici,magna illos ui excuti argumentum est quod obliqui feruntur et praerapida celeritate apparet illos non ire sed proici
12196,body,20,2,True,,Ignium multae uariaeque facies sunt.,ignium multae uariaeque facies sunt,ignium multae uariaeque facies sunt
12196,body,21,0,False,,"Aristoteles quoddam genus horum capram uocat: si me interrogaueris quare, prior mihi rationem reddas oportet, quare haedi uocentur; si autem, quod commodissimum est, conuenerit inter nos, ne alter alterum interroget, quod scit illum respondere non posse, satius erit de re ipsa quaerere quam mirari, quid ita Aristoteles globum ignis appellauerit capram.",aristoteles quoddam genus horum capram uocat si me interrogaueris quare prior mihi rationem reddas oportet quare haedi uocentur si autem quod commodissimum est conuenerit inter nos ne alter alterum interroget quod scit illum respondere non posse satius erit de re ipsa quaerere quam mirari quid ita aristoteles globum ignis appellauerit capram,aristoteles quoddam genus horum capram uocat si me interrogaueris quare prior mihi rationem reddas oportet quare haedi uocentur si autem quod commodissimum est conuenerit inter nos ne alter alterum interroget quod scit illum respondere non posse satius erit de re ipsa quaerere quam mirari quid ita aristoteles globum ignis appellauerit capram
12196,body,21,1,True,,"Talis enim fuit forma eius, qui bellum aduersus Persen Paulo gerente a lunari magnitudine apparuit.",talis enim fuit forma eius qui bellum aduersus persen paulo gerente a lunari magnitudine apparuit,talis enim fuit forma eius qui bellum aduersus persen paulo gerente a lunari magnitudine apparuit
12196,body,22,0,False,,"Vidimus nos quoque non semel flammam ingentis pilae specie, quae tamen in ipso cursu suo dissipata est.",vidimus nos quoque non semel flammam ingentis pilae specie quae tamen in ipso cursu suo dissipata est,uidimus nos quoque non semel flammam ingentis pilae specie quae tamen in ipso cursu suo dissipata est
12196,body,22,1,True,,"Vidimus circa diui Augusti excessum simile prodigium, uidimus eo tempore, quo de Seiano actum est; nec Germanici mors sine denuntiatione tali fuit.",vidimus circa diui augusti excessum simile prodigium uidimus eo tempore quo de seiano actum est nec germanici mors sine denuntiatione tali fuit,uidimus circa diui augusti excessum simile prodigium uidimus eo tempore quo de seiano actum est nec germanici mors sine denuntiatione tali fuit
12196,body,23,0,False,,"Dices mihi: «Ergo tu in tantis erroribus es, ut existimes deos mortium signa praemittere et quicquam in terris esse tain magnum, quod perire mundus sciat?",dices mihi ergo tu in tantis erroribus es ut existimes deos mortium signa praemittere et quicquam in terris esse tain magnum quod perire mundus sciat,dices mihi ergo tu in tantis erroribus es ut existimes deos mortium signa praemittere et quicquam in terris esse tain magnum quod perire mundus sciat
12196,body,23,1,True,,"». Erit aliud istius rei tempus: uidebimus an rerum omnium certus ordo ducatur et alia aliis ita implexa sint, ut quod antecedit aut causa sit sequentium aut signum; uidebimus an diis humana curae sint, an series ipsa, quid factura sit, certis rerum notis nuntiet.",erit aliud istius rei tempus uidebimus an rerum omnium certus ordo ducatur et alia aliis ita implexa sint ut quod antecedit aut causa sit sequentium aut signum uidebimus an diis humana curae sint an series ipsa quid factura sit certis rerum notis nuntiet,erit aliud istius rei tempus uidebimus an rerum omnium certus ordo ducatur et alia aliis ita implexa sint ut quod antecedit aut causa sit sequentium aut signum uidebimus an diis humana curae sint an series ipsa quid factura sit certis rerum notis nuntiet
12196,body,24,0,False,,"Interim illud existimo, eiusmodi ignes existere aere uehementius trito, cum inclinatio eius in alteram partem facta est et non cessit sed inter se pugnauit: ex hac uexatione nascuntur trabes et globi et faces et ardores.",interim illud existimo eiusmodi ignes existere aere uehementius trito cum inclinatio eius in alteram partem facta est et non cessit sed inter se pugnauit ex hac uexatione nascuntur trabes et globi et faces et ardores,interim illud existimo eiusmodi ignes existere aere uehementius trito cum inclinatio eius in alteram partem facta est et non cessit sed inter se pugnauit ex hac uexatione nascuntur trabes et globi et faces et ardores
12196,body,24,1,True,,"At cum leuius collisus et, ut ita dicam, frictus est, minora lumina excutiuntur, «crinemque uolantia sidera ducunt».",at cum leuius collisus et ut ita dicam frictus est minora lumina excutiuntur crinemque uolantia sidera ducunt,at cum leuius collisus et ut ita dicam frictus est minora lumina excutiuntur crinemque uolantia sidera ducunt
12196,body,25,0,False,,Tunc ignes tenuissimi iter exile designant et caelo producunt.,tunc ignes tenuissimi iter exile designant et caelo producunt,tunc ignes tenuissimi iter exile designant et caelo producunt
12196,body,25,1,False,,"Ideo nulla sine eiusmodi spectaculis nox est, non enim opus est ad efficienda ista magno aeris motu.",ideo nulla sine eiusmodi spectaculis nox est non enim opus est ad efficienda ista magno aeris motu,ideo nulla sine eiusmodi spectaculis nox est non enim opus est ad efficienda ista magno aeris motu
12196,body,25,2,True,,"Denique, ut breuiter dicam, eadem ratione fiunt ista, qua fulmina, sed ui minore: quemadmodum nubes collisae mediocriter fulgurationes efficient, maiore impetu impulsae fulmina, sic quanto illas minus presserit minor uis, tanto leuiora fulmina emittent.",denique ut breuiter dicam eadem ratione fiunt ista qua fulmina sed ui minore quemadmodum nubes collisae mediocriter fulgurationes efficient maiore impetu impulsae fulmina sic quanto illas minus presserit minor uis tanto leuiora fulmina emittent,denique ut breuiter dicam eadem ratione fiunt ista qua fulmina sed ui minore quemadmodum nubes collisae mediocriter fulgurationes efficient maiore impetu impulsae fulmina sic quanto illas minus presserit minor uis tanto leuiora fulmina emittent
12196,body,26,0,False,,"Aristoteles rationem eiusmodi reddit: «Varia et multa terrarum orbis expire, quaedam umida quaedam sicca, quaedam calentia quaedam concipiendis ignibus idonea».",aristoteles rationem eiusmodi reddit varia et multa terrarum orbis expire quaedam umida quaedam sicca quaedam calentia quaedam concipiendis ignibus idonea,aristoteles rationem eiusmodi reddit uaria et multa terrarum orbis expire quaedam umida quaedam sicca quaedam calentia quaedam concipiendis ignibus idonea
12196,body,26,1,True,,"Nec mirum est, si terme omnis generis et uaria euaporatio est, cum in caelo quoque non unus appareat color rerum, sed acrior sit Caniculae rubor, Martis remissior, Iouis nullus in lucem puram nitore perducto.",nec mirum est si terme omnis generis et uaria euaporatio est cum in caelo quoque non unus appareat color rerum sed acrior sit caniculae rubor martis remissior iouis nullus in lucem puram nitore perducto,nec mirum est si terme omnis generis et uaria euaporatio est cum in caelo quoque non unus appareat color rerum sed acrior sit caniculae rubor martis remissior iouis nullus in lucem puram nitore perducto
12196,body,27,0,False,,"Necesse est ergo in magna copia corpusculorum, quae terrae eiectant et in superiorem agunt partem, aliqua in nubes peruenire alimenta ignium, quae non tantum collisa possint ardere sed etiam afflata radiis solis.",necesse est ergo in magna copia corpusculorum quae terrae eiectant et in superiorem agunt partem aliqua in nubes peruenire alimenta ignium quae non tantum collisa possint ardere sed etiam afflata radiis solis,necesse est ergo in magna copia corpusculorum quae terrae eiectant et in superiorem agunt partem aliqua in nubes peruenire alimenta ignium quae non tantum collisa possint ardere sed etiam afflata radiis solis
12196,body,27,1,True,,Nam apud nos quoque ramenta sulphure aspersa ignem ex interuallo trahunt.,nam apud nos quoque ramenta sulphure aspersa ignem ex interuallo trahunt,nam apud nos quoque ramenta sulphure aspersa ignem ex interuallo trahunt
12196,body,28,0,False,,"Veri ergo simile est talem materiam inter nubes congregatam facile succendi et minores maioresue ignes existere, prout plus illis fuit aut minus uirium.",veri ergo simile est talem materiam inter nubes congregatam facile succendi et minores maioresue ignes existere prout plus illis fuit aut minus uirium,ueri ergo simile est talem materiam inter nubes congregatam facile succendi et minores maioresue ignes existere prout plus illis fuit aut minus uirium
12196,body,28,1,True,,"Illud enim stultissimum, existimare aut decidere stellas aut transilire aut aliquid illis auferri et abradi:",illud enim stultissimum existimare aut decidere stellas aut transilire aut aliquid illis auferri et abradi,illud enim stultissimum existimare aut decidere stellas aut transilire aut aliquid illis auferri et abradi
12196,body,29,0,False,,"nam si hoc fuisset, etiam defuissent; nulla enim nox est, qua non plurimae ire et in diuersum uideantur abduci.",nam si hoc fuisset etiam defuissent nulla enim nox est qua non plurimae ire et in diuersum uideantur abduci,nam si hoc fuisset etiam defuissent nulla enim nox est qua non plurimae ire et in diuersum uideantur abduci
12196,body,29,1,True,,"Atqui quo solet quaeque inuenitur loto, magnitudo sua singulis constat: sequitur ergo, ut infra illas ista nascantur et cito intercidant, quia sine fundamento et sede certa sunt.",atqui quo solet quaeque inuenitur loto magnitudo sua singulis constat sequitur ergo ut infra illas ista nascantur et cito intercidant quia sine fundamento et sede certa sunt,atqui quo solet quaeque inuenitur loto magnitudo sua singulis constat sequitur ergo ut infra illas ista nascantur et cito intercidant quia sine fundamento et sede certa sunt
12196,body,30,0,False,,«Quare ergo non etiam interdiu transferuntur?,quare ergo non etiam interdiu transferuntur,quare ergo non etiam interdiu transferuntur
12196,body,30,1,False,,"». Quid, si dicas stellas interdiu non esse, quia non apparent?",quid si dicas stellas interdiu non esse quia non apparent,quid si dicas stellas interdiu non esse quia non apparent
12196,body,30,2,False,,"Quemadmodum illae latent et solis fulgore obumbrantur, sic faces quoque transcurrunt et interdiu, sed abscondit illas diurni luminis claritas.",quemadmodum illae latent et solis fulgore obumbrantur sic faces quoque transcurrunt et interdiu sed abscondit illas diurni luminis claritas,quemadmodum illae latent et solis fulgore obumbrantur sic faces quoque transcurrunt et interdiu sed abscondit illas diurni luminis claritas
12196,body,30,3,True,,"Si quando tamen tanta uis emicuit, ut etiam aduersus diem uindicare sibi fulgorem suum possint, apparent.",si quando tamen tanta uis emicuit ut etiam aduersus diem uindicare sibi fulgorem suum possint apparent,si quando tamen tanta uis emicuit ut etiam aduersus diem uindicare sibi fulgorem suum possint apparent
12196,body,31,0,False,,"Nostra certe aetas non semel uidit diurnas faces, alias ab oriente in occidentem uersas, alias ab occasu in ortum.",nostra certe aetas non semel uidit diurnas faces alias ab oriente in occidentem uersas alias ab occasu in ortum,nostra certe aetas non semel uidit diurnas faces alias ab oriente in occidentem uersas alias ab occasu in ortum
12196,body,31,1,False,,"Argumentum tempestatis nautae putant, cum multae transuolant stellae.",argumentum tempestatis nautae putant cum multae transuolant stellae,argumentum tempestatis nautae putant cum multae transuolant stellae
12196,body,31,2,True,,"Quod si uentorum signum est, ibi est, unde uenti sunt, id est in aere, qui medius inter lunam terrasque est.",quod si uentorum signum est ibi est unde uenti sunt id est in aere qui medius inter lunam terrasque est,quod si uentorum signum est ibi est unde uenti sunt id est in aere qui medius inter lunam terrasque est
12196,body,32,0,True,,"In magna tempestate apparere quasi stellae solent uelo insidentes; adiuuari se tunc periclitantes aestimant Pollucis et Castoris numine, causa autem melioris spei est, quod iam apparet frangi tempestatem et desinere uentos: alioquin ferrentur ignes, non sederent.",in magna tempestate apparere quasi stellae solent uelo insidentes adiuuari se tunc periclitantes aestimant pollucis et castoris numine causa autem melioris spei est quod iam apparet frangi tempestatem et desinere uentos alioquin ferrentur ignes non sederent,in magna tempestate apparere quasi stellae solent uelo insidentes adiuuari se tunc periclitantes aestimant pollucis et castoris numine causa autem melioris spei est quod iam apparet frangi tempestatem et desinere uentos alioquin ferrentur ignes non sederent
12196,body,33,0,False,,Gylippo Syracusas petenti uisa est stella super ipsam lanceam constitisse.,gylippo syracusas petenti uisa est stella super ipsam lanceam constitisse,gylippo syracusas petenti uisa est stella super ipsam lanceam constitisse
12196,body,33,1,False,,"In Romanorum castris ardere uisa sunt pila, ignibus scilicet in illa delapsis, qui saepe fulminum modo ferire et animalia solent et arbusta""; sed si minore ui.utuntur, defluunt tantum et insidunt, non feriunt nec uulnerant.",in romanorum castris ardere uisa sunt pila ignibus scilicet in illa delapsis qui saepe fulminum modo ferire et animalia solent et arbusta sed si minore ui utuntur defluunt tantum et insidunt non feriunt nec uulnerant,in romanorum castris ardere uisa sunt pila ignibus scilicet in illa delapsis qui saepe fulminum modo ferire et animalia solent et arbusta sed si minore ui utuntur defluunt tantum et insidunt non feriunt nec uulnerant
12196,body,33,2,True,,"Alii autem inter nubes eliduntur, alii sereno, si aer ad exprimendos ignes aptus fuit:",alii autem inter nubes eliduntur alii sereno si aer ad exprimendos ignes aptus fuit,alii autem inter nubes eliduntur alii sereno si aer ad exprimendos ignes aptus fuit
12196,body,34,0,False,,"nam sereno quoque aliquando caelo tonat ex eadem causa qua nubilo, aere inter se colliso, qui, etiamsi est lucidior ac siccior, coire tamen et facere corpora quaedam similia nubibus potest, quae percussa reddant sonum.",nam sereno quoque aliquando caelo tonat ex eadem causa qua nubilo aere inter se colliso qui etiamsi est lucidior ac siccior coire tamen et facere corpora quaedam similia nubibus potest quae percussa reddant sonum,nam sereno quoque aliquando caelo tonat ex eadem causa qua nubilo aere inter se colliso qui etiamsi est lucidior ac siccior coire tamen et facere corpora quaedam similia nubibus potest quae percussa reddant sonum
12196,body,34,1,False,,"Q,uando ergo fiunt trabes, quando clipei et uastorum imagines ignibm?",quando ergo fiunt trabes quando clipei et uastorum imagines ignibm,quando ergo fiunt trabes quando clipei et uastorum imagines ignibm
12196,body,34,2,True,,Ubi in talem materiam similis incidit causa sed maior.,ubi in talem materiam similis incidit causa sed maior,ubi in talem materiam similis incidit causa sed maior
12196,head,35,0,True,,CAPUT 2,caput,caput
12196,body,36,0,False,,"Videamus nunc, quemadmodum fiat is fulgor, qui sidera circumuenit.",videamus nunc quemadmodum fiat is fulgor qui sidera circumuenit,uideamus nunc quemadmodum fiat is fulgor qui sidera circumuenit
12196,body,36,1,False,,"Memoriae proditum est, quo die urbem diuus Augustus' Apollonia reuersus intrauit, circa solem uisum coloris uarii circulum, qualis esse in arcu solet.",memoriae proditum est quo die urbem diuus augustus apollonia reuersus intrauit circa solem uisum coloris uarii circulum qualis esse in arcu solet,memoriae proditum est quo die urbem diuus augustus apollonia reuersus intrauit circa solem uisum coloris uarii circulum qualis esse in arcu solet
12196,body,36,2,False,,"Hunc Graeci G–halo uocant, nos dicere coronam aptissime possumus.",hunc graeci ghalo uocant nos dicere coronam aptissime possumus,hunc graeci ghalo uocant nos dicere coronam aptissime possumus
12196,body,36,3,True,,"Quae quemadmodum fieri dicatur, exponam.",quae quemadmodum fieri dicatur exponam,quae quemadmodum fieri dicatur exponam
12196,body,37,0,False,,"Cum in piscinam lapis missus est, uidemus in multos orbes aquam discedere et fieri primum angustissimum orbem, deinde laxiorem ac deinde alios maiores, donec euanescat impetus et in planitiem immotarum aquarum soluatur; tale quiddam cogitemus fieri etiam in aere: cum spissior factus est, sentire plagam potest; lux solis aut lunae uel cuiuslibet sideris incurrens recedere illum in circulos cogito.",cum in piscinam lapis missus est uidemus in multos orbes aquam discedere et fieri primum angustissimum orbem deinde laxiorem ac deinde alios maiores donec euanescat impetus et in planitiem immotarum aquarum soluatur tale quiddam cogitemus fieri etiam in aere cum spissior factus est sentire plagam potest lux solis aut lunae uel cuiuslibet sideris incurrens recedere illum in circulos cogito,cum in piscinam lapis missus est uidemus in multos orbes aquam discedere et fieri primum angustissimum orbem deinde laxiorem ac deinde alios maiores donec euanescat impetus et in planitiem immotarum aquarum soluatur tale quiddam cogitemus fieri etiam in aere cum spissior factus est sentire plagam potest lux solis aut lunae uel cuiuslibet sideris incurrens recedere illum in circulos cogito
12196,body,37,1,True,,"Nam umor et aer et omne, quod ex ictu formam accipit, in talem habitum impellitur, qualis est eius, quod impellit; omne autem lumen rotundum est: ergo et aer in hunc modum lumine percussus exibit.",nam umor et aer et omne quod ex ictu formam accipit in talem habitum impellitur qualis est eius quod impellit omne autem lumen rotundum est ergo et aer in hunc modum lumine percussus exibit,nam umor et aer et omne quod ex ictu formam accipit in talem habitum impellitur qualis est eius quod impellit omne autem lumen rotundum est ergo et aer in hunc modum lumine percussus exibit
12196,body,38,0,False,,"Ob hoc tales splendores Graeci areas uocauerunt, quia fere terendis frugibus destinata loca rotunda sunt.",ob hoc tales splendores graeci areas uocauerunt quia fere terendis frugibus destinata loca rotunda sunt,ob hoc tales splendores graeci areas uocauerunt quia fere terendis frugibus destinata loca rotunda sunt
12196,body,38,1,False,,"Non est autem, quod existimemus istas, siue areae siue coronae sunt, in uicinia siderum fieri.",non est autem quod existimemus istas siue areae siue coronae sunt in uicinia siderum fieri,non est autem quod existimemus istas siue areae siue coronae sunt in uicinia siderum fieri
12196,body,38,2,True,,"Plurimum enim ab his abstint, quamuis cingere ea et coronare uideantur: non longe a terra fit talis effigies, quam uisus noster solita imbecillitate deceptus circa ipsum sidus putat positam.",plurimum enim ab his abstint quamuis cingere ea et coronare uideantur non longe a terra fit talis effigies quam uisus noster solita imbecillitate deceptus circa ipsum sidus putat positam,plurimum enim ab his abstint quamuis cingere ea et coronare uideantur non longe a terra fit talis effigies quam uisus noster solita imbecillitate deceptus circa ipsum sidus putat positam
12196,body,39,0,False,,"In uicinia autem stellarum et solis nihil tale fieri potest, quia illic tenuis aether est.",in uicinia autem stellarum et solis nihil tale fieri potest quia illic tenuis aether est,in uicinia autem stellarum et solis nihil tale fieri potest quia illic tenuis aether est
12196,body,39,1,True,,"Nam formae crassis demum spissisque corporibus imprimi solent, in subtilibus non habent, ubi consistant aut haereant: in balneis quoque circa lucernam tale quiddam aspici solet ob aeris densi obscuritatem, frequentissime autem austro, cum caelum maxime graue et spissum est.",nam formae crassis demum spissisque corporibus imprimi solent in subtilibus non habent ubi consistant aut haereant in balneis quoque circa lucernam tale quiddam aspici solet ob aeris densi obscuritatem frequentissime autem austro cum caelum maxime graue et spissum est,nam formae crassis demum spissisque corporibus imprimi solent in subtilibus non habent ubi consistant aut haereant in balneis quoque circa lucernam tale quiddam aspici solet ob aeris densi obscuritatem frequentissime autem austro cum caelum maxime graue et spissum est
12196,body,40,0,False,,"Nonnumquam paulatim diluuntur et desinunt, nonnumquam ab aliqua parte rumpuntur et inde uentum nautici expectant, unde contextus coronae periit: si a septemtrione discessit, aquilo erit, si ab occidente, fauonius.",nonnumquam paulatim diluuntur et desinunt nonnumquam ab aliqua parte rumpuntur et inde uentum nautici expectant unde contextus coronae periit si a septemtrione discessit aquilo erit si ab occidente fauonius,nonnumquam paulatim diluuntur et desinunt nonnumquam ab aliqua parte rumpuntur et inde uentum nautici expectant unde contextus coronae periit si a septemtrione discessit aquilo erit si ab occidente fauonius
12196,body,40,1,True,,"Quod argumentum est intra eam partem caeli has fieri coronas, intra quam uenti quoque esse solent: superiora non habent coronas, quia ne uentos quidem.",quod argumentum est intra eam partem caeli has fieri coronas intra quam uenti quoque esse solent superiora non habent coronas quia ne uentos quidem,quod argumentum est intra eam partem caeli has fieri coronas intra quam uenti quoque esse solent superiora non habent coronas quia ne uentos quidem
12196,body,41,0,False,,"His argumentis et illud adice, numquam coronam colligi nisi stabili aere et pigro uento; aliter non solet aspici.",his argumentis et illud adice numquam coronam colligi nisi stabili aere et pigro uento aliter non solet aspici,his argumentis et illud adice numquam coronam colligi nisi stabili aere et pigro uento aliter non solet aspici
12196,body,41,1,True,,"Nam qui stat aer, impelli et diduci et in aliquam faciem fingi potest; is autem qui fluit ne feritur quidem lumine (non enim resistit nec formatur, quia prima quaeque pars eius dissipatur):",nam qui stat aer impelli et diduci et in aliquam faciem fingi potest is autem qui fluit ne feritur quidem lumine non enim resistit nec formatur quia prima quaeque pars eius dissipatur,nam qui stat aer impelli et diduci et in aliquam faciem fingi potest is autem qui fluit ne feritur quidem lumine non enim resistit nec formatur quia prima quaeque pars eius dissipatur
12196,body,42,0,False,,"numquam ergo ullum sidus talem sibi efligiem circumdabit, nisi cum aer erit densus atque immotus et ob hoc custodiens incidentem in se rotundi lineam luminis.",numquam ergo ullum sidus talem sibi efligiem circumdabit nisi cum aer erit densus atque immotus et ob hoc custodiens incidentem in se rotundi lineam luminis,numquam ergo ullum sidus talem sibi efligiem circumdabit nisi cum aer erit densus atque immotus et ob hoc custodiens incidentem in se rotundi lineam luminis
12196,body,42,1,False,,"Nec sine causa; repete enim exemplum, quod paulo ante' proposui: lapillus in piscinam aut lacum et alligatam aquam missus circulos facit innumerabiles; at hoc idem non faciet in flumine (quare?",nec sine causa repete enim exemplum quod paulo ante proposui lapillus in piscinam aut lacum et alligatam aquam missus circulos facit innumerabiles at hoc idem non faciet in flumine quare,nec sine causa repete enim exemplum quod paulo ante proposui lapillus in piscinam aut lacum et alligatam aquam missus circulos facit innumerabiles at hoc idem non faciet in flumine quare
12196,body,42,2,True,,"Quia omnem figuram fugiens aqua disturbat): idem ergo in aere euenit, ut ille, qui manet, possit figurari, at ille, qui rapitur et currit, non det sui potestatem et omnem ictum uenientemque formam ex eo turbet.",quia omnem figuram fugiens aqua disturbat idem ergo in aere euenit ut ille qui manet possit figurari at ille qui rapitur et currit non det sui potestatem et omnem ictum uenientemque formam ex eo turbet,quia omnem figuram fugiens aqua disturbat idem ergo in aere euenit ut ille qui manet possit figurari at ille qui rapitur et currit non det sui potestatem et omnem ictum uenientemque formam ex eo turbet
12196,body,43,0,True,,"Hae, de quibus dixi, coronae cum dilapsae sunt aequaliter et in semet ipsae euanuerunt, significatur quies aeris et otium et tranquillitas; cum ad unam partem cesserunt, illinc uentus est, unde finduntur; si ruptae pluribus locis surît, tempestas fit.",hae de quibus dixi coronae cum dilapsae sunt aequaliter et in semet ipsae euanuerunt significatur quies aeris et otium et tranquillitas cum ad unam partem cesserunt illinc uentus est unde finduntur si ruptae pluribus locis surît tempestas fit,hae de quibus dixi coronae cum dilapsae sunt aequaliter et in semet ipsae euanuerunt significatur quies aeris et otium et tranquillitas cum ad unam partem cesserunt illinc uentus est unde finduntur si ruptae pluribus locis surit tempestas fit
12196,body,44,0,False,,"Quare id accidat, ex his, quae iam exposui, intellegi potest.",quare id accidat ex his quae iam exposui intellegi potest,quare id accidat ex his quae iam exposui intellegi potest
12196,body,44,1,False,,"Nam si facies uniuersa subsedit, apparet temperatum esse aera, et sic placidum; si ab una parte intercisa est, apparet inde aera incumbere: et ideo illa regio uentum dabit.",nam si facies uniuersa subsedit apparet temperatum esse aera et sic placidum si ab una parte intercisa est apparet inde aera incumbere et ideo illa regio uentum dabit,nam si facies uniuersa subsedit apparet temperatum esse aera et sic placidum si ab una parte intercisa est apparet inde aera incumbere et ideo illa regio uentum dabit
12196,body,44,2,True,,"At cum undique lacerata et concerpta est, manifestum est a pluribus partibus in illam impetum fieri et inquietum aera hinc atque illinc assilire: itaque ex hac inconstantia caeli tam multa temptantis et undique laborantis apparet futura tempestas uentorum plurium.",at cum undique lacerata et concerpta est manifestum est a pluribus partibus in illam impetum fieri et inquietum aera hinc atque illinc assilire itaque ex hac inconstantia caeli tam multa temptantis et undique laborantis apparet futura tempestas uentorum plurium,at cum undique lacerata et concerpta est manifestum est a pluribus partibus in illam impetum fieri et inquietum aera hinc atque illinc assilire itaque ex hac inconstantia caeli tam multa temptantis et undique laborantis apparet futura tempestas uentorum plurium
12196,body,45,0,False,,"Hae coronae noctibus fere circa lunam et alias stellas notantur, interdiu raro, adeo ut quidam ex Graecis negauerint omnino eas fieri, cum illos historiae coarguant.",hae coronae noctibus fere circa lunam et alias stellas notantur interdiu raro adeo ut quidam ex graecis negauerint omnino eas fieri cum illos historiae coarguant,hae coronae noctibus fere circa lunam et alias stellas notantur interdiu raro adeo ut quidam ex graecis negauerint omnino eas fieri cum illos historiae coarguant
12196,body,45,1,True,,"Causa autem raritatis haec est, quod solis fortius lumen est et aer ipse agitatus ab illo calefactusque solutior: lunae inertior uis est ideoque facilius a circumposito aere sustinetur;",causa autem raritatis haec est quod solis fortius lumen est et aer ipse agitatus ab illo calefactusque solutior lunae inertior uis est ideoque facilius a circumposito aere sustinetur,causa autem raritatis haec est quod solis fortius lumen est et aer ipse agitatus ab illo calefactusque solutior lunae inertior uis est ideoque facilius a circumposito aere sustinetur
12196,body,46,0,False,,aeque cetera sidera infirma sunt nec perrumpere aera ui sua possunt: excipitur itaque illorum imago et in materia solidiore ac minus cedente seruatur.,aeque cetera sidera infirma sunt nec perrumpere aera ui sua possunt excipitur itaque illorum imago et in materia solidiore ac minus cedente seruatur,aeque cetera sidera infirma sunt nec perrumpere aera ui sua possunt excipitur itaque illorum imago et in materia solidiore ac minus cedente seruatur
12196,body,46,1,False,,"Debet enim aer nec tam spissus esse, ut excludat ac summoueat a se lumen immissum, nec tam tenuis aut solutus, ut nullam uenientibus radiis moram praebeat.",debet enim aer nec tam spissus esse ut excludat ac summoueat a se lumen immissum nec tam tenuis aut solutus ut nullam uenientibus radiis moram praebeat,debet enim aer nec tam spissus esse ut excludat ac summoueat a se lumen immissum nec tam tenuis aut solutus ut nullam uenientibus radiis moram praebeat
12196,body,46,2,True,,"Haec noctibus temperatura contingit, cum sidera circumiectum aera luce leni non pugnaciter nec aspere feriunt spissioremque, quam solet esse interdiu, inficiunt.",haec noctibus temperatura contingit cum sidera circumiectum aera luce leni non pugnaciter nec aspere feriunt spissioremque quam solet esse interdiu inficiunt,haec noctibus temperatura contingit cum sidera circumiectum aera luce leni non pugnaciter nec aspere feriunt spissioremque quam solet esse interdiu inficiunt
12196,head,47,0,True,,CAPUT 3,caput,caput
12196,body,48,0,False,,"At contra arcus nocte non fit aut admodum raro, quia luna non habet tantum uirium, ut nubes transeat et illis colorem suffundat, qualem accipiunt sole perstrictae.",at contra arcus nocte non fit aut admodum raro quia luna non habet tantum uirium ut nubes transeat et illis colorem suffundat qualem accipiunt sole perstrictae,at contra arcus nocte non fit aut admodum raro quia luna non habet tantum uirium ut nubes transeat et illis colorem suffundat qualem accipiunt sole perstrictae
12196,body,48,1,True,,"Sic enim formam arcus discoloris efficiunt: quia aliae partes in nubibus tumidiores sunt aliae summissiores, quaedam crassiores, quam ut solem transmittant, aliae imbecilliores, quam ut excludant, haec inaequalitas alternis lucem umbramque permiscet et exprimit illam mirabilem arcus uarietatem.",sic enim formam arcus discoloris efficiunt quia aliae partes in nubibus tumidiores sunt aliae summissiores quaedam crassiores quam ut solem transmittant aliae imbecilliores quam ut excludant haec inaequalitas alternis lucem umbramque permiscet et exprimit illam mirabilem arcus uarietatem,sic enim formam arcus discoloris efficiunt quia aliae partes in nubibus tumidiores sunt aliae summissiores quaedam crassiores quam ut solem transmittant aliae imbecilliores quam ut excludant haec inaequalitas alternis lucem umbramque permiscet et exprimit illam mirabilem arcus uarietatem
12196,body,49,0,False,,"Altera causa arcus eiusmodi redditur: uidemus, cum fistula aliquo loco rupta est, aquam per tenue foramen elidi, quae sparsa contra solem oblique positum faciem arcus repraesentat.",altera causa arcus eiusmodi redditur uidemus cum fistula aliquo loco rupta est aquam per tenue foramen elidi quae sparsa contra solem oblique positum faciem arcus repraesentat,altera causa arcus eiusmodi redditur uidemus cum fistula aliquo loco rupta est aquam per tenue foramen elidi quae sparsa contra solem oblique positum faciem arcus repraesentat
12196,body,49,1,True,,"Idem uidebis accidere, si quando uolueris obseruare fullonem: cum os aqua impleuit et uestimenta tendiculis diducta leuiter aspergit, apparet uarios edi colores in illo aere asperso, quales fulgere in arcu solent.",idem uidebis accidere si quando uolueris obseruare fullonem cum os aqua impleuit et uestimenta tendiculis diducta leuiter aspergit apparet uarios edi colores in illo aere asperso quales fulgere in arcu solent,idem uidebis accidere si quando uolueris obseruare fullonem cum os aqua impleuit et uestimenta tendiculis diducta leuiter aspergit apparet uarios edi colores in illo aere asperso quales fulgere in arcu solent
12196,body,50,0,False,,"Huius rei causam in umore esse ne dubitaueris (non fit enim umquam arcus nisi nubilo); sed quaeramus, quemadmodum fiat.",huius rei causam in umore esse ne dubitaueris non fit enim umquam arcus nisi nubilo sed quaeramus quemadmodum fiat,huius rei causam in umore esse ne dubitaueris non fit enim umquam arcus nisi nubilo sed quaeramus quemadmodum fiat
12196,body,50,1,True,,"Quidam aiunt esse aliqua stillicidia, quae solem transmittant, quaedam magis coacta, quam ut transluceant: itaque ab illis fulgorem reddi, ab his umbram, et sic utriusque intercursu effici arcum, in quo pars fulgeat, quae solem recipit, pars obscurior sit, quae exclusit et ex se umbram proximis fecit.",quidam aiunt esse aliqua stillicidia quae solem transmittant quaedam magis coacta quam ut transluceant itaque ab illis fulgorem reddi ab his umbram et sic utriusque intercursu effici arcum in quo pars fulgeat quae solem recipit pars obscurior sit quae exclusit et ex se umbram proximis fecit,quidam aiunt esse aliqua stillicidia quae solem transmittant quaedam magis coacta quam ut transluceant itaque ab illis fulgorem reddi ab his umbram et sic utriusque intercursu effici arcum in quo pars fulgeat quae solem recipit pars obscurior sit quae exclusit et ex se umbram proximis fecit
12196,body,51,0,False,,Hoc ita esse quidam negant.,hoc ita esse quidam negant,hoc ita esse quidam negant
12196,body,51,1,False,,"Poterat enim uerum uideri, si arcus duos tantum haberet colores, si ex lumine umbraque constaret: sed nunc, ""diuersi niteant cum mille colores, transitus ipse tamen spectantia lumina fallit: usque adeo quod tangit idem est, tamen ultima distant'.",poterat enim uerum uideri si arcus duos tantum haberet colores si ex lumine umbraque constaret sed nunc diuersi niteant cum mille colores transitus ipse tamen spectantia lumina fallit usque adeo quod tangit idem est tamen ultima distant,poterat enim uerum uideri si arcus duos tantum haberet colores si ex lumine umbraque constaret sed nunc diuersi niteant cum mille colores transitus ipse tamen spectantia lumina fallit usque adeo quod tangit idem est tamen ultima distant
12196,body,51,2,False,,"Videmus in eo aliquid flammei aliquid lutei aliquid caerulei et alia in picturae modum subtilibus lineis ducta, [ut ait poeta,] an dissimiles colores sint, scire non possis, nisi cum primis extrema contuleris: nam commissura decipit, usque eo mira arte naturae; quod a simillimo coepit, in dissimillimo desinit.",videmus in eo aliquid flammei aliquid lutei aliquid caerulei et alia in picturae modum subtilibus lineis ducta ut ait poeta an dissimiles colores sint scire non possis nisi cum primis extrema contuleris nam commissura decipit usque eo mira arte naturae quod a simillimo coepit in dissimillimo desinit,uidemus in eo aliquid flammei aliquid lutei aliquid caerulei et alia in picturae modum subtilibus lineis ducta ut ait poeta an dissimiles colores sint scire non possis nisi cum primis extrema contuleris nam commissura decipit usque eo mira arte naturae quod a simillimo coepit in dissimillimo desinit
12196,body,51,3,True,,"Quid ergo istic duo colores faciunt lucis atque umbrae, cum innumerabilium ratio reddenda sit?",quid ergo istic duo colores faciunt lucis atque umbrae cum innumerabilium ratio reddenda sit,quid ergo istic duo colores faciunt lucis atque umbrae cum innumerabilium ratio reddenda sit
12196,body,52,0,True,,"Quidam ita existimant arcum fieri: in ea parte, in qua iam pluit, singula stillicidia pluuiae cadentis singula esse specula, a singulis ergo reddi imaginem solis; deinde multas imagines, immo innumerabiles, et deuexas et in praeceps euntes confundi: itaque arcum esse multarum solis imaginum confusionem.",quidam ita existimant arcum fieri in ea parte in qua iam pluit singula stillicidia pluuiae cadentis singula esse specula a singulis ergo reddi imaginem solis deinde multas imagines immo innumerabiles et deuexas et in praeceps euntes confundi itaque arcum esse multarum solis imaginum confusionem,quidam ita existimant arcum fieri in ea parte in qua iam pluit singula stillicidia pluuiae cadentis singula esse specula a singulis ergo reddi imaginem solis deinde multas imagines immo innumerabiles et deuexas et in praeceps euntes confundi itaque arcum esse multarum solis imaginum confusionem
12196,body,53,0,False,,"Hoc sic colligunt: pelues, inquiunt, mille sereno die porte, omnes habebunt imagines solis; in singulis foliis dispone guttas, singulae habebunt imaginem solis.",hoc sic colligunt pelues inquiunt mille sereno die porte omnes habebunt imagines solis in singulis foliis dispone guttas singulae habebunt imaginem solis,hoc sic colligunt pelues inquiunt mille sereno die porte omnes habebunt imagines solis in singulis foliis dispone guttas singulae habebunt imaginem solis
12196,body,53,1,False,,At contra ingens stagnum non amplius habebit quam unam imaginem. Quare?,at contra ingens stagnum non amplius habebit quam unam imaginem quare,at contra ingens stagnum non amplius habebit quam unam imaginem quare
12196,body,53,2,False,,Quia omnis circumscripta leuitas et circumdata suis finibus speculum est.,quia omnis circumscripta leuitas et circumdata suis finibus speculum est,quia omnis circumscripta leuitas et circumdata suis finibus speculum est
12196,body,53,3,False,,"Itaque piscinam ingentis magnitudinis insertis parietibus diuide, totidem illa habebit imagines solis, quot lacus habuerit; relinque illam sic ut est: diffusa semel tibi imaginem reddet.",itaque piscinam ingentis magnitudinis insertis parietibus diuide totidem illa habebit imagines solis quot lacus habuerit relinque illam sic ut est diffusa semel tibi imaginem reddet,itaque piscinam ingentis magnitudinis insertis parietibus diuide totidem illa habebit imagines solis quot lacus habuerit relinque illam sic ut est diffusa semel tibi imaginem reddet
12196,body,53,4,False,,"Nihil refert, quam exiguus sit umor aut lacus: si determinatus est, speculum est.",nihil refert quam exiguus sit umor aut lacus si determinatus est speculum est,nihil refert quam exiguus sit umor aut lacus si determinatus est speculum est
12196,body,53,5,True,,"Ergo stillicidia illa infinita, quae imber cadens defert, totidem specula sunt, totidem solis facies habent; hae contra intuenti perturbatae apparent, nec dispiciuntur interualla, quibus singulae distant, spatio prohibente discerni; unde pro singulis apparet una facies turbida ex omnibus.",ergo stillicidia illa infinita quae imber cadens defert totidem specula sunt totidem solis facies habent hae contra intuenti perturbatae apparent nec dispiciuntur interualla quibus singulae distant spatio prohibente discerni unde pro singulis apparet una facies turbida ex omnibus,ergo stillicidia illa infinita quae imber cadens defert totidem specula sunt totidem solis facies habent hae contra intuenti perturbatae apparent nec dispiciuntur interualla quibus singulae distant spatio prohibente discerni unde pro singulis apparet una facies turbida ex omnibus
12196,body,54,0,False,,"Aristoteles idem iudicat: Ab omni, inquit, leuitate acies radios suos replicat; nihil autem est leuius aqua et aere: ergo etiam ab aere spisso uisus noster in nos redit.",aristoteles idem iudicat ab omni inquit leuitate acies radios suos replicat nihil autem est leuius aqua et aere ergo etiam ab aere spisso uisus noster in nos redit,aristoteles idem iudicat ab omni inquit leuitate acies radios suos replicat nihil autem est leuius aqua et aere ergo etiam ab aere spisso uisus noster in nos redit
12196,body,54,1,False,,"Ubi uero acies hebes et infirma est, qualislibet aeris ictu deficiet.",ubi uero acies hebes et infirma est qualislibet aeris ictu deficiet,ubi uero acies hebes et infirma est qualislibet aeris ictu deficiet
12196,body,54,2,False,,"Quidam itaque hoc genere ualetudinis laborant, ut ipsi sibi uideantur occurrere, ut ubique imaginem suam cernant. Quare?",quidam itaque hoc genere ualetudinis laborant ut ipsi sibi uideantur occurrere ut ubique imaginem suam cernant quare,quidam itaque hoc genere ualetudinis laborant ut ipsi sibi uideantur occurrere ut ubique imaginem suam cernant quare
12196,body,54,3,True,,Quia infirma uis oculorum non potest perrumpere ne sibi quidem proximum aera sed resilit.,quia infirma uis oculorum non potest perrumpere ne sibi quidem proximum aera sed resilit,quia infirma uis oculorum non potest perrumpere ne sibi quidem proximum aera sed resilit
12196,body,55,0,False,,"Itaque quod in aliis efficit densus aer, in his facit omnis; satis enim ualet qualiscumque ad imbecillam aciem repellendam.",itaque quod in aliis efficit densus aer in his facit omnis satis enim ualet qualiscumque ad imbecillam aciem repellendam,itaque quod in aliis efficit densus aer in his facit omnis satis enim ualet qualiscumque ad imbecillam aciem repellendam
12196,body,55,1,False,,"Longe autem magis uisum nobis nostrum remittit aqua, quia crassior est et peruinci non potest, sed radios luminum nostrorum moratur et eo, unde exierunt, reflectit.",longe autem magis uisum nobis nostrum remittit aqua quia crassior est et peruinci non potest sed radios luminum nostrorum moratur et eo unde exierunt reflectit,longe autem magis uisum nobis nostrum remittit aqua quia crassior est et peruinci non potest sed radios luminum nostrorum moratur et eo unde exierunt reflectit
12196,body,55,2,False,,"Ergo cum multa stillicidia sint, totidem specula sunt; sed quia parua sunt, solis colorem sine figura exprimunt.",ergo cum multa stillicidia sint totidem specula sunt sed quia parua sunt solis colorem sine figura exprimunt,ergo cum multa stillicidia sint totidem specula sunt sed quia parua sunt solis colorem sine figura exprimunt
12196,body,55,3,True,,"Deinde cum in stillicidiis innumerabilibus et sine interuallo cadentibus reddatur idem color, incipit facies esse non multarum imaginum et intermissarum, sed unius longae atque continuae.",deinde cum in stillicidiis innumerabilibus et sine interuallo cadentibus reddatur idem color incipit facies esse non multarum imaginum et intermissarum sed unius longae atque continuae,deinde cum in stillicidiis innumerabilibus et sine interuallo cadentibus reddatur idem color incipit facies esse non multarum imaginum et intermissarum sed unius longae atque continuae
12196,body,56,0,False,,"""Quomodo"", inquis, ""tu mihi multa milia imaginum istic esse dicis, ubi ego nullam uideo?",quomodo inquis tu mihi multa milia imaginum istic esse dicis ubi ego nullam uideo,quomodo inquis tu mihi multa milia imaginum istic esse dicis ubi ego nullam uideo
12196,body,56,1,False,,"Et quare, cum solis color unus sit, imaginum diuersus est?",et quare cum solis color unus sit imaginum diuersus est,et quare cum solis color unus sit imaginum diuersus est
12196,body,56,2,True,,""" Ut et haec, quae proposuisti, refellam et alia, quae non minus refellenda sunt, illud dicam oportet: nihil esse acie nostra fallacius non tantum in his, a quibus subtiliter peruidendis illam locorum diuersitas submouet, sed etiam in his quoque, quae ad manum cernit: remus tenui aqua tegitur et fracti speciem reddit; poma per uitrum aspicientibus multo maiora sunt; columnarum interualla porticus longior iungit.",ut et haec quae proposuisti refellam et alia quae non minus refellenda sunt illud dicam oportet nihil esse acie nostra fallacius non tantum in his a quibus subtiliter peruidendis illam locorum diuersitas submouet sed etiam in his quoque quae ad manum cernit remus tenui aqua tegitur et fracti speciem reddit poma per uitrum aspicientibus multo maiora sunt columnarum interualla porticus longior iungit,ut et haec quae proposuisti refellam et alia quae non minus refellenda sunt illud dicam oportet nihil esse acie nostra fallacius non tantum in his a quibus subtiliter peruidendis illam locorum diuersitas submouet sed etiam in his quoque quae ad manum cernit remus tenui aqua tegitur et fracti speciem reddit poma per uitrum aspicientibus multo maiora sunt columnarum interualla porticus longior iungit
12196,body,57,0,False,,"Ad ipsum solem reuertere: hunc, quem toto terrarum orbe maiorem probat ratio, acies nostra sic contraxit, ut sapientes uiri pedalem esse contenderent; quem uelocissimum omnium scimus, nemo nostrum moueri uidet, nec ire crederemus, nisi appareret isse.",ad ipsum solem reuertere hunc quem toto terrarum orbe maiorem probat ratio acies nostra sic contraxit ut sapientes uiri pedalem esse contenderent quem uelocissimum omnium scimus nemo nostrum moueri uidet nec ire crederemus nisi appareret isse,ad ipsum solem reuertere hunc quem toto terrarum orbe maiorem probat ratio acies nostra sic contraxit ut sapientes uiri pedalem esse contenderent quem uelocissimum omnium scimus nemo nostrum moueri uidet nec ire crederemus nisi appareret isse
12196,body,57,1,False,,Mundum ipsum praecipiti uelocitate labentem et ortus occasusque intra momentum temporis reuoluentem nemo nostrum sentit procedere.,mundum ipsum praecipiti uelocitate labentem et ortus occasusque intra momentum temporis reuoluentem nemo nostrum sentit procedere,mundum ipsum praecipiti uelocitate labentem et ortus occasusque intra momentum temporis reuoluentem nemo nostrum sentit procedere
12196,body,57,2,True,,"Quid ergo miraris, si oculi nostri imbrium stillicidia non separant et ex ingenti spatio intuentibus minutarum imaginum discrimen interit?",quid ergo miraris si oculi nostri imbrium stillicidia non separant et ex ingenti spatio intuentibus minutarum imaginum discrimen interit,quid ergo miraris si oculi nostri imbrium stillicidia non separant et ex ingenti spatio intuentibus minutarum imaginum discrimen interit
12196,body,58,0,False,,"Illud dubium esse nulli potest, quin arcus imago solis sit roscida et caua nube concepta.",illud dubium esse nulli potest quin arcus imago solis sit roscida et caua nube concepta,illud dubium esse nulli potest quin arcus imago solis sit roscida et caua nube concepta
12196,body,58,1,False,,"Quod ex hoc tibi appareat: numquam non aduersa soli est, sublimis aut humilis, prout ille se submisit aut sustulit, in contrarium mota; illo enim descendente altior est, alto depressior.",quod ex hoc tibi appareat numquam non aduersa soli est sublimis aut humilis prout ille se submisit aut sustulit in contrarium mota illo enim descendente altior est alto depressior,quod ex hoc tibi appareat numquam non aduersa soli est sublimis aut humilis prout ille se submisit aut sustulit in contrarium mota illo enim descendente altior est alto depressior
12196,body,58,2,True,,"Saepe talis nubes a latere solis est nec arcum efficit, quia non ex recto imaginem trahit.",saepe talis nubes a latere solis est nec arcum efficit quia non ex recto imaginem trahit,saepe talis nubes a latere solis est nec arcum efficit quia non ex recto imaginem trahit
12196,body,59,0,False,,"Varietas autem non ob aliam causam fit, quam quia pars coloris sole est, pars a nube: in illa umor modo caeruleas lineas modo uirides modo purpurae similes et luteas aut igneas ducit, duobus coloribus hanc uarietatem efficientibus, remisso et intento.",varietas autem non ob aliam causam fit quam quia pars coloris sole est pars a nube in illa umor modo caeruleas lineas modo uirides modo purpurae similes et luteas aut igneas ducit duobus coloribus hanc uarietatem efficientibus remisso et intento,uarietas autem non ob aliam causam fit quam quia pars coloris sole est pars a nube in illa umor modo caeruleas lineas modo uirides modo purpurae similes et luteas aut igneas ducit duobus coloribus hanc uarietatem efficientibus remisso et intento
12196,body,59,1,True,,"Sic enim et purpura eodem conchylio non in unum modum exit: interest, quamdiu macerata sit, crassius medicamentum an aquatius traxerit, saepius mersa sit et excocta an semel tincta.",sic enim et purpura eodem conchylio non in unum modum exit interest quamdiu macerata sit crassius medicamentum an aquatius traxerit saepius mersa sit et excocta an semel tincta,sic enim et purpura eodem conchylio non in unum modum exit interest quamdiu macerata sit crassius medicamentum an aquatius traxerit saepius mersa sit et excocta an semel tincta
12196,body,60,0,True,,"Non est ergo mirum si, cum duae res sint, sol et nubes, id est corpus et speculum, tam multa genera colorum exprimuntur, quam multis generibus possunt ista incitari aut relanguescere: alius est enim color ex igneo lumine, alius ex obtunso et leniore.",non est ergo mirum si cum duae res sint sol et nubes id est corpus et speculum tam multa genera colorum exprimuntur quam multis generibus possunt ista incitari aut relanguescere alius est enim color ex igneo lumine alius ex obtunso et leniore,non est ergo mirum si cum duae res sint sol et nubes id est corpus et speculum tam multa genera colorum exprimuntur quam multis generibus possunt ista incitari aut relanguescere alius est enim color ex igneo lumine alius ex obtunso et leniore
12196,body,61,0,True,,"In aliis rebus uaga inquisitio est, ubi non habemus, quod manu tenere possimus, et late coniectura mittenda est; hic apparet duas causas esse arcus, solem nubemque, quia nec sereno umquam fit nec nubilo ita, ut sol lateat: ergo utique ex his est, quorum sine altero non est.",in aliis rebus uaga inquisitio est ubi non habemus quod manu tenere possimus et late coniectura mittenda est hic apparet duas causas esse arcus solem nubemque quia nec sereno umquam fit nec nubilo ita ut sol lateat ergo utique ex his est quorum sine altero non est,in aliis rebus uaga inquisitio est ubi non habemus quod manu tenere possimus et late coniectura mittenda est hic apparet duas causas esse arcus solem nubemque quia nec sereno umquam fit nec nubilo ita ut sol lateat ergo utique ex his est quorum sine altero non est
12196,head,62,0,True,,CAPUT 4,caput,caput
12196,body,63,0,False,,"iamnunc illud accedit, quod aeque manifestum est, speculi ratione imaginem reddi, quia numquam nisi e contrario redditur, id est nisi ex altera parte stetit quod appareret, ex altera quod ostenderet.",iamnunc illud accedit quod aeque manifestum est speculi ratione imaginem reddi quia numquam nisi e contrario redditur id est nisi ex altera parte stetit quod appareret ex altera quod ostenderet,iamnunc illud accedit quod aeque manifestum est speculi ratione imaginem reddi quia numquam nisi e contrario redditur id est nisi ex altera parte stetit quod appareret ex altera quod ostenderet
12196,body,63,1,True,,"Rationes, quae non persuadent sed cogunt, a geometris aferuntur, nec dubium cuiquam relinquitur, quin arcus imago solis sit male expressi ob uitium figuramque speculi: nos interim temptemus alias probationes, quae de plano legi possint.",rationes quae non persuadent sed cogunt a geometris aferuntur nec dubium cuiquam relinquitur quin arcus imago solis sit male expressi ob uitium figuramque speculi nos interim temptemus alias probationes quae de plano legi possint,rationes quae non persuadent sed cogunt a geometris aferuntur nec dubium cuiquam relinquitur quin arcus imago solis sit male expressi ob uitium figuramque speculi nos interim temptemus alias probationes quae de plano legi possint
12196,body,64,0,False,,"Inter argumenta sic nascentis arcus pono, quod celerrime nascitur.",inter argumenta sic nascentis arcus pono quod celerrime nascitur,inter argumenta sic nascentis arcus pono quod celerrime nascitur
12196,body,64,1,True,,Ingens enim uariumque corpus intra momentum subtexitur caelo et aeque celeriter aboletur; nihil autem tam cito redditur quam a speculo imago; non enim facit quicquam sed ostendit.,ingens enim uariumque corpus intra momentum subtexitur caelo et aeque celeriter aboletur nihil autem tam cito redditur quam a speculo imago non enim facit quicquam sed ostendit,ingens enim uariumque corpus intra momentum subtexitur caelo et aeque celeriter aboletur nihil autem tam cito redditur quam a speculo imago non enim facit quicquam sed ostendit
12196,body,65,0,True,,"Parianus Artemidorus adicit etiam, quale genus nubis esse debeat, quod talem solis imaginem reddit: Si speculum, inquit, concauum feceris, quod sit sectae pilae pars, si extra medium constiteris, quicumque iuxta te steterint, inuersi tibi uidebuntur et propiores a te quam a speculo;",parianus artemidorus adicit etiam quale genus nubis esse debeat quod talem solis imaginem reddit si speculum inquit concauum feceris quod sit sectae pilae pars si extra medium constiteris quicumque iuxta te steterint inuersi tibi uidebuntur et propiores a te quam a speculo,parianus artemidorus adicit etiam quale genus nubis esse debeat quod talem solis imaginem reddit si speculum inquit concauum feceris quod sit sectae pilae pars si extra medium constiteris quicumque iuxta te steterint inuersi tibi uidebuntur et propiores a te quam a speculo
12196,body,66,0,False,,"idem, inquit, euenit, cum rotundam et cauam nubem intuemur a latere, ut solis imago a nube discedat propiorque nobis sit et in nos magis conuersa.",idem inquit euenit cum rotundam et cauam nubem intuemur a latere ut solis imago a nube discedat propiorque nobis sit et in nos magis conuersa,idem inquit euenit cum rotundam et cauam nubem intuemur a latere ut solis imago a nube discedat propiorque nobis sit et in nos magis conuersa
12196,body,66,1,True,,"Color illi igneus a sole est, caeruleus a nube, ceteri utriusque mixturae.",color illi igneus a sole est caeruleus a nube ceteri utriusque mixturae,color illi igneus a sole est caeruleus a nube ceteri utriusque mixturae
12196,head,67,0,True,,CAPUT 5,caput,caput
12196,body,68,0,False,,Contra haec illa dicuntur.,contra haec illa dicuntur,contra haec illa dicuntur
12196,body,68,1,False,,"De speculis duae opiniones sunt: alii enim in illis simulacra cerni putant, id est corporum nostrorum figuras a nostris corporibus emissas ac separatas; alii non aiunt imagines in speculo sed ipsa aspici corpora retorta oculorum acie et in se rursus reflexa.",de speculis duae opiniones sunt alii enim in illis simulacra cerni putant id est corporum nostrorum figuras a nostris corporibus emissas ac separatas alii non aiunt imagines in speculo sed ipsa aspici corpora retorta oculorum acie et in se rursus reflexa,de speculis duae opiniones sunt alii enim in illis simulacra cerni putant id est corporum nostrorum figuras a nostris corporibus emissas ac separatas alii non aiunt imagines in speculo sed ipsa aspici corpora retorta oculorum acie et in se rursus reflexa
12196,body,68,2,True,,"Nunc nihil ad rem pertinet, quomodo uideamus quodcumque uidemus;",nunc nihil ad rem pertinet quomodo uideamus quodcumque uidemus,nunc nihil ad rem pertinet quomodo uideamus quodcumque uidemus
12196,body,69,0,False,,"sed, quae modo imago, similis reddi debet e speculo.",sed quae modo imago similis reddi debet e speculo,sed quae modo imago similis reddi debet e speculo
12196,body,69,1,False,,"Quid autem est tam dissimile quam sol et arcus, in quo neque figura solis neque color neque magnitudo apparet?",quid autem est tam dissimile quam sol et arcus in quo neque figura solis neque color neque magnitudo apparet,quid autem est tam dissimile quam sol et arcus in quo neque figura solis neque color neque magnitudo apparet
12196,body,69,2,True,,"Arcus longe amplior est longeque ea parte, qua fulget, rubicundior quam sol, ceteris uero coloribus diuersus.",arcus longe amplior est longeque ea parte qua fulget rubicundior quam sol ceteris uero coloribus diuersus,arcus longe amplior est longeque ea parte qua fulget rubicundior quam sol ceteris uero coloribus diuersus
12196,body,70,0,False,,"Deinde cum uelis speculum inesse aeri, des oportet mihi eandem leuitatem corporis, eandem aequalitatem, eandem nitorem.",deinde cum uelis speculum inesse aeri des oportet mihi eandem leuitatem corporis eandem aequalitatem eandem nitorem,deinde cum uelis speculum inesse aeri des oportet mihi eandem leuitatem corporis eandem aequalitatem eandem nitorem
12196,body,70,1,True,,"Atqui nullae nubes habent similitudinem speculi: per medias saepe transimus nec in illis nos cernimus; qui montium summa conscendunt, despectant nubem nec tamen imaginem in illa suam aspiciunt.",atqui nullae nubes habent similitudinem speculi per medias saepe transimus nec in illis nos cernimus qui montium summa conscendunt despectant nubem nec tamen imaginem in illa suam aspiciunt,atqui nullae nubes habent similitudinem speculi per medias saepe transimus nec in illis nos cernimus qui montium summa conscendunt despectant nubem nec tamen imaginem in illa suam aspiciunt
12196,body,71,0,False,,"""Singula stillicidia singula specula sunt"".",singula stillicidia singula specula sunt,singula stillicidia singula specula sunt
12196,body,71,1,False,,"Concedo; sed illud nego, ex stillicidiis constare nubem.",concedo sed illud nego ex stillicidiis constare nubem,concedo sed illud nego ex stillicidiis constare nubem
12196,body,71,2,True,,"Habet enim quaedam, ex quibus fieri stillicidia possint, non ipsa; ne aquam quidem habent nubes sed materiam futurae aquae.",habet enim quaedam ex quibus fieri stillicidia possint non ipsa ne aquam quidem habent nubes sed materiam futurae aquae,habet enim quaedam ex quibus fieri stillicidia possint non ipsa ne aquam quidem habent nubes sed materiam futurae aquae
12196,body,72,0,False,,"Concedamus tibi et guttas innumerabiles nubibus inesse et illas faciem reddere: non tamen unam omnes reddunt, sed singulae singulas.",concedamus tibi et guttas innumerabiles nubibus inesse et illas faciem reddere non tamen unam omnes reddunt sed singulae singulas,concedamus tibi et guttas innumerabiles nubibus inesse et illas faciem reddere non tamen unam omnes reddunt sed singulae singulas
12196,body,72,1,False,,"Deinde inter se specula coniunge: in unam imaginem non coibunt, sed unumquodque in se similitudinem uisae rei claudet.",deinde inter se specula coniunge in unam imaginem non coibunt sed unumquodque in se similitudinem uisae rei claudet,deinde inter se specula coniunge in unam imaginem non coibunt sed unumquodque in se similitudinem uisae rei claudet
12196,body,72,2,True,,"Sunt quaedam specula ex multis minutisque composita, quibus si unum ostenderis hominem, populus apparet unaquaque particula faciem suam exprimente; haec cum sint coniuncta et simul collocata, nihilominus seducunt imagines suas et ex uno quidem turbam efficiunt, ceterum cateruam illam non confundunt sed diremptam in facies singulas distrahunt: arcus auteur uno circumscriptus est ductu, una totius est facies.",sunt quaedam specula ex multis minutisque composita quibus si unum ostenderis hominem populus apparet unaquaque particula faciem suam exprimente haec cum sint coniuncta et simul collocata nihilominus seducunt imagines suas et ex uno quidem turbam efficiunt ceterum cateruam illam non confundunt sed diremptam in facies singulas distrahunt arcus auteur uno circumscriptus est ductu una totius est facies,sunt quaedam specula ex multis minutisque composita quibus si unum ostenderis hominem populus apparet unaquaque particula faciem suam exprimente haec cum sint coniuncta et simul collocata nihilominus seducunt imagines suas et ex uno quidem turbam efficiunt ceterum cateruam illam non confundunt sed diremptam in facies singulas distrahunt arcus auteur uno circumscriptus est ductu una totius est facies
12196,body,73,0,False,,Quid ergo?,quid ergo,quid ergo
12196,body,73,1,False,,", inquit.",inquit,inquit
12196,body,73,2,False,,"Non et aqua rupta fistula sparsa et remo excussa habere quiddam simile his, quos uidemus in arcu, coloribus solet?",non et aqua rupta fistula sparsa et remo excussa habere quiddam simile his quos uidemus in arcu coloribus solet,non et aqua rupta fistula sparsa et remo excussa habere quiddam simile his quos uidemus in arcu coloribus solet
12196,body,73,3,False,,"Verum est, sed non ex hac causa, ex qua tu uideri uis, quia unaquaeque stilla recipiat imaginem solis.",verum est sed non ex hac causa ex qua tu uideri uis quia unaquaeque stilla recipiat imaginem solis,uerum est sed non ex hac causa ex qua tu uideri uis quia unaquaeque stilla recipiat imaginem solis
12196,body,73,4,False,,"Citius enim cadunt stillae, quam ut concipere imagines possint: standum est, ut id, quod imitantur, excipiant.",citius enim cadunt stillae quam ut concipere imagines possint standum est ut id quod imitantur excipiant,citius enim cadunt stillae quam ut concipere imagines possint standum est ut id quod imitantur excipiant
12196,body,73,5,False,,Quid ergo fit?,quid ergo fit,quid ergo fit
12196,body,73,6,False,,"Colorem, non imaginem ducunt.",colorem non imaginem ducunt,colorem non imaginem ducunt
12196,body,73,7,True,,"Alioquin, ut ait Nero Caesar disertissime, ""colla Cytheriacae splendent agitata columbae"" et uariis coloribus pauonum ceruix, quotiens aliquo deflectitur, nitet: numquid ergo dicemus specula eiusmodi plumas, quarum omnis inclinatio in colores nouos transit?",alioquin ut ait nero caesar disertissime colla cytheriacae splendent agitata columbae et uariis coloribus pauonum ceruix quotiens aliquo deflectitur nitet numquid ergo dicemus specula eiusmodi plumas quarum omnis inclinatio in colores nouos transit,alioquin ut ait nero caesar disertissime colla cytheriacae splendent agitata columbae et uariis coloribus pauonum ceruix quotiens aliquo deflectitur nitet numquid ergo dicemus specula eiusmodi plumas quarum omnis inclinatio in colores nouos transit
12196,body,74,0,True,,"Non minus nubes diuersam naturam speculis habent quam aues, quas rettuli, et chamaeleontes, et reliqua animalia, quorum color aut ex ipsis mutatur, cum ira uel cupidine incensa cutem suam uariant umore suffuso, aut positione lucis, quam prout rectam uel obliquam receperunt, ita colorantur.",non minus nubes diuersam naturam speculis habent quam aues quas rettuli et chamaeleontes et reliqua animalia quorum color aut ex ipsis mutatur cum ira uel cupidine incensa cutem suam uariant umore suffuso aut positione lucis quam prout rectam uel obliquam receperunt ita colorantur,non minus nubes diuersam naturam speculis habent quam aues quas rettuli et chamaeleontes et reliqua animalia quorum color aut ex ipsis mutatur cum ira uel cupidine incensa cutem suam uariant umore suffuso aut positione lucis quam prout rectam uel obliquam receperunt ita colorantur
12196,body,75,0,False,,"Quid enim simile speculis habent nubes, cum illa non perluceant, hae transmittant lucem, illa densa et coacta, hae rarae sint; illa eiusdem materiae tota, hae e diuersis temere compositae et ob hoc discordes nec diu cohaesurae?",quid enim simile speculis habent nubes cum illa non perluceant hae transmittant lucem illa densa et coacta hae rarae sint illa eiusdem materiae tota hae e diuersis temere compositae et ob hoc discordes nec diu cohaesurae,quid enim simile speculis habent nubes cum illa non perluceant hae transmittant lucem illa densa et coacta hae rarae sint illa eiusdem materiae tota hae e diuersis temere compositae et ob hoc discordes nec diu cohaesurae
12196,body,75,1,True,,"Praeterea uidemus ortu solis partem quandam caeli rubere, uidemus nubes aliquando ignei coloris: quid ergo prohibet, quomodo hunc unum colorem accipiunt solis occursu, sic multos ab illis trahi, quamuis non habeant speculi potentiam?",praeterea uidemus ortu solis partem quandam caeli rubere uidemus nubes aliquando ignei coloris quid ergo prohibet quomodo hunc unum colorem accipiunt solis occursu sic multos ab illis trahi quamuis non habeant speculi potentiam,praeterea uidemus ortu solis partem quandam caeli rubere uidemus nubes aliquando ignei coloris quid ergo prohibet quomodo hunc unum colorem accipiunt solis occursu sic multos ab illis trahi quamuis non habeant speculi potentiam
12196,body,76,0,False,,"Modo, inquit, inter argumenta ponebas semper arcum contra solem excitari, quia ne a speculo quidem imago redderetur nisi aduerso.",modo inquit inter argumenta ponebas semper arcum contra solem excitari quia ne a speculo quidem imago redderetur nisi aduerso,modo inquit inter argumenta ponebas semper arcum contra solem excitari quia ne a speculo quidem imago redderetur nisi aduerso
12196,body,76,1,True,,"Hoc, inquit, commune nobis est: nam quemadmodum opponendum est speculo id, cuius in se imaginem transferat, sic, ut nubes infici possint, ita sol ad hoc apte ponendus est; non enim idem facit, undecumque effulsit, et ad hoc opus est radiorum idoneus ictus.",hoc inquit commune nobis est nam quemadmodum opponendum est speculo id cuius in se imaginem transferat sic ut nubes infici possint ita sol ad hoc apte ponendus est non enim idem facit undecumque effulsit et ad hoc opus est radiorum idoneus ictus,hoc inquit commune nobis est nam quemadmodum opponendum est speculo id cuius in se imaginem transferat sic ut nubes infici possint ita sol ad hoc apte ponendus est non enim idem facit undecumque effulsit et ad hoc opus est radiorum idoneus ictus
12196,body,77,0,False,,"Haec dicuntur ab his, qui uideri uolunt nubem colorari.",haec dicuntur ab his qui uideri uolunt nubem colorari,haec dicuntur ab his qui uideri uolunt nubem colorari
12196,body,77,1,True,,"Posidoniu et hi, qui speculari ratione talem effici iudicant uisum, hoc respondent: ""Si ullus esset in arcu color, permaneret et uiseretur eo manifestius, quo propius: nunc imago arcus, ex longinquo clara, interit, cum ex uicino uentum est. """,posidoniu et hi qui speculari ratione talem effici iudicant uisum hoc respondent si ullus esset in arcu color permaneret et uiseretur eo manifestius quo propius nunc imago arcus ex longinquo clara interit cum ex uicino uentum est,posidoniu et hi qui speculari ratione talem effici iudicant uisum hoc respondent si ullus esset in arcu color permaneret et uiseretur eo manifestius quo propius nunc imago arcus ex longinquo clara interit cum ex uicino uentum est
12196,body,78,0,False,,"Huic contradictioni non consentio, cum ipsam sententiam probem. Quare?",huic contradictioni non consentio cum ipsam sententiam probem quare,huic contradictioni non consentio cum ipsam sententiam probem quare
12196,body,78,1,False,,"Dicam: quia coloratur quidem nubes, sed ita, ut color eius non undique appareat (nam ne ipsa quidem undique apparet; nubem enim nemo, qui in ipsa est, uidet): quid ergo mirum, si color eius non uidetur ab eo, a quo ipsa non uisitur?",dicam quia coloratur quidem nubes sed ita ut color eius non undique appareat nam ne ipsa quidem undique apparet nubem enim nemo qui in ipsa est uidet quid ergo mirum si color eius non uidetur ab eo a quo ipsa non uisitur,dicam quia coloratur quidem nubes sed ita ut color eius non undique appareat nam ne ipsa quidem undique apparet nubem enim nemo qui in ipsa est uidet quid ergo mirum si color eius non uidetur ab eo a quo ipsa non uisitur
12196,body,78,2,False,,"Atqui ipsa, quamuis non uideatur, est: ergo et color.",atqui ipsa quamuis non uideatur est ergo et color,atqui ipsa quamuis non uideatur est ergo et color
12196,body,78,3,False,,"Ita non est argumentum falsi coloris, quod apparere accedentibus desinit.",ita non est argumentum falsi coloris quod apparere accedentibus desinit,ita non est argumentum falsi coloris quod apparere accedentibus desinit
12196,body,78,4,True,,"Idem enim in ipsis euenit nubibus, nec ideo falsae sunt, quia non uidentur.",idem enim in ipsis euenit nubibus nec ideo falsae sunt quia non uidentur,idem enim in ipsis euenit nubibus nec ideo falsae sunt quia non uidentur
12196,body,79,0,False,,"""Praeterea, cum dicitur tibi nubem sole suffectam, non dicitur tibi colorem illum inustum esse uelut duro corpori et stabili ac manenti, sed ut fluido et uago et nihil amplius quam breuem speciem recipienti.",praeterea cum dicitur tibi nubem sole suffectam non dicitur tibi colorem illum inustum esse uelut duro corpori et stabili ac manenti sed ut fluido et uago et nihil amplius quam breuem speciem recipienti,praeterea cum dicitur tibi nubem sole suffectam non dicitur tibi colorem illum inustum esse uelut duro corpori et stabili ac manenti sed ut fluido et uago et nihil amplius quam breuem speciem recipienti
12196,body,79,1,False,,"Sunt etiam quidam colores, qui ex interuallo uim suam ostendunt: purpuram Tyriam, quo melior est saturiorque, eo altius oportet teneas, ut fulgorem suum intendat.",sunt etiam quidam colores qui ex interuallo uim suam ostendunt purpuram tyriam quo melior est saturiorque eo altius oportet teneas ut fulgorem suum intendat,sunt etiam quidam colores qui ex interuallo uim suam ostendunt purpuram tyriam quo melior est saturiorque eo altius oportet teneas ut fulgorem suum intendat
12196,body,79,2,True,,"Non tamen ideo non habet colorem illa, quia, quem optimum habet, non quomodocumque explicatur ostendit. """,non tamen ideo non habet colorem illa quia quem optimum habet non quomodocumque explicatur ostendit,non tamen ideo non habet colorem illa quia quem optimum habet non quomodocumque explicatur ostendit
12196,body,80,0,False,,"In eadem sententia sum qua Posidonius, ut arcum iudicem fieri nube formata in modum concaui speculi et rotundi, cui forma sit partis e pila secta.",in eadem sententia sum qua posidonius ut arcum iudicem fieri nube formata in modum concaui speculi et rotundi cui forma sit partis e pila secta,in eadem sententia sum qua posidonius ut arcum iudicem fieri nube formata in modum concaui speculi et rotundi cui forma sit partis e pila secta
12196,body,80,1,False,,"Hoc probari, nisi geometrae adiuuerint, non potest, qui argumentis nihil dubii relinquentibus docent solis illam esse effigiem non similem.",hoc probari nisi geometrae adiuuerint non potest qui argumentis nihil dubii relinquentibus docent solis illam esse effigiem non similem,hoc probari nisi geometrae adiuuerint non potest qui argumentis nihil dubii relinquentibus docent solis illam esse effigiem non similem
12196,body,80,2,True,,Neque enim ommia ad uerum specula respondent.,neque enim ommia ad uerum specula respondent,neque enim ommia ad uerum specula respondent
12196,body,81,0,True,,"Sunt, quae uidere extimescas (tantam deformitatem corrupta facie uisentium reddunt, seruata similitudine in peius); sunt, quae cum uideris, placere tibi uires tuae possint (in tantum lacerti crescunt et totius corporis super humanam magnitudinem habitus augetur); sunt, quae dextras facies ostendant, sunt, quae sinistras, sunt, quae detorqueant et uertant: quid ergo mirum est eiusmodi speculum in nube quoque fieri, quo solis species uitiosa reddatur?",sunt quae uidere extimescas tantam deformitatem corrupta facie uisentium reddunt seruata similitudine in peius sunt quae cum uideris placere tibi uires tuae possint in tantum lacerti crescunt et totius corporis super humanam magnitudinem habitus augetur sunt quae dextras facies ostendant sunt quae sinistras sunt quae detorqueant et uertant quid ergo mirum est eiusmodi speculum in nube quoque fieri quo solis species uitiosa reddatur,sunt quae uidere extimescas tantam deformitatem corrupta facie uisentium reddunt seruata similitudine in peius sunt quae cum uideris placere tibi uires tuae possint in tantum lacerti crescunt et totius corporis super humanam magnitudinem habitus augetur sunt quae dextras facies ostendant sunt quae sinistras sunt quae detorqueant et uertant quid ergo mirum est eiusmodi speculum in nube quoque fieri quo solis species uitiosa reddatur
12196,head,82,0,True,,CAPUT 6,caput,caput
12196,body,83,0,True,,"Inter cetera argumenta et hoc erit, quod numquam maior arcus dimidio circulo apparet et quod eo minor est, quo altior sol. ..",inter cetera argumenta et hoc erit quod numquam maior arcus dimidio circulo apparet et quod eo minor est quo altior sol,inter cetera argumenta et hoc erit quod numquam maior arcus dimidio circulo apparet et quod eo minor est quo altior sol
12196,body,84,0,False,,"Quare tamen, si imago solis est arcus, longe ipso sole maior apparet?",quare tamen si imago solis est arcus longe ipso sole maior apparet,quare tamen si imago solis est arcus longe ipso sole maior apparet
12196,body,84,1,True,,"Quia est alicuius speculi natura talis, ut maiora multo, quae uidit, ostendat et in portentuosam magnitudinem augeat formas, alicuius inuicem talis, ut minuat.",quia est alicuius speculi natura talis ut maiora multo quae uidit ostendat et in portentuosam magnitudinem augeat formas alicuius inuicem talis ut minuat,quia est alicuius speculi natura talis ut maiora multo quae uidit ostendat et in portentuosam magnitudinem augeat formas alicuius inuicem talis ut minuat
12196,body,85,0,False,,"Illud mihi dic, quare in orbem eat facies, nisi orbi redditur?",illud mihi dic quare in orbem eat facies nisi orbi redditur,illud mihi dic quare in orbem eat facies nisi orbi redditur
12196,body,85,1,False,,"Dices enim fortasse, unde sit illi color uarius: unde talis figura sit, non dices, nisi aliquod exemplar, ad quod formetur, ostenderis.",dices enim fortasse unde sit illi color uarius unde talis figura sit non dices nisi aliquod exemplar ad quod formetur ostenderis,dices enim fortasse unde sit illi color uarius unde talis figura sit non dices nisi aliquod exemplar ad quod formetur ostenderis
12196,body,85,2,False,,"Nullum autem quam solis est, a quo cum tu quoque fatearis illi colorem dari, sequitur, ut et detur forma.",nullum autem quam solis est a quo cum tu quoque fatearis illi colorem dari sequitur ut et detur forma,nullum autem quam solis est a quo cum tu quoque fatearis illi colorem dari sequitur ut et detur forma
12196,body,85,3,False,,"Denique inter me teque conuenit colores illos, quibus caeli regio depingitur, a sole esse; illud unum inter nos non conuenit: tu dicis illum colorem esse, ego uideri; qui siue est, siue uidetur, a sole est.",denique inter me teque conuenit colores illos quibus caeli regio depingitur a sole esse illud unum inter nos non conuenit tu dicis illum colorem esse ego uideri qui siue est siue uidetur a sole est,denique inter me teque conuenit colores illos quibus caeli regio depingitur a sole esse illud unum inter nos non conuenit tu dicis illum colorem esse ego uideri qui siue est siue uidetur a sole est
12196,body,85,4,True,,"Tu non expedies, quare color ille subito desinat, cum omnes fulgores paulatim discutiantur.",tu non expedies quare color ille subito desinat cum omnes fulgores paulatim discutiantur,tu non expedies quare color ille subito desinat cum omnes fulgores paulatim discutiantur
12196,body,86,0,False,,"Pro me est et repentina eius facies et repentinus interitus: proprium enim hoc speculi est, in quo non per partes struitur quod apparet, sed statim totum fit; aeque cito omnis imago aboletur in illo quam ponitur.",pro me est et repentina eius facies et repentinus interitus proprium enim hoc speculi est in quo non per partes struitur quod apparet sed statim totum fit aeque cito omnis imago aboletur in illo quam ponitur,pro me est et repentina eius facies et repentinus interitus proprium enim hoc speculi est in quo non per partes struitur quod apparet sed statim totum fit aeque cito omnis imago aboletur in illo quam ponitur
12196,body,86,1,False,,Nihil enim aliud ad ista efficienda uel remouenda opus est quam ostendi et abduci.,nihil enim aliud ad ista efficienda uel remouenda opus est quam ostendi et abduci,nihil enim aliud ad ista efficienda uel remouenda opus est quam ostendi et abduci
12196,body,86,2,False,,"Non est ergo propria in ista nube substantia, nec corpus est sed mendacium et sine re similitudo.",non est ergo propria in ista nube substantia nec corpus est sed mendacium et sine re similitudo,non est ergo propria in ista nube substantia nec corpus est sed mendacium et sine re similitudo
12196,body,86,3,False,,Vis scire hoc ita esse?,vis scire hoc ita esse,uis scire hoc ita esse
12196,body,86,4,False,,"Desinet arcus, si obtexeris solem.",desinet arcus si obtexeris solem,desinet arcus si obtexeris solem
12196,body,86,5,True,,"Oppone, inquam, soli alteram nubem: huius uarietas interibit.",oppone inquam soli alteram nubem huius uarietas interibit,oppone inquam soli alteram nubem huius uarietas interibit
12196,body,87,0,False,,At maior aliquanto est arcus quam sol.,at maior aliquanto est arcus quam sol,at maior aliquanto est arcus quam sol
12196,body,87,1,False,,"Dixi modo fieri specula, quae multiplicent omne corpus, quod imitantur.",dixi modo fieri specula quae multiplicent omne corpus quod imitantur,dixi modo fieri specula quae multiplicent omne corpus quod imitantur
12196,body,87,2,False,,"Illud adiciam, omnia per aquam uidentibus longe esse maiora: litterae quamuis minutae et obscurae per uitream pilam aqua plenam maiores clarioresque cernuntur; poma formosiora quam sunt uidentur, si innatant uitro.",illud adiciam omnia per aquam uidentibus longe esse maiora litterae quamuis minutae et obscurae per uitream pilam aqua plenam maiores clarioresque cernuntur poma formosiora quam sunt uidentur si innatant uitro,illud adiciam omnia per aquam uidentibus longe esse maiora litterae quamuis minutae et obscurae per uitream pilam aqua plenam maiores clarioresque cernuntur poma formosiora quam sunt uidentur si innatant uitro
12196,body,87,3,False,,"Sidera ampliora per nubem aspicienti uidentur, quia acies nostra in umido labitur nec apprehendere quod uult fideliter potest.",sidera ampliora per nubem aspicienti uidentur quia acies nostra in umido labitur nec apprehendere quod uult fideliter potest,sidera ampliora per nubem aspicienti uidentur quia acies nostra in umido labitur nec apprehendere quod uult fideliter potest
12196,body,87,4,True,,"Quod manifestum fiet, si poculum impleueris aqua et in id conieceris anulum: nam cum in ipso fundo anulus iaceat, facies eius in summa aqua redditur.",quod manifestum fiet si poculum impleueris aqua et in id conieceris anulum nam cum in ipso fundo anulus iaceat facies eius in summa aqua redditur,quod manifestum fiet si poculum impleueris aqua et in id conieceris anulum nam cum in ipso fundo anulus iaceat facies eius in summa aqua redditur
12196,body,88,0,False,,"Quicquid uidetur per umorem, longe amplius uero est: quid mirum maiorem reddi imaginem solis, quae in nube umida uisitur, cum ex duabus causis hoc accidat?",quicquid uidetur per umorem longe amplius uero est quid mirum maiorem reddi imaginem solis quae in nube umida uisitur cum ex duabus causis hoc accidat,quicquid uidetur per umorem longe amplius uero est quid mirum maiorem reddi imaginem solis quae in nube umida uisitur cum ex duabus causis hoc accidat
12196,body,88,1,True,,"Quia in nube est aliquid uitro simile, quod potest perlucere, est aliquid et aquae, quam, etiamsi nondum habet, iam parat, id est similis eius natura est, in quam ex sua uertatur.",quia in nube est aliquid uitro simile quod potest perlucere est aliquid et aquae quam etiamsi nondum habet iam parat id est similis eius natura est in quam ex sua uertatur,quia in nube est aliquid uitro simile quod potest perlucere est aliquid et aquae quam etiamsi nondum habet iam parat id est similis eius natura est in quam ex sua uertatur
12196,head,89,0,True,,CAPUT 7,caput,caput
12196,body,90,0,False,,"«Quoniam', inquit, «uitri fecisti mentionem, ex hoc ipso argumentum contra te sumam.",quoniam inquit uitri fecisti mentionem ex hoc ipso argumentum contra te sumam,quoniam inquit uitri fecisti mentionem ex hoc ipso argumentum contra te sumam
12196,body,90,1,True,,"Virgula solet fieri uitrea, striata uel pluribus angulis in modum clauae torosa: haec si in transuersum solem accipit, colorem talem, qualis in arcu uideri solet, reddit, ut scias non imaginem hic solis esse sed coloris imitationem ex repercussu'.",virgula solet fieri uitrea striata uel pluribus angulis in modum clauae torosa haec si in transuersum solem accipit colorem talem qualis in arcu uideri solet reddit ut scias non imaginem hic solis esse sed coloris imitationem ex repercussu,uirgula solet fieri uitrea striata uel pluribus angulis in modum clauae torosa haec si in transuersum solem accipit colorem talem qualis in arcu uideri solet reddit ut scias non imaginem hic solis esse sed coloris imitationem ex repercussu
12196,body,91,0,False,,"Primum in hoc argumento multa pro me sunt: quod apparet a sole fieri; quod apparet leue quiddam esse debere et simile speculo, quod solem repercutiat; deinde quod apparet non fieri ullum colorem sed speciem falsi coloris, qualem, ut dixi, columbarum ceruix et sumit et ponit, utcumque deflectitur.",primum in hoc argumento multa pro me sunt quod apparet a sole fieri quod apparet leue quiddam esse debere et simile speculo quod solem repercutiat deinde quod apparet non fieri ullum colorem sed speciem falsi coloris qualem ut dixi columbarum ceruix et sumit et ponit utcumque deflectitur,primum in hoc argumento multa pro me sunt quod apparet a sole fieri quod apparet leue quiddam esse debere et simile speculo quod solem repercutiat deinde quod apparet non fieri ullum colorem sed speciem falsi coloris qualem ut dixi columbarum ceruix et sumit et ponit utcumque deflectitur
12196,body,91,1,True,,"Hoc autem et in speculo est, cui nullus inditur color, sed simulatio quaedam coloris alieni.",hoc autem et in speculo est cui nullus inditur color sed simulatio quaedam coloris alieni,hoc autem et in speculo est cui nullus inditur color sed simulatio quaedam coloris alieni
12196,body,92,0,False,,"Unum hoc tantum mihi soluendum est, quod non uisitur in ista uirgula solis imago; cuius bene exprimendae capax non est: ita conatur quidem reddere imaginem, quia leuis est materia et ad hoc habilis, sed non potest, quia enormiter facta est.",unum hoc tantum mihi soluendum est quod non uisitur in ista uirgula solis imago cuius bene exprimendae capax non est ita conatur quidem reddere imaginem quia leuis est materia et ad hoc habilis sed non potest quia enormiter facta est,unum hoc tantum mihi soluendum est quod non uisitur in ista uirgula solis imago cuius bene exprimendae capax non est ita conatur quidem reddere imaginem quia leuis est materia et ad hoc habilis sed non potest quia enormiter facta est
12196,body,92,1,False,,"Si apta fabricata foret, totidem redderet soles, quot habuisset in se toros.",si apta fabricata foret totidem redderet soles quot habuisset in se toros,si apta fabricata foret totidem redderet soles quot habuisset in se toros
12196,body,92,2,True,,"Quae quia discernuntur inter se nec satis in uicem speculi nitent, incohant tantum imagines nec exprimunt et ob ipsam uiciniam turbant et in speciem coloris unius adducunt.",quae quia discernuntur inter se nec satis in uicem speculi nitent incohant tantum imagines nec exprimunt et ob ipsam uiciniam turbant et in speciem coloris unius adducunt,quae quia discernuntur inter se nec satis in uicem speculi nitent incohant tantum imagines nec exprimunt et ob ipsam uiciniam turbant et in speciem coloris unius adducunt
12196,head,93,0,True,,CAPUT 8,caput,caput
12196,body,94,0,False,,"At quare arcus non implet orbem, sed pars dimidia eius uidetur, cum plurimum porrigitur incuruaturque?",at quare arcus non implet orbem sed pars dimidia eius uidetur cum plurimum porrigitur incuruaturque,at quare arcus non implet orbem sed pars dimidia eius uidetur cum plurimum porrigitur incuruaturque
12196,body,94,1,True,,"Quidam ita opinantur: ""Sol, cum sit multo altior nubibus, a superiore illas tantum percutit parte; sequitur, ut inferior pars earum non tingatur lumine: ergo cum ab una parte solem accipiant, unam eius partem imitantur, quae numquam dimidia maior est. """,quidam ita opinantur sol cum sit multo altior nubibus a superiore illas tantum percutit parte sequitur ut inferior pars earum non tingatur lumine ergo cum ab una parte solem accipiant unam eius partem imitantur quae numquam dimidia maior est,quidam ita opinantur sol cum sit multo altior nubibus a superiore illas tantum percutit parte sequitur ut inferior pars earum non tingatur lumine ergo cum ab una parte solem accipiant unam eius partem imitantur quae numquam dimidia maior est
12196,body,95,0,False,,Hoc argumentum parum potens est. Quare?,hoc argumentum parum potens est quare,hoc argumentum parum potens est quare
12196,body,95,1,False,,"Quia, quamuis sol ex superiore parte sit, totam tamen percutit nubem, ergo et tingit. Quidni?",quia quamuis sol ex superiore parte sit totam tamen percutit nubem ergo et tingit quidni,quia quamuis sol ex superiore parte sit totam tamen percutit nubem ergo et tingit quidni
12196,body,95,2,False,,cum radios transmittere soleat et omnem densitatem perrumpere.,cum radios transmittere soleat et omnem densitatem perrumpere,cum radios transmittere soleat et omnem densitatem perrumpere
12196,body,95,3,False,,Deinde contrariam rem proposito suo dicunt.,deinde contrariam rem proposito suo dicunt,deinde contrariam rem proposito suo dicunt
12196,body,95,4,True,,"Nam si superior est sol et ideo superiori tantum parti nubium affunditur, numquam terra tenus descendet arcus: atqui usque in humum demittitur.",nam si superior est sol et ideo superiori tantum parti nubium affunditur numquam terra tenus descendet arcus atqui usque in humum demittitur,nam si superior est sol et ideo superiori tantum parti nubium affunditur numquam terra tenus descendet arcus atqui usque in humum demittitur
12196,body,96,0,False,,"Praeterea numquam non contra solem arcus est; nihil autem ad rem pertinet, supra infraue sit, quia totum quod contra est latus uerberatur.",praeterea numquam non contra solem arcus est nihil autem ad rem pertinet supra infraue sit quia totum quod contra est latus uerberatur,praeterea numquam non contra solem arcus est nihil autem ad rem pertinet supra infraue sit quia totum quod contra est latus uerberatur
12196,body,96,1,True,,"Deinde aliquando arcum et occidens facit; tum certe ex inferiore parte nubes ferit terris propinquus: atqui et tunc dimidia pars est, quamuis solem nubes ex humili et sordido accipiant.",deinde aliquando arcum et occidens facit tum certe ex inferiore parte nubes ferit terris propinquus atqui et tunc dimidia pars est quamuis solem nubes ex humili et sordido accipiant,deinde aliquando arcum et occidens facit tum certe ex inferiore parte nubes ferit terris propinquus atqui et tunc dimidia pars est quamuis solem nubes ex humili et sordido accipiant
12196,body,97,0,False,,"Nostri, qui sic in nube, quomodo in speculo, lumen uolunt reddi, nubem cauam faciunt et sectae pilae partem, quae non potest totum orbem reddere, quia ipsa pars orbis est.",nostri qui sic in nube quomodo in speculo lumen uolunt reddi nubem cauam faciunt et sectae pilae partem quae non potest totum orbem reddere quia ipsa pars orbis est,nostri qui sic in nube quomodo in speculo lumen uolunt reddi nubem cauam faciunt et sectae pilae partem quae non potest totum orbem reddere quia ipsa pars orbis est
12196,body,97,1,False,,"Proposito accedo, argumento non consentio.",proposito accedo argumento non consentio,proposito accedo argumento non consentio
12196,body,97,2,True,,"Nam si in concauo speculo tota facies oppositi orbis exprimitur, et in semiorbe nihil prohibet totam aspici pilam.",nam si in concauo speculo tota facies oppositi orbis exprimitur et in semiorbe nihil prohibet totam aspici pilam,nam si in concauo speculo tota facies oppositi orbis exprimitur et in semiorbe nihil prohibet totam aspici pilam
12196,body,98,0,False,,"Etiamnunc diximus circulos apparere soli lunaeque in similitudinem arcus circumdatos: quare ille circulus iungitur, in arcu numquam?",etiamnunc diximus circulos apparere soli lunaeque in similitudinem arcus circumdatos quare ille circulus iungitur in arcu numquam,etiamnunc diximus circulos apparere soli lunaeque in similitudinem arcus circumdatos quare ille circulus iungitur in arcu numquam
12196,body,98,1,True,,"Deinde quare semper concauae nubes solem accipiunt, non aliquando planae et tumentes?",deinde quare semper concauae nubes solem accipiunt non aliquando planae et tumentes,deinde quare semper concauae nubes solem accipiunt non aliquando planae et tumentes
12196,body,99,0,False,,"Aristoteles ait post autumnale aequinoctium qualibet hora diei arcum fieri, aestate non fieri nisi aut incipiente aut inclinato die.",aristoteles ait post autumnale aequinoctium qualibet hora diei arcum fieri aestate non fieri nisi aut incipiente aut inclinato die,aristoteles ait post autumnale aequinoctium qualibet hora diei arcum fieri aestate non fieri nisi aut incipiente aut inclinato die
12196,body,99,1,True,,"Cuius rei causa manifesta est: primum, quia media diei parte sol calidissimus nubes euincit nec potest imaginem suam ab his recipere quas scindit; at matutino tempore aut uergens in occasum minus habet uirium, ideo a nubibus sustineri et repercuti potest.",cuius rei causa manifesta est primum quia media diei parte sol calidissimus nubes euincit nec potest imaginem suam ab his recipere quas scindit at matutino tempore aut uergens in occasum minus habet uirium ideo a nubibus sustineri et repercuti potest,cuius rei causa manifesta est primum quia media diei parte sol calidissimus nubes euincit nec potest imaginem suam ab his recipere quas scindit at matutino tempore aut uergens in occasum minus habet uirium ideo a nubibus sustineri et repercuti potest
12196,body,100,0,False,,"Deinde cum arcum facere non soleat nisi aduersus his, in quibus facit nubibus, cum breuiores dies sunt, semper obliquus est: itaque qualibet diei parte, etiam cum altissimus est, habet aliquas nubes, quas ex aduerso ferire possit.",deinde cum arcum facere non soleat nisi aduersus his in quibus facit nubibus cum breuiores dies sunt semper obliquus est itaque qualibet diei parte etiam cum altissimus est habet aliquas nubes quas ex aduerso ferire possit,deinde cum arcum facere non soleat nisi aduersus his in quibus facit nubibus cum breuiores dies sunt semper obliquus est itaque qualibet diei parte etiam cum altissimus est habet aliquas nubes quas ex aduerso ferire possit
12196,body,100,1,True,,"At temporibus aestiuis super nostrum uerticem fertur: itaque medio die excelsissimus terras rectiore aspicit linea, quam ut ullis nubibus possit occurrere'; omnes enim sub se tunc habet.",at temporibus aestiuis super nostrum uerticem fertur itaque medio die excelsissimus terras rectiore aspicit linea quam ut ullis nubibus possit occurrere omnes enim sub se tunc habet,at temporibus aestiuis super nostrum uerticem fertur itaque medio die excelsissimus terras rectiore aspicit linea quam ut ullis nubibus possit occurrere omnes enim sub se tunc habet
12196,body,101,0,True,,"Ut ait Vergilius noster: ""et bibit ingens arcus"", cum aduentat imber; sed non easdem, undecumque apparuit, minas affert: a meridie ortus magnam uim aquarum uehet (uinci enim nubes non potuerunt ualentissimo sole, tantum illis est uirium); si circa occasum refulsit, rorabit et leuiter impluet; si ab ortu circaue surrexit, serena promittit.",ut ait vergilius noster et bibit ingens arcus cum aduentat imber sed non easdem undecumque apparuit minas affert a meridie ortus magnam uim aquarum uehet uinci enim nubes non potuerunt ualentissimo sole tantum illis est uirium si circa occasum refulsit rorabit et leuiter impluet si ab ortu circaue surrexit serena promittit,ut ait uergilius noster et bibit ingens arcus cum aduentat imber sed non easdem undecumque apparuit minas affert a meridie ortus magnam uim aquarum uehet uinci enim nubes non potuerunt ualentissimo sole tantum illis est uirium si circa occasum refulsit rorabit et leuiter impluet si ab ortu circaue surrexit serena promittit
12196,head,102,0,True,,CAPUT 9,caput,caput
12196,body,103,0,False,,"Nunc de uirgis dicendum est, quas non minus pictas uariasque aeque pluuiarum signa solemus accipere.",nunc de uirgis dicendum est quas non minus pictas uariasque aeque pluuiarum signa solemus accipere,nunc de uirgis dicendum est quas non minus pictas uariasque aeque pluuiarum signa solemus accipere
12196,body,103,1,False,,"In quibus non multum operae consumendum est, quia uirgae nihil aliud sunt quam imperfecti arcus.",in quibus non multum operae consumendum est quia uirgae nihil aliud sunt quam imperfecti arcus,in quibus non multum operae consumendum est quia uirgae nihil aliud sunt quam imperfecti arcus
12196,body,103,2,True,,"Nam facies illis est quidem picta, sed nihil curuati habens: in rectum iacent.",nam facies illis est quidem picta sed nihil curuati habens in rectum iacent,nam facies illis est quidem picta sed nihil curuati habens in rectum iacent
12196,body,104,0,False,,Fiunt autem iuxta solem fere in nube umida et iam se spargente.,fiunt autem iuxta solem fere in nube umida et iam se spargente,fiunt autem iuxta solem fere in nube umida et iam se spargente
12196,body,104,1,True,,"Itaque idem est in illis qui in arcu color; tantum ffigura mutatur, quia nubium quoque, in quibus extenduntur, alia est.",itaque idem est in illis qui in arcu color tantum ffigura mutatur quia nubium quoque in quibus extenduntur alia est,itaque idem est in illis qui in arcu color tantum ffigura mutatur quia nubium quoque in quibus extenduntur alia est
12196,head,105,0,True,,CAPUT 10,caput,caput
12196,body,106,0,False,,"Similis uarietas in coronis est; sed hoc differunt, quod coronae ubique fiunt, ubicumque sidus est, arcus non nisi contra solem, uirgae non nisi in uicinia solis.",similis uarietas in coronis est sed hoc differunt quod coronae ubique fiunt ubicumque sidus est arcus non nisi contra solem uirgae non nisi in uicinia solis,similis uarietas in coronis est sed hoc differunt quod coronae ubique fiunt ubicumque sidus est arcus non nisi contra solem uirgae non nisi in uicinia solis
12196,body,106,1,False,,"Possum et hoc modo differentiam omnium reddere: coronam si diuiseris, arcus erit; si direxeris, uirga.",possum et hoc modo differentiam omnium reddere coronam si diuiseris arcus erit si direxeris uirga,possum et hoc modo differentiam omnium reddere coronam si diuiseris arcus erit si direxeris uirga
12196,body,106,2,False,,"In omnibus color multiplex, ex caeruleo fuluoque uarius.",in omnibus color multiplex ex caeruleo fuluoque uarius,in omnibus color multiplex ex caeruleo fuluoque uarius
12196,body,106,3,True,,"Virgae soli tantum adiacent, arcus solares lunaresque sunt, coronae omnium siderum.",virgae soli tantum adiacent arcus solares lunaresque sunt coronae omnium siderum,uirgae soli tantum adiacent arcus solares lunaresque sunt coronae omnium siderum
12196,head,107,0,True,,CAPUT 11,caput,caput
12196,body,108,0,True,,"Aliud quoque uirgarum genus apparet, cum radii per angusta foramina nubium tenues et intenti distantesque inter se diriguntur: et ipsi signa imbrium sunt.",aliud quoque uirgarum genus apparet cum radii per angusta foramina nubium tenues et intenti distantesque inter se diriguntur et ipsi signa imbrium sunt,aliud quoque uirgarum genus apparet cum radii per angusta foramina nubium tenues et intenti distantesque inter se diriguntur et ipsi signa imbrium sunt
12196,body,109,0,False,,Quomodo nunc me hoc loco geram?,quomodo nunc me hoc loco geram,quomodo nunc me hoc loco geram
12196,body,109,1,False,,Quid uocem imagines solis?,quid uocem imagines solis,quid uocem imagines solis
12196,body,109,2,False,,"Historici soles uocant et binos ternosque apparuisse memoriae tradunt; Graeci parhelia appellant, quia in propinquo fere a sole uisuntur aut quia accedunt ad aliquam similitudinem solis.",historici soles uocant et binos ternosque apparuisse memoriae tradunt graeci parhelia appellant quia in propinquo fere a sole uisuntur aut quia accedunt ad aliquam similitudinem solis,historici soles uocant et binos ternosque apparuisse memoriae tradunt graeci parhelia appellant quia in propinquo fere a sole uisuntur aut quia accedunt ad aliquam similitudinem solis
12196,body,109,3,False,,Non enim totum imitantur sed magnitudinem eius figuramque: ceterum nihil habent ardoris hebetes et languidi.,non enim totum imitantur sed magnitudinem eius figuramque ceterum nihil habent ardoris hebetes et languidi,non enim totum imitantur sed magnitudinem eius figuramque ceterum nihil habent ardoris hebetes et languidi
12196,body,109,4,False,,His quod nomen imponimus?,his quod nomen imponimus,his quod nomen imponimus
12196,body,109,5,False,,"An facio quod Vergilius, qui dubitauit de nomine, deinde id, de quo dubitauerat, posuit?",an facio quod vergilius qui dubitauit de nomine deinde id de quo dubitauerat posuit,an facio quod uergilius qui dubitauit de nomine deinde id de quo dubitauerat posuit
12196,body,109,6,False,,"""Et quo te nomine dicam, Rhaetica?",et quo te nomine dicam rhaetica,et quo te nomine dicam rhaetica
12196,body,109,7,False,,Nec cellis ideo contende Falernis.,nec cellis ideo contende falernis,nec cellis ideo contende falernis
12196,body,109,8,True,,""" Nihil ergo prohibet illas parhelia uocari.",nihil ergo prohibet illas parhelia uocari,nihil ergo prohibet illas parhelia uocari
12196,body,110,0,False,,Sunt autem imagines solis in nube spissa et incurua in modum speculi.,sunt autem imagines solis in nube spissa et incurua in modum speculi,sunt autem imagines solis in nube spissa et incurua in modum speculi
12196,body,110,1,False,,Quidam parhelion ita definiunt: nubes rotunda et splendida similisque soli.,quidam parhelion ita definiunt nubes rotunda et splendida similisque soli,quidam parhelion ita definiunt nubes rotunda et splendida similisque soli
12196,body,110,2,False,,"Sequitur enim illum nec umquam longius relinquitur, quam fuit, cum apparuit.",sequitur enim illum nec umquam longius relinquitur quam fuit cum apparuit,sequitur enim illum nec umquam longius relinquitur quam fuit cum apparuit
12196,body,110,3,False,,"Num quis nostrum miratur, si solis effigiem in aliquo fonte aut placido lacu uidit?",num quis nostrum miratur si solis effigiem in aliquo fonte aut placido lacu uidit,num quis nostrum miratur si solis effigiem in aliquo fonte aut placido lacu uidit
12196,body,110,4,False,,"Non, ut puto.",non ut puto,non ut puto
12196,body,110,5,True,,"Atqui tam in sublimi facies eius quam inter nos potest reddi, si modo idonea est materia, quae reddat.",atqui tam in sublimi facies eius quam inter nos potest reddi si modo idonea est materia quae reddat,atqui tam in sublimi facies eius quam inter nos potest reddi si modo idonea est materia quae reddat
12196,head,111,0,True,,CAPUT 12,caput,caput
12196,body,112,0,False,,"Quotiens defectionem solis uolumus deprehendere, ponimus pelues, quas aut oleo aut pice implemus, quia pinguis umor minus facile turbatur et ideo quas recipit imagines seruat; apparere autem imagines non possunt nisi in liquido et immoto.",quotiens defectionem solis uolumus deprehendere ponimus pelues quas aut oleo aut pice implemus quia pinguis umor minus facile turbatur et ideo quas recipit imagines seruat apparere autem imagines non possunt nisi in liquido et immoto,quotiens defectionem solis uolumus deprehendere ponimus pelues quas aut oleo aut pice implemus quia pinguis umor minus facile turbatur et ideo quas recipit imagines seruat apparere autem imagines non possunt nisi in liquido et immoto
12196,body,112,1,True,,"Tunc solemus notare, quemadmodum luna soli se opponat et illum tanto maiorem obiecto corpore abscondat, modo ex parte, si ita competit, ut in latus eius incurreret, modo totum; haec dicitur perfecta defectio, quae stellas quoque ostendit et intercipit lucem, tunc scilicet cum uterque orbis sub eodem libramento stetit.",tunc solemus notare quemadmodum luna soli se opponat et illum tanto maiorem obiecto corpore abscondat modo ex parte si ita competit ut in latus eius incurreret modo totum haec dicitur perfecta defectio quae stellas quoque ostendit et intercipit lucem tunc scilicet cum uterque orbis sub eodem libramento stetit,tunc solemus notare quemadmodum luna soli se opponat et illum tanto maiorem obiecto corpore abscondat modo ex parte si ita competit ut in latus eius incurreret modo totum haec dicitur perfecta defectio quae stellas quoque ostendit et intercipit lucem tunc scilicet cum uterque orbis sub eodem libramento stetit
12196,body,113,0,False,,"Quemadmodum ergo utriusque imago in terris aspici potest, ita in aere, cum sic coactus aer et limpidus constitit, ut faciem solis acciperet.",quemadmodum ergo utriusque imago in terris aspici potest ita in aere cum sic coactus aer et limpidus constitit ut faciem solis acciperet,quemadmodum ergo utriusque imago in terris aspici potest ita in aere cum sic coactus aer et limpidus constitit ut faciem solis acciperet
12196,body,113,1,True,,"Quam et aliae nubes accipiunt sed transmittunt, si aut mobiles sunt aut rarae aut sordidae: mobiles enim spargunt illam; rarae emittunt; sordidae turpesque non sentiunt, sicut apud nos imaginem maculosa non reddunt.",quam et aliae nubes accipiunt sed transmittunt si aut mobiles sunt aut rarae aut sordidae mobiles enim spargunt illam rarae emittunt sordidae turpesque non sentiunt sicut apud nos imaginem maculosa non reddunt,quam et aliae nubes accipiunt sed transmittunt si aut mobiles sunt aut rarae aut sordidae mobiles enim spargunt illam rarae emittunt sordidae turpesque non sentiunt sicut apud nos imaginem maculosa non reddunt
12196,head,114,0,True,,CAPUT 13,caput,caput
12196,body,115,0,False,,Solent et bina fieri parhelia eadem ratione.,solent et bina fieri parhelia eadem ratione,solent et bina fieri parhelia eadem ratione
12196,body,115,1,False,,"Quid enim impedit, quommus tot sint, quot nubes fuerint aptae ad exhibendam solis effigiem?",quid enim impedit quommus tot sint quot nubes fuerint aptae ad exhibendam solis effigiem,quid enim impedit quommus tot sint quot nubes fuerint aptae ad exhibendam solis effigiem
12196,body,115,2,False,,"Quidam in illa sententia sunt, quotiens duo simulacra talia existunt, ut iudicent in illis alteram solis imaginem esse, alteram imaginis.",quidam in illa sententia sunt quotiens duo simulacra talia existunt ut iudicent in illis alteram solis imaginem esse alteram imaginis,quidam in illa sententia sunt quotiens duo simulacra talia existunt ut iudicent in illis alteram solis imaginem esse alteram imaginis
12196,body,115,3,False,,"Nam apud nos quoque cum plura specula disposita sunt ita, ut alteri sit conspectus alterius, omnia implentur, et una imago a uero est, ceterae imaginem effigies sunt; nihil enim refert, quid sit quod speculo ostendatur: quicquid uidet, reddit.",nam apud nos quoque cum plura specula disposita sunt ita ut alteri sit conspectus alterius omnia implentur et una imago a uero est ceterae imaginem effigies sunt nihil enim refert quid sit quod speculo ostendatur quicquid uidet reddit,nam apud nos quoque cum plura specula disposita sunt ita ut alteri sit conspectus alterius omnia implentur et una imago a uero est ceterae imaginem effigies sunt nihil enim refert quid sit quod speculo ostendatur quicquid uidet reddit
12196,body,115,4,True,,"Ita illic quoque in sublimi, si sic nubes fors aliqua disposuit, ut inter se conspiciant, altera nubes solis imaginem, altera imaginis reddit.",ita illic quoque in sublimi si sic nubes fors aliqua disposuit ut inter se conspiciant altera nubes solis imaginem altera imaginis reddit,ita illic quoque in sublimi si sic nubes fors aliqua disposuit ut inter se conspiciant altera nubes solis imaginem altera imaginis reddit
12196,body,116,0,False,,"Debent autem hae nubes, quae hoc praestant, densae esse, leues, splendidae, planae, naturae solidae.",debent autem hae nubes quae hoc praestant densae esse leues splendidae planae naturae solidae,debent autem hae nubes quae hoc praestant densae esse leues splendidae planae naturae solidae
12196,body,116,1,False,,"Ob hoc omnia eiusmodi simulacra candida sunt, et similia lunaribus circulis, quia ex percussu oblique accepto sole resplendent: nam si infra solem nubes fuerit et propior, ab eo dissipatur; longe autem posita radios non remittet nec imaginem effciet.",ob hoc omnia eiusmodi simulacra candida sunt et similia lunaribus circulis quia ex percussu oblique accepto sole resplendent nam si infra solem nubes fuerit et propior ab eo dissipatur longe autem posita radios non remittet nec imaginem effciet,ob hoc omnia eiusmodi simulacra candida sunt et similia lunaribus circulis quia ex percussu oblique accepto sole resplendent nam si infra solem nubes fuerit et propior ab eo dissipatur longe autem posita radios non remittet nec imaginem effciet
12196,body,116,2,True,,"Quia apud nos quoque specula, cum procul a nobis abducta sunt, faciem non reddunt, quia acies nostra non habet usque ad nos recursum.",quia apud nos quoque specula cum procul a nobis abducta sunt faciem non reddunt quia acies nostra non habet usque ad nos recursum,quia apud nos quoque specula cum procul a nobis abducta sunt faciem non reddunt quia acies nostra non habet usque ad nos recursum
12196,body,117,0,True,,"Pluuiarum autem et hi soles (utar enim historica lingua) indicia sunt, utique si a parte austri constiterunt, unde maxime nubes ingrauescunt; cum utrimque solem cinxit talis effigies, tempestas, si Arato credimus, surgit.",pluuiarum autem et hi soles utar enim historica lingua indicia sunt utique si a parte austri constiterunt unde maxime nubes ingrauescunt cum utrimque solem cinxit talis effigies tempestas si arato credimus surgit,pluuiarum autem et hi soles utar enim historica lingua indicia sunt utique si a parte austri constiterunt unde maxime nubes ingrauescunt cum utrimque solem cinxit talis effigies tempestas si arato credimus surgit
12196,head,118,0,True,,CAPUT 14,caput,caput
12196,body,119,0,False,,"Tempus est alios quoque ignes percurrere, quorum diuersae figurae sunt.",tempus est alios quoque ignes percurrere quorum diuersae figurae sunt,tempus est alios quoque ignes percurrere quorum diuersae figurae sunt
12196,body,119,1,False,,"Aliquando emicat stella, aliquando ardores sunt, hi nonnumquam fixi et haerentes nonnumquam uolubiles.",aliquando emicat stella aliquando ardores sunt hi nonnumquam fixi et haerentes nonnumquam uolubiles,aliquando emicat stella aliquando ardores sunt hi nonnumquam fixi et haerentes nonnumquam uolubiles
12196,body,119,2,True,,"Horum plura genera conspiciuntur: sunt bothyni, cum uelut corona cingente introrsus ingens caeli recessus est similis effossae in orbem specus; sunt pithiae, cum magnitudo uasti rotundique ignis dolio similis uel fertur uel uno loco flagrat; sunt chasmata, cum aliquod spatium caeli desedit et flammam uelut dehiscens in abdito ostentat.",horum plura genera conspiciuntur sunt bothyni cum uelut corona cingente introrsus ingens caeli recessus est similis effossae in orbem specus sunt pithiae cum magnitudo uasti rotundique ignis dolio similis uel fertur uel uno loco flagrat sunt chasmata cum aliquod spatium caeli desedit et flammam uelut dehiscens in abdito ostentat,horum plura genera conspiciuntur sunt bothyni cum uelut corona cingente introrsus ingens caeli recessus est similis effossae in orbem specus sunt pithiae cum magnitudo uasti rotundique ignis dolio similis uel fertur uel uno loco flagrat sunt chasmata cum aliquod spatium caeli desedit et flammam uelut dehiscens in abdito ostentat
12196,body,120,0,True,,"Colores quoque horum omnium plurimi sunt: quidam ruboris acerrimi, quidam euanidae ac leuis flammae, quidam candidae lucis, quidam micantes, quidam aequaliter et sine eruptionibus aut radiis fului; uidemus ergo ""stellarum longos a tergo albescere tractus"".",colores quoque horum omnium plurimi sunt quidam ruboris acerrimi quidam euanidae ac leuis flammae quidam candidae lucis quidam micantes quidam aequaliter et sine eruptionibus aut radiis fului uidemus ergo stellarum longos a tergo albescere tractus,colores quoque horum omnium plurimi sunt quidam ruboris acerrimi quidam euanidae ac leuis flammae quidam candidae lucis quidam micantes quidam aequaliter et sine eruptionibus aut radiis fului uidemus ergo stellarum longos a tergo albescere tractus
12196,body,121,0,False,,"Hae uelut stellae exiliunt et transuolant uidenturque longum ignem porrigere propter immensam celeritatem, cum acies nostra non discernat transitum eorum, sed, quacumque cucurrerunt, id totum igneum credat.",hae uelut stellae exiliunt et transuolant uidenturque longum ignem porrigere propter immensam celeritatem cum acies nostra non discernat transitum eorum sed quacumque cucurrerunt id totum igneum credat,hae uelut stellae exiliunt et transuolant uidenturque longum ignem porrigere propter immensam celeritatem cum acies nostra non discernat transitum eorum sed quacumque cucurrerunt id totum igneum credat
12196,body,121,1,True,,"Tanta est enim uelocitas motus, ut partes eius non dispiciantur, summa prendatur: intellegimus magis qua ierit stella quam qua eat.",tanta est enim uelocitas motus ut partes eius non dispiciantur summa prendatur intellegimus magis qua ierit stella quam qua eat,tanta est enim uelocitas motus ut partes eius non dispiciantur summa prendatur intellegimus magis qua ierit stella quam qua eat
12196,body,122,0,False,,"Itaque uelut igne continuo totum iter signat, quia uisus nostri tarditas non subsequitur momenta currentis, sed uidet simul et unde exiluerit et quo peruenerit.",itaque uelut igne continuo totum iter signat quia uisus nostri tarditas non subsequitur momenta currentis sed uidet simul et unde exiluerit et quo peruenerit,itaque uelut igne continuo totum iter signat quia uisus nostri tarditas non subsequitur momenta currentis sed uidet simul et unde exiluerit et quo peruenerit
12196,body,122,1,False,,"Quod fit in fulmine: longus nobis uidetur ignis eius, quia cito spatium suum transilit, et oculis nostris occurrit uniuersum per quod deiectus est; at ille non est extenti corporis per omne, qua uenit.",quod fit in fulmine longus nobis uidetur ignis eius quia cito spatium suum transilit et oculis nostris occurrit uniuersum per quod deiectus est at ille non est extenti corporis per omne qua uenit,quod fit in fulmine longus nobis uidetur ignis eius quia cito spatium suum transilit et oculis nostris occurrit uniuersum per quod deiectus est at ille non est extenti corporis per omne qua uenit
12196,body,122,2,True,,Neque enim tam longa et extenuata in impetum ualent.,neque enim tam longa et extenuata in impetum ualent,neque enim tam longa et extenuata in impetum ualent
12196,body,123,0,False,,Quomodo ergo prosiliunt?,quomodo ergo prosiliunt,quomodo ergo prosiliunt
12196,body,123,1,True,,"Attritu aeris ignis incensus uento praeceps impellitur; non semper tamen uento attrituue fit, nonnumquam et aliqua opportunitate aeris nascitur: multa enim sunt in sublimi sicca calida terrena, inter quae oritur et pabulum suum subsequens defluit ideoque uelociter rapitur.",attritu aeris ignis incensus uento praeceps impellitur non semper tamen uento attrituue fit nonnumquam et aliqua opportunitate aeris nascitur multa enim sunt in sublimi sicca calida terrena inter quae oritur et pabulum suum subsequens defluit ideoque uelociter rapitur,attritu aeris ignis incensus uento praeceps impellitur non semper tamen uento attrituue fit nonnumquam et aliqua opportunitate aeris nascitur multa enim sunt in sublimi sicca calida terrena inter quae oritur et pabulum suum subsequens defluit ideoque uelociter rapitur
12196,body,124,0,False,,At quale color diuersus est?,at quale color diuersus est,at quale color diuersus est
12196,body,124,1,False,,"Quia refert quale sit id, quod incenditur, quantum et quam uehemens, quo incenditur.",quia refert quale sit id quod incenditur quantum et quam uehemens quo incenditur,quia refert quale sit id quod incenditur quantum et quam uehemens quo incenditur
12196,body,124,2,True,,"Ventum autem significant eiusmodi lapsus et quidem ab ea parte, qua erumpunt.",ventum autem significant eiusmodi lapsus et quidem ab ea parte qua erumpunt,uentum autem significant eiusmodi lapsus et quidem ab ea parte qua erumpunt
12196,head,125,0,True,,CAPUT 15,caput,caput
12196,body,126,0,False,,"«Fulgores', inquis, «quomodo fiunt, quos Graeci G–sela appellent?",fulgores inquis quomodo fiunt quos graeci gsela appellent,fulgores inquis quomodo fiunt quos graeci gsela appellent
12196,body,126,1,False,,"' Multis, ut aiunt, modis: potest illos uentorum uis edere, potest superioris caeli feruor (nam cum late fusus sit ignis, inferiora aliquando, si sunt idonea accendi, corripit); potest stellarum motus cursu suo excitare ignem et in subiecta transmittere.",multis ut aiunt modis potest illos uentorum uis edere potest superioris caeli feruor nam cum late fusus sit ignis inferiora aliquando si sunt idonea accendi corripit potest stellarum motus cursu suo excitare ignem et in subiecta transmittere,multis ut aiunt modis potest illos uentorum uis edere potest superioris caeli feruor nam cum late fusus sit ignis inferiora aliquando si sunt idonea accendi corripit potest stellarum motus cursu suo excitare ignem et in subiecta transmittere
12196,body,126,2,False,,Quid porro?,quid porro,quid porro
12196,body,126,3,True,,"Non potest fieri, ut aer uim igneam usque in aethera elidat, ex qua fulgor ardorue sit uel stellae similis excursus?",non potest fieri ut aer uim igneam usque in aethera elidat ex qua fulgor ardorue sit uel stellae similis excursus,non potest fieri ut aer uim igneam usque in aethera elidat ex qua fulgor ardorue sit uel stellae similis excursus
12196,body,127,0,False,,"Ex his fulgoribus quaedam praeceps eunt similia prosilientibus stellis, quaedam certo loco permanent et tantum lucis emittunt, ut fugent tenebras ac diem repraesentent, donec consumpto alimento primum obscuriora sint, deinde flammae modo, quae in se cadit, per assiduam deminutionem redigantur ad nihilum.",ex his fulgoribus quaedam praeceps eunt similia prosilientibus stellis quaedam certo loco permanent et tantum lucis emittunt ut fugent tenebras ac diem repraesentent donec consumpto alimento primum obscuriora sint deinde flammae modo quae in se cadit per assiduam deminutionem redigantur ad nihilum,ex his fulgoribus quaedam praeceps eunt similia prosilientibus stellis quaedam certo loco permanent et tantum lucis emittunt ut fugent tenebras ac diem repraesentent donec consumpto alimento primum obscuriora sint deinde flammae modo quae in se cadit per assiduam deminutionem redigantur ad nihilum
12196,body,127,1,True,,"Ex his quaedam in nubibus apparent, quaedam supra nubes, cum aer spissus ignem, quem propior terris diu pauerat, usque in sidera expressit.",ex his quaedam in nubibus apparent quaedam supra nubes cum aer spissus ignem quem propior terris diu pauerat usque in sidera expressit,ex his quaedam in nubibus apparent quaedam supra nubes cum aer spissus ignem quem propior terris diu pauerat usque in sidera expressit
12196,body,128,0,False,,"Horum aliqua non patiuntur moram sed transcurrunt aut extinguntur subinde, qua reluxerant: haec fulgura dicuntur, quia breuis illorum facies et caduca est nec sine iniuria decidens; saepe enim fulminum noxas ediderunt.",horum aliqua non patiuntur moram sed transcurrunt aut extinguntur subinde qua reluxerant haec fulgura dicuntur quia breuis illorum facies et caduca est nec sine iniuria decidens saepe enim fulminum noxas ediderunt,horum aliqua non patiuntur moram sed transcurrunt aut extinguntur subinde qua reluxerant haec fulgura dicuntur quia breuis illorum facies et caduca est nec sine iniuria decidens saepe enim fulminum noxas ediderunt
12196,body,128,1,True,,"Ab his tacta nos dicimus icta sine fulmine, quae G–asteroplekta Graeci uocant.",ab his tacta nos dicimus icta sine fulmine quae gasteroplekta graeci uocant,ab his tacta nos dicimus icta sine fulmine quae gasteroplekta graeci uocant
12196,body,129,0,False,,"At quibus longior mora est et ignis fortior motumque caeli sequens aut etiam proprios cursus agunt, cometas nostri putant, de quibus dictum est.",at quibus longior mora est et ignis fortior motumque caeli sequens aut etiam proprios cursus agunt cometas nostri putant de quibus dictum est,at quibus longior mora est et ignis fortior motumque caeli sequens aut etiam proprios cursus agunt cometas nostri putant de quibus dictum est
12196,body,129,1,True,,"Horum genera sunt pogoniae et cyparissiae et lampades et alia omnia, quorum ignis in exitu sparsus est; dubium, an inter hos ponantur trabes et pithiae raro uisi: multa enim conglobatione ignium indigent, cum ingens illorum orbis aliquantum matutini amplitudinem solis exuperet.",horum genera sunt pogoniae et cyparissiae et lampades et alia omnia quorum ignis in exitu sparsus est dubium an inter hos ponantur trabes et pithiae raro uisi multa enim conglobatione ignium indigent cum ingens illorum orbis aliquantum matutini amplitudinem solis exuperet,horum genera sunt pogoniae et cyparissiae et lampades et alia omnia quorum ignis in exitu sparsus est dubium an inter hos ponantur trabes et pithiae raro uisi multa enim conglobatione ignium indigent cum ingens illorum orbis aliquantum matutini amplitudinem solis exuperet
12196,body,130,0,False,,"Inter haec licet ponas et quod frequenter in historiis legimus caelum ardere uisum, cuius nonnumquam tam sublimis ardor est, ut inter sidera ipsa uideatur, nonnumquam tam humilis, ut speciem longinqui incendii praebeat.",inter haec licet ponas et quod frequenter in historiis legimus caelum ardere uisum cuius nonnumquam tam sublimis ardor est ut inter sidera ipsa uideatur nonnumquam tam humilis ut speciem longinqui incendii praebeat,inter haec licet ponas et quod frequenter in historiis legimus caelum ardere uisum cuius nonnumquam tam sublimis ardor est ut inter sidera ipsa uideatur nonnumquam tam humilis ut speciem longinqui incendii praebeat
12196,body,130,1,True,,"Sub Tiberio Caesare cohortes in auxilium Ostiensis coloniae cucurrerunt tamquam conflagrantis, cum caeli ardor fuisset per magnam partem noctis parum lucidus, crassi fumidique ignis.",sub tiberio caesare cohortes in auxilium ostiensis coloniae cucurrerunt tamquam conflagrantis cum caeli ardor fuisset per magnam partem noctis parum lucidus crassi fumidique ignis,sub tiberio caesare cohortes in auxilium ostiensis coloniae cucurrerunt tamquam conflagrantis cum caeli ardor fuisset per magnam partem noctis parum lucidus crassi fumidique ignis
12196,body,131,0,False,,"De his nemo dubitat, quin habeant flammam, quam ostendunt: certa illis substantia est.",de his nemo dubitat quin habeant flammam quam ostendunt certa illis substantia est,de his nemo dubitat quin habeant flammam quam ostendunt certa illis substantia est
12196,body,131,1,True,,"De prioribus quaeritur (de arcu dico et coronis), decipiant aciem et mendacio constent an in illis quoque uerum sit, quod apparet.",de prioribus quaeritur de arcu dico et coronis decipiant aciem et mendacio constent an in illis quoque uerum sit quod apparet,de prioribus quaeritur de arcu dico et coronis decipiant aciem et mendacio constent an in illis quoque uerum sit quod apparet
12196,body,132,0,False,,"Nobis non placet in arcu aut corona subesse aliquid corporis certi, sed illam iudicamus speculi esse fallaciam alienum corpus nihil aliud quam mentientis.",nobis non placet in arcu aut corona subesse aliquid corporis certi sed illam iudicamus speculi esse fallaciam alienum corpus nihil aliud quam mentientis,nobis non placet in arcu aut corona subesse aliquid corporis certi sed illam iudicamus speculi esse fallaciam alienum corpus nihil aliud quam mentientis
12196,body,132,1,False,,Non est enim quod in speculo ostenditur.,non est enim quod in speculo ostenditur,non est enim quod in speculo ostenditur
12196,body,132,2,True,,"Alioquin non exiret nec alia protinus imagine obduceretur, nec innumerabiles modo interirent modo exciperentur formae.",alioquin non exiret nec alia protinus imagine obduceretur nec innumerabiles modo interirent modo exciperentur formae,alioquin non exiret nec alia protinus imagine obduceretur nec innumerabiles modo interirent modo exciperentur formae
12196,body,133,0,False,,Quid ergo?,quid ergo,quid ergo
12196,body,133,1,False,,"Simulacra ista sunt et inanis uerorum corporum imitatio, quae ipsa a quibusdam ita compositis, ut hoc possint, detorquentur in prauum.",simulacra ista sunt et inanis uerorum corporum imitatio quae ipsa a quibusdam ita compositis ut hoc possint detorquentur in prauum,simulacra ista sunt et inanis uerorum corporum imitatio quae ipsa a quibusdam ita compositis ut hoc possint detorquentur in prauum
12196,body,133,2,True,,"Nam, ut dixi, sunt specula, quae faciem prospicientium obliquent, sunt quae in infinitum augeant, ita ut humanum habitum modumque excedant nostrorum corporum.",nam ut dixi sunt specula quae faciem prospicientium obliquent sunt quae in infinitum augeant ita ut humanum habitum modumque excedant nostrorum corporum,nam ut dixi sunt specula quae faciem prospicientium obliquent sunt quae in infinitum augeant ita ut humanum habitum modumque excedant nostrorum corporum
12196,head,134,0,True,,CAPUT 16,caput,caput
12196,body,135,0,False,,"Hoc loco uolo tibi narrare fabellam, ut intellegas, quam nullum instrumentum irritandae uoluptatis libido contemnat et ingeniosa sit ad incitandum furorem suum.",hoc loco uolo tibi narrare fabellam ut intellegas quam nullum instrumentum irritandae uoluptatis libido contemnat et ingeniosa sit ad incitandum furorem suum,hoc loco uolo tibi narrare fabellam ut intellegas quam nullum instrumentum irritandae uoluptatis libido contemnat et ingeniosa sit ad incitandum furorem suum
12196,body,135,1,False,,"Hostius fuit Quadra, obscenitatis in scaenam usque productae.",hostius fuit quadra obscenitatis in scaenam usque productae,hostius fuit quadra obscenitatis in scaenam usque productae
12196,body,135,2,True,,"Hunc diuitem auarum, sestertii milies seruum, diuus Augustus indignum uindicta iudicauit, cum a seruis occisus esset, et tantum non pronuntiauit iure caesum uideri.",hunc diuitem auarum sestertii milies seruum diuus augustus indignum uindicta iudicauit cum a seruis occisus esset et tantum non pronuntiauit iure caesum uideri,hunc diuitem auarum sestertii milies seruum diuus augustus indignum uindicta iudicauit cum a seruis occisus esset et tantum non pronuntiauit iure caesum uideri
12196,body,136,0,False,,"Non erat ille ab uno tantummodo sexu impurus, sed tam uirorum quam feminarum auidus fuit, fecitque specula huius notae, cuius modo rettuli, imagines longe maiores reddentia, in quibus digitus brachii mensuram et crassitudinem excederet.",non erat ille ab uno tantummodo sexu impurus sed tam uirorum quam feminarum auidus fuit fecitque specula huius notae cuius modo rettuli imagines longe maiores reddentia in quibus digitus brachii mensuram et crassitudinem excederet,non erat ille ab uno tantummodo sexu impurus sed tam uirorum quam feminarum auidus fuit fecitque specula huius notae cuius modo rettuli imagines longe maiores reddentia in quibus digitus brachii mensuram et crassitudinem excederet
12196,body,136,1,True,,"Haec autem ita disponebat, ut cum uirum ipse pateretur, auersus omnes admissarii sui motus in speculo uideret ac deinde falsa magnitudine ipsius membri tamquam uera gaudebat.",haec autem ita disponebat ut cum uirum ipse pateretur auersus omnes admissarii sui motus in speculo uideret ac deinde falsa magnitudine ipsius membri tamquam uera gaudebat,haec autem ita disponebat ut cum uirum ipse pateretur auersus omnes admissarii sui motus in speculo uideret ac deinde falsa magnitudine ipsius membri tamquam uera gaudebat
12196,body,137,0,False,,"In omnibus quidem balneis agebat ille dilectum et aperta mensura legebat uiros, sed nihilominus mendaciis quoque insatiabile malum oblectabat.",in omnibus quidem balneis agebat ille dilectum et aperta mensura legebat uiros sed nihilominus mendaciis quoque insatiabile malum oblectabat,in omnibus quidem balneis agebat ille dilectum et aperta mensura legebat uiros sed nihilominus mendaciis quoque insatiabile malum oblectabat
12196,body,137,1,False,,I nunc et dic speculum munditiarum causa repertum.,i nunc et dic speculum munditiarum causa repertum,i nunc et dic speculum munditiarum causa repertum
12196,body,137,2,True,,"Foeda dictu sunt, quae portentum illud ore suo lancinandum dixerit feceritque, cum illi specula ab omni parte opponerentur, ut ipse flagitiorum suorum spectator esset et, quae secreta quoque conscientiam premunt quaeque sibi quisque fecisse se negat, non in os tantum sed in oculos suos ingereret.",foeda dictu sunt quae portentum illud ore suo lancinandum dixerit feceritque cum illi specula ab omni parte opponerentur ut ipse flagitiorum suorum spectator esset et quae secreta quoque conscientiam premunt quaeque sibi quisque fecisse se negat non in os tantum sed in oculos suos ingereret,foeda dictu sunt quae portentum illud ore suo lancinandum dixerit feceritque cum illi specula ab omni parte opponerentur ut ipse flagitiorum suorum spectator esset et quae secreta quoque conscientiam premunt quaeque sibi quisque fecisse se negat non in os tantum sed in oculos suos ingereret
12196,body,138,0,False,,At hercule scelera conspectum sui reformidant.,at hercule scelera conspectum sui reformidant,at hercule scelera conspectum sui reformidant
12196,body,138,1,False,,In perditis quoque et ad omne dedecus expositis tenerrima est oculorum uerecundia.,in perditis quoque et ad omne dedecus expositis tenerrima est oculorum uerecundia,in perditis quoque et ad omne dedecus expositis tenerrima est oculorum uerecundia
12196,body,138,2,True,,"Ille, quasi parum esset inaudita et incognita pati, oculos suos ad illa aduocauit nec quantum peccabat uidere contentus, specula sibi per quae flagitia sua diuideret disponeretque circumdedit; et quia non tam diligenter intueri poterat, cum caput merserat inguinibusque alienis obhaeserat, opus sibi suum per imagines offerebat.",ille quasi parum esset inaudita et incognita pati oculos suos ad illa aduocauit nec quantum peccabat uidere contentus specula sibi per quae flagitia sua diuideret disponeretque circumdedit et quia non tam diligenter intueri poterat cum caput merserat inguinibusque alienis obhaeserat opus sibi suum per imagines offerebat,ille quasi parum esset inaudita et incognita pati oculos suos ad illa aduocauit nec quantum peccabat uidere contentus specula sibi per quae flagitia sua diuideret disponeretque circumdedit et quia non tam diligenter intueri poterat cum caput merserat inguinibusque alienis obhaeserat opus sibi suum per imagines offerebat
12196,body,139,0,False,,"Spectabat illam libidinem oris sui, spectabat admissos sibi pariter in omnia uiros; nonnumquam inter marem et feminam distributus et toto corpore patientiae expositus spectabat nefanda: quidnam homo impurus reliquit, quod in tenebris faceret?",spectabat illam libidinem oris sui spectabat admissos sibi pariter in omnia uiros nonnumquam inter marem et feminam distributus et toto corpore patientiae expositus spectabat nefanda quidnam homo impurus reliquit quod in tenebris faceret,spectabat illam libidinem oris sui spectabat admissos sibi pariter in omnia uiros nonnumquam inter marem et feminam distributus et toto corpore patientiae expositus spectabat nefanda quidnam homo impurus reliquit quod in tenebris faceret
12196,body,139,1,True,,"Non pertimuit diem, sed illos concubitus portentuosos sibi ipse ostendit, sibi ipse approbauit: quem non putes in ipso habitu pingi noluisse?",non pertimuit diem sed illos concubitus portentuosos sibi ipse ostendit sibi ipse approbauit quem non putes in ipso habitu pingi noluisse,non pertimuit diem sed illos concubitus portentuosos sibi ipse ostendit sibi ipse approbauit quem non putes in ipso habitu pingi noluisse
12196,body,140,0,False,,"Est aliqua etiam prostitutis modestia et illa corpora publico obiecta ludibrio aliquid, quo infelix patientia lateat obtendunt; adeo in quaedam lupanar quoque uerecundum est.",est aliqua etiam prostitutis modestia et illa corpora publico obiecta ludibrio aliquid quo infelix patientia lateat obtendunt adeo in quaedam lupanar quoque uerecundum est,est aliqua etiam prostitutis modestia et illa corpora publico obiecta ludibrio aliquid quo infelix patientia lateat obtendunt adeo in quaedam lupanar quoque uerecundum est
12196,body,140,1,True,,"At illud monstrum obscenitatem suam spectaculum fecerat et ea sibi ostentabat, quibus abscondendis nulla satis alta nox est.",at illud monstrum obscenitatem suam spectaculum fecerat et ea sibi ostentabat quibus abscondendis nulla satis alta nox est,at illud monstrum obscenitatem suam spectaculum fecerat et ea sibi ostentabat quibus abscondendis nulla satis alta nox est
12196,body,141,0,True,,"""Simul, inquit, et uirum et feminam patior; nihilominus illa quoque superuacua mihi parte alicuius contumelia marem exerceo; omnia membra stupris occupata sunt: oculi quoque in partem libidinis ueniant et testes eius exactoresque sint; etiam ea, quae a conspectu corporis nostri positio submouit, arte uisantur, ne quis me putet nescire, quid faciam.",simul inquit et uirum et feminam patior nihilominus illa quoque superuacua mihi parte alicuius contumelia marem exerceo omnia membra stupris occupata sunt oculi quoque in partem libidinis ueniant et testes eius exactoresque sint etiam ea quae a conspectu corporis nostri positio submouit arte uisantur ne quis me putet nescire quid faciam,simul inquit et uirum et feminam patior nihilominus illa quoque superuacua mihi parte alicuius contumelia marem exerceo omnia membra stupris occupata sunt oculi quoque in partem libidinis ueniant et testes eius exactoresque sint etiam ea quae a conspectu corporis nostri positio submouit arte uisantur ne quis me putet nescire quid faciam
12196,body,142,0,False,,"Nil egit natura, quod humanae libidini ministeria tam maligna dedit, quod aliorum animalium concubitus melius instruxit: inueniam, quemadmodum morbo meo et imponam et satisfaciam.",nil egit natura quod humanae libidini ministeria tam maligna dedit quod aliorum animalium concubitus melius instruxit inueniam quemadmodum morbo meo et imponam et satisfaciam,nil egit natura quod humanae libidini ministeria tam maligna dedit quod aliorum animalium concubitus melius instruxit inueniam quemadmodum morbo meo et imponam et satisfaciam
12196,body,142,1,False,,"Quo nequitiam meam, si ad naturae modum pecco?",quo nequitiam meam si ad naturae modum pecco,quo nequitiam meam si ad naturae modum pecco
12196,body,142,2,True,,"Id genus speculorum circumponam mihi, quod incredibilem magnitudinem imaginum reddat.",id genus speculorum circumponam mihi quod incredibilem magnitudinem imaginum reddat,id genus speculorum circumponam mihi quod incredibilem magnitudinem imaginum reddat
12196,body,143,0,False,,"Si liceret mi– hi, ad uerum ista perducerem: quia non licet, mendacio pascar.",si liceret mi hi ad uerum ista perducerem quia non licet mendacio pascar,si liceret mi hi ad uerum ista perducerem quia non licet mendacio pascar
12196,body,143,1,False,,"Obscenitas mea plus quam capit uideat et patientiam suam ipsa miretur"".",obscenitas mea plus quam capit uideat et patientiam suam ipsa miretur,obscenitas mea plus quam capit uideat et patientiam suam ipsa miretur
12196,body,143,2,False,,Facinus indignum!,facinus indignum,facinus indignum
12196,body,143,3,True,,Hic fortasse cito et antequam uideret occisus est: ad speculum suum immolandus fuit.,hic fortasse cito et antequam uideret occisus est ad speculum suum immolandus fuit,hic fortasse cito et antequam uideret occisus est ad speculum suum immolandus fuit
12196,head,144,0,True,,CAPUT 17,caput,caput
12196,body,145,0,True,,"Derideantur nunc philosophi, quod de speculi natura disserant; quod inquirant, quid ita facies nostra nobis et quidem in nos obuersa reddatur; quid sibi rerum natura uoluerit, quae, cum uera corpora edidisset, etiam simulacra eorum aspici uoluit;",derideantur nunc philosophi quod de speculi natura disserant quod inquirant quid ita facies nostra nobis et quidem in nos obuersa reddatur quid sibi rerum natura uoluerit quae cum uera corpora edidisset etiam simulacra eorum aspici uoluit,derideantur nunc philosophi quod de speculi natura disserant quod inquirant quid ita facies nostra nobis et quidem in nos obuersa reddatur quid sibi rerum natura uoluerit quae cum uera corpora edidisset etiam simulacra eorum aspici uoluit
12196,body,146,0,False,,"quorsus pertinuerit hanc comparare materiam excipiendarum imaginum potentem: non in hoc scilicet, ut ad speculum barbam uelleremus aut ut faciem uiri poliremus (in nul– la re illa luxuriae negotium concessit); sed primum omnium, quia imbecilli oculi ad sustinendum comminus solem ignoraturi erant formam eius, hebetato illum lumine ostendit.",quorsus pertinuerit hanc comparare materiam excipiendarum imaginum potentem non in hoc scilicet ut ad speculum barbam uelleremus aut ut faciem uiri poliremus in nul la re illa luxuriae negotium concessit sed primum omnium quia imbecilli oculi ad sustinendum comminus solem ignoraturi erant formam eius hebetato illum lumine ostendit,quorsus pertinuerit hanc comparare materiam excipiendarum imaginum potentem non in hoc scilicet ut ad speculum barbam uelleremus aut ut faciem uiri poliremus in nul la re illa luxuriae negotium concessit sed primum omnium quia imbecilli oculi ad sustinendum comminus solem ignoraturi erant formam eius hebetato illum lumine ostendit
12196,body,146,1,True,,"Quamuis enim orientem occidentemque eum contemplari liceat, tamen habitum eius ipsum, qui uerus est, non rubentis sed candida luce fulgentis nesciremus, nisi in aliquo nobis umore lenior et aspici facilior occurreret.",quamuis enim orientem occidentemque eum contemplari liceat tamen habitum eius ipsum qui uerus est non rubentis sed candida luce fulgentis nesciremus nisi in aliquo nobis umore lenior et aspici facilior occurreret,quamuis enim orientem occidentemque eum contemplari liceat tamen habitum eius ipsum qui uerus est non rubentis sed candida luce fulgentis nesciremus nisi in aliquo nobis umore lenior et aspici facilior occurreret
12196,body,147,0,True,,"Praeterea duorum siderum occursum, quo interpolari dies solet, non uideremus nec scire possemus, quid esset, nisi liberius humi solis lunaeque imagines uideremus.",praeterea duorum siderum occursum quo interpolari dies solet non uideremus nec scire possemus quid esset nisi liberius humi solis lunaeque imagines uideremus,praeterea duorum siderum occursum quo interpolari dies solet non uideremus nec scire possemus quid esset nisi liberius humi solis lunaeque imagines uideremus
12196,body,148,0,False,,"Inuenta sunt specula, ut homo ipse se nosset, multa ex hoc consecuturus, primum sui notitiam, deinde ad quaedam consilium: formosus, ut uitaret infamiam; deformis, ut sciret redimendum esse uirtutibus quicquid corpori deesset; iuuenis, ut flore aetatis admoneretur illud tempus esse discendi et fortia audendi; senex, ut indecora canis deponeret, ut de morte aliquid cogitaret.",inuenta sunt specula ut homo ipse se nosset multa ex hoc consecuturus primum sui notitiam deinde ad quaedam consilium formosus ut uitaret infamiam deformis ut sciret redimendum esse uirtutibus quicquid corpori deesset iuuenis ut flore aetatis admoneretur illud tempus esse discendi et fortia audendi senex ut indecora canis deponeret ut de morte aliquid cogitaret,inuenta sunt specula ut homo ipse se nosset multa ex hoc consecuturus primum sui notitiam deinde ad quaedam consilium formosus ut uitaret infamiam deformis ut sciret redimendum esse uirtutibus quicquid corpori deesset iuuenis ut flore aetatis admoneretur illud tempus esse discendi et fortia audendi senex ut indecora canis deponeret ut de morte aliquid cogitaret
12196,body,148,1,True,,Ad haec rerum natura facultatem nobis dedit nosmet ipsos uidendi,ad haec rerum natura facultatem nobis dedit nosmet ipsos uidendi,ad haec rerum natura facultatem nobis dedit nosmet ipsos uidendi
12196,body,149,0,False,,"Fons cuique perlucidus aut leue saxum imagi– nera reddit: ""nuper me in litore uidi, cum placidum uentis staret mare.",fons cuique perlucidus aut leue saxum imagi nera reddit nuper me in litore uidi cum placidum uentis staret mare,fons cuique perlucidus aut leue saxum imagi nera reddit nuper me in litore uidi cum placidum uentis staret mare
12196,body,149,1,False,,""" Qualem fuisse cultum putas ad hoc se speculum comentium?",qualem fuisse cultum putas ad hoc se speculum comentium,qualem fuisse cultum putas ad hoc se speculum comentium
12196,body,149,2,True,,Aetas illa simplicior et fortuitis contenta nondum in uitium beneficia detorquebat nec inuenta naturae in libidinem luxumque rapiebat.,aetas illa simplicior et fortuitis contenta nondum in uitium beneficia detorquebat nec inuenta naturae in libidinem luxumque rapiebat,aetas illa simplicior et fortuitis contenta nondum in uitium beneficia detorquebat nec inuenta naturae in libidinem luxumque rapiebat
12196,body,150,0,False,,Primo faciem suam cuique casus ostendit.,primo faciem suam cuique casus ostendit,primo faciem suam cuique casus ostendit
12196,body,150,1,False,,"Deinde cum insitus sui mortalibus amor dulcem aspectum formae suae faceret, saepius ea despexere, in quibus effigies suas uiderant.",deinde cum insitus sui mortalibus amor dulcem aspectum formae suae faceret saepius ea despexere in quibus effigies suas uiderant,deinde cum insitus sui mortalibus amor dulcem aspectum formae suae faceret saepius ea despexere in quibus effigies suas uiderant
12196,body,150,2,True,,"Postquam deterior populus ipsas subiit terras effossurus obruenda, ferrum primum in usu fuit (et id impune homines eruerant, si solum eruissent), tunc deinde alia terre mala, quorum leuitas aliud agentibus speciem suam obtulit, quam hic in poculo ille in aere ad alios usus comparato uidit; et mox huic proprie ministerio praeparatus est orbis nondum argenti nitor sed fraglis uilisque materia.",postquam deterior populus ipsas subiit terras effossurus obruenda ferrum primum in usu fuit et id impune homines eruerant si solum eruissent tunc deinde alia terre mala quorum leuitas aliud agentibus speciem suam obtulit quam hic in poculo ille in aere ad alios usus comparato uidit et mox huic proprie ministerio praeparatus est orbis nondum argenti nitor sed fraglis uilisque materia,postquam deterior populus ipsas subiit terras effossurus obruenda ferrum primum in usu fuit et id impune homines eruerant si solum eruissent tunc deinde alia terre mala quorum leuitas aliud agentibus speciem suam obtulit quam hic in poculo ille in aere ad alios usus comparato uidit et mox huic proprie ministerio praeparatus est orbis nondum argenti nitor sed fraglis uilisque materia
12196,body,151,0,True,,"Tunc quoque, cum antiqui illi uiri incondite uiuerent, satis nitidi, si squalorem opere collectum aduerso flumine eluerant, cura comere capillum fuit ac prominentem barbam depectere, sed in hac re sibi quisque, non alteri in uicem, operam dabat. coniugum quidem manu crinis ille, quem effundere olim mos uiris fuit, attrectabatur, sed illum sibi ipsi sine ullo artifice formosi quatiebant, non aliter quam iubam generosa animalia.",tunc quoque cum antiqui illi uiri incondite uiuerent satis nitidi si squalorem opere collectum aduerso flumine eluerant cura comere capillum fuit ac prominentem barbam depectere sed in hac re sibi quisque non alteri in uicem operam dabat coniugum quidem manu crinis ille quem effundere olim mos uiris fuit attrectabatur sed illum sibi ipsi sine ullo artifice formosi quatiebant non aliter quam iubam generosa animalia,tunc quoque cum antiqui illi uiri incondite uiuerent satis nitidi si squalorem opere collectum aduerso flumine eluerant cura comere capillum fuit ac prominentem barbam depectere sed in hac re sibi quisque non alteri in uicem operam dabat coniugum quidem manu crinis ille quem effundere olim mos uiris fuit attrectabatur sed illum sibi ipsi sine ullo artifice formosi quatiebant non aliter quam iubam generosa animalia
12196,body,152,0,False,,"Postea, iam rerum potiente luxuria, specula totis paria corporibus auro argentoque caelata sunt, gemmis deinde adornata; et pluris unum ex his feminae constitit, quam antiquarum dos fuit illa, quae publice dabatur imperatorum pauperum liberis.",postea iam rerum potiente luxuria specula totis paria corporibus auro argentoque caelata sunt gemmis deinde adornata et pluris unum ex his feminae constitit quam antiquarum dos fuit illa quae publice dabatur imperatorum pauperum liberis,postea iam rerum potiente luxuria specula totis paria corporibus auro argentoque caelata sunt gemmis deinde adornata et pluris unum ex his feminae constitit quam antiquarum dos fuit illa quae publice dabatur imperatorum pauperum liberis
12196,body,152,1,True,,"An tu existimas auro inditum habuisse Scipionis filias speculum, cum illis dos fuisset aes graue?",an tu existimas auro inditum habuisse scipionis filias speculum cum illis dos fuisset aes graue,an tu existimas auro inditum habuisse scipionis filias speculum cum illis dos fuisset aes graue
12196,body,153,0,False,,"O felix paupertas, quae tanto titulo locum fecit!",o felix paupertas quae tanto titulo locum fecit,o felix paupertas quae tanto titulo locum fecit
12196,body,153,1,False,,"Non dedisset illis dotem, si habuissent.",non dedisset illis dotem si habuissent,non dedisset illis dotem si habuissent
12196,body,153,2,False,,"At quisquis ille erat, cui soceri loco senatus fuit, intellexit accepisse se dotem, quam fas non esset reddere.",at quisquis ille erat cui soceri loco senatus fuit intellexit accepisse se dotem quam fas non esset reddere,at quisquis ille erat cui soceri loco senatus fuit intellexit accepisse se dotem quam fas non esset reddere
12196,body,153,3,True,,"Iam libertinorum uirgunculis in unum speculum non sufficit illa dos, quam dedit p Ro animose.",iam libertinorum uirgunculis in unum speculum non sufficit illa dos quam dedit p ro animose,iam libertinorum uirgunculis in unum speculum non sufficit illa dos quam dedit p ro animose
12196,body,154,0,False,,"Processit enim paulatim in deterius opibus ipsis inritata luxuria, et incrementum ingens uitia ceperunt, adeoque omnia indiscreta sunt diuersissimis artibus, ut quicquid mundus muliebris uocabatur, sarcinae uiriles sint: omnes dico, etiam militares.",processit enim paulatim in deterius opibus ipsis inritata luxuria et incrementum ingens uitia ceperunt adeoque omnia indiscreta sunt diuersissimis artibus ut quicquid mundus muliebris uocabatur sarcinae uiriles sint omnes dico etiam militares,processit enim paulatim in deterius opibus ipsis inritata luxuria et incrementum ingens uitia ceperunt adeoque omnia indiscreta sunt diuersissimis artibus ut quicquid mundus muliebris uocabatur sarcinae uiriles sint omnes dico etiam militares
12196,body,154,1,False,,Iam speculum ornatus tantum causa adhibetur?,iam speculum ornatus tantum causa adhibetur,iam speculum ornatus tantum causa adhibetur
12196,body,154,2,True,,Nulli non uitio necessarium factum est.,nulli non uitio necessarium factum est,nulli non uitio necessarium factum est
12196,head,155,0,True,,Liber II,liber ii,liber ii
12196,head,156,0,True,,CAPUT 1,caput,caput
12196,body,157,0,False,,"Omnis de uniuerso quaestio in caelestia, sublimia, et terreae diuiditur.",omnis de uniuerso quaestio in caelestia sublimia et terreae diuiditur,omnis de uniuerso quaestio in caelestia sublimia et terreae diuiditur
12196,body,157,1,True,,"Prima pars naturam siderum scrutatur, et magnitudinem, et formam ignium, quibus mundus includitur: solidumne sit coelum, ac firmae concretaeque materiae, an ex subtili tenuique nexum; agatur, an agat; et infra se sidera habeat, an in contextu sui fixa; quemadmodum sol anni uices seruet; an retro flectat: cetera deinceps his similia.",prima pars naturam siderum scrutatur et magnitudinem et formam ignium quibus mundus includitur solidumne sit coelum ac firmae concretaeque materiae an ex subtili tenuique nexum agatur an agat et infra se sidera habeat an in contextu sui fixa quemadmodum sol anni uices seruet an retro flectat cetera deinceps his similia,prima pars naturam siderum scrutatur et magnitudinem et formam ignium quibus mundus includitur solidumne sit coelum ac firmae concretaeque materiae an ex subtili tenuique nexum agatur an agat et infra se sidera habeat an in contextu sui fixa quemadmodum sol anni uices seruet an retro flectat cetera deinceps his similia
12196,body,158,0,False,,Secunda pars tractat inter coelum terramque uersantia.,secunda pars tractat inter coelum terramque uersantia,secunda pars tractat inter coelum terramque uersantia
12196,body,158,1,False,,"Haec sont nubila, imbres, niues, et « humanas motura tonitrua mentes; » quaecumque aer facit patiturue.",haec sont nubila imbres niues et humanas motura tonitrua mentes quaecumque aer facit patiturue,haec sont nubila imbres niues et humanas motura tonitrua mentes quaecumque aer facit patiturue
12196,body,158,2,False,,"Haec sublimia dicimus, quia editiora imis sunt.",haec sublimia dicimus quia editiora imis sunt,haec sublimia dicimus quia editiora imis sunt
12196,body,158,3,True,,"Tertia illa pars de agris, terris, arbustis, satis, quaerit, et, ut iurisconsultorum uerbo utar, de omnibus quae solo continentur.",tertia illa pars de agris terris arbustis satis quaerit et ut iurisconsultorum uerbo utar de omnibus quae solo continentur,tertia illa pars de agris terris arbustis satis quaerit et ut iurisconsultorum uerbo utar de omnibus quae solo continentur
12196,body,159,0,False,,"Quomodo, inquis, de terrarum motu quaestionem eo posuisti loco, quo de tonitruis fulgoribusque dicturus?",quomodo inquis de terrarum motu quaestionem eo posuisti loco quo de tonitruis fulgoribusque dicturus,quomodo inquis de terrarum motu quaestionem eo posuisti loco quo de tonitruis fulgoribusque dicturus
12196,body,159,1,True,,"Quia, cum motus terrae fiat spiritu, spiritus autem sit aer agitatus, etsi subeat terras, non ibi spectandus est: cogitetur in ea sede, in qua illum natura disposuit.",quia cum motus terrae fiat spiritu spiritus autem sit aer agitatus etsi subeat terras non ibi spectandus est cogitetur in ea sede in qua illum natura disposuit,quia cum motus terrae fiat spiritu spiritus autem sit aer agitatus etsi subeat terras non ibi spectandus est cogitetur in ea sede in qua illum natura disposuit
12196,body,160,0,False,,"Dicam, quod magis uidebitur mirum: inter coelestia et de terra dicendum erit. Quare?",dicam quod magis uidebitur mirum inter coelestia et de terra dicendum erit quare,dicam quod magis uidebitur mirum inter coelestia et de terra dicendum erit quare
12196,body,160,1,True,,"inquis; quia cum propria terrae excutimus suo loco, utrum lata sit, et inaequalis, et enormiter proiecta, an tota in formam pilae spectet, et in orbem partes suas cogat; alliget aquas, an aquis alligetur ipsa; animal sit, an iners corpus et sine sensu, plenum quidem spiritus, sed alieni; et cetera huiusmodi quoties in manus uenerint, terram sequentur, et in imis collocabuntur.",inquis quia cum propria terrae excutimus suo loco utrum lata sit et inaequalis et enormiter proiecta an tota in formam pilae spectet et in orbem partes suas cogat alliget aquas an aquis alligetur ipsa animal sit an iners corpus et sine sensu plenum quidem spiritus sed alieni et cetera huiusmodi quoties in manus uenerint terram sequentur et in imis collocabuntur,inquis quia cum propria terrae excutimus suo loco utrum lata sit et inaequalis et enormiter proiecta an tota in formam pilae spectet et in orbem partes suas cogat alliget aquas an aquis alligetur ipsa animal sit an iners corpus et sine sensu plenum quidem spiritus sed alieni et cetera huiusmodi quoties in manus uenerint terram sequentur et in imis collocabuntur
12196,body,161,0,True,,"At ubi quaeretur, quis terrae sit situs, qua parte mundi subsederit, quomodo aduersus sidera coelumque posita sit, haec quaestio cedit superioribus, et, ut ita dicam, meliorem conditionem sequitur.",at ubi quaeretur quis terrae sit situs qua parte mundi subsederit quomodo aduersus sidera coelumque posita sit haec quaestio cedit superioribus et ut ita dicam meliorem conditionem sequitur,at ubi quaeretur quis terrae sit situs qua parte mundi subsederit quomodo aduersus sidera coelumque posita sit haec quaestio cedit superioribus et ut ita dicam meliorem conditionem sequitur
12196,head,162,0,True,,CAPUT 2,caput,caput
12196,body,163,0,True,,"Quoniam dixi de partibus, in quas omnis rerum naturae materia diuiditur, quaedam in commune sunt dicenda, et hoc primum praesumendum, inter ea corpora, a quibus unitas est, aera esse.",quoniam dixi de partibus in quas omnis rerum naturae materia diuiditur quaedam in commune sunt dicenda et hoc primum praesumendum inter ea corpora a quibus unitas est aera esse,quoniam dixi de partibus in quas omnis rerum naturae materia diuiditur quaedam in commune sunt dicenda et hoc primum praesumendum inter ea corpora a quibus unitas est aera esse
12196,body,164,0,False,,"Quid sit hoc et quare praecipiendum fuerit, scies si paulo altius repetiero, et dixero aliquid esse continuum, aliquid commissum.",quid sit hoc et quare praecipiendum fuerit scies si paulo altius repetiero et dixero aliquid esse continuum aliquid commissum,quid sit hoc et quare praecipiendum fuerit scies si paulo altius repetiero et dixero aliquid esse continuum aliquid commissum
12196,body,164,1,False,,Continuatio est partium inter se non intermissa coniunctio.,continuatio est partium inter se non intermissa coniunctio,continuatio est partium inter se non intermissa coniunctio
12196,body,164,2,True,,"Unitas est sine commissura continuatio, et duorum inter se coniunctorum corporum tactus.",unitas est sine commissura continuatio et duorum inter se coniunctorum corporum tactus,unitas est sine commissura continuatio et duorum inter se coniunctorum corporum tactus
12196,body,165,0,False,,"Numquid dubium est, quin ex his corporibus quae uidemus tractamusque, quae aut sentiuntur aut sentiunt, quaedam sint composita?",numquid dubium est quin ex his corporibus quae uidemus tractamusque quae aut sentiuntur aut sentiunt quaedam sint composita,numquid dubium est quin ex his corporibus quae uidemus tractamusque quae aut sentiuntur aut sentiunt quaedam sint composita
12196,body,165,1,False,,"Illa constant aut nexu, aut aceruatione: ut puta funis, frumentum, nauis.",illa constant aut nexu aut aceruatione ut puta funis frumentum nauis,illa constant aut nexu aut aceruatione ut puta funis frumentum nauis
12196,body,165,2,False,,Rursus non composita: ut arbor lapis.,rursus non composita ut arbor lapis,rursus non composita ut arbor lapis
12196,body,165,3,True,,"Ergo concedas oportet ex his quoque quae sensum quidem effugiunt, ceterum ratione prenduntur, esse in quibusdam unitatem corporum.",ergo concedas oportet ex his quoque quae sensum quidem effugiunt ceterum ratione prenduntur esse in quibusdam unitatem corporum,ergo concedas oportet ex his quoque quae sensum quidem effugiunt ceterum ratione prenduntur esse in quibusdam unitatem corporum
12196,body,166,0,False,,Vide quomodo auribus tuis parcam.,vide quomodo auribus tuis parcam,uide quomodo auribus tuis parcam
12196,body,166,1,False,,"Expedire me poteram, si philosophorum lingua uti uoluissem, ut dicerem unita corpora.",expedire me poteram si philosophorum lingua uti uoluissem ut dicerem unita corpora,expedire me poteram si philosophorum lingua uti uoluissem ut dicerem unita corpora
12196,body,166,2,False,,"Hoc cum tibi remittam, tu inuicem mihi refer gratiam.",hoc cum tibi remittam tu inuicem mihi refer gratiam,hoc cum tibi remittam tu inuicem mihi refer gratiam
12196,body,166,3,False,,Quare istud?,quare istud,quare istud
12196,body,166,4,False,,"si quando dixero unum, memineris me non ad numerum referre, sed ad naturam corporis, nulla ope externa, sed unitate sua cohaerentis.",si quando dixero unum memineris me non ad numerum referre sed ad naturam corporis nulla ope externa sed unitate sua cohaerentis,si quando dixero unum memineris me non ad numerum referre sed ad naturam corporis nulla ope externa sed unitate sua cohaerentis
12196,body,166,5,True,,Ex hac nota corporum aer est.,ex hac nota corporum aer est,ex hac nota corporum aer est
12196,head,167,0,True,,CAPUT 3,caput,caput
12196,body,168,0,False,,"Omnia que in notitiam nostram cadunt uel cadere possunt, mundus complectitur.",omnia que in notitiam nostram cadunt uel cadere possunt mundus complectitur,omnia que in notitiam nostram cadunt uel cadere possunt mundus complectitur
12196,body,168,1,True,,"Ex bis quaedam sunt partes, quaedam materiae loco relicta; desiderat enim omnis natura materiam, sicut ars omnis quae manu constat.",ex bis quaedam sunt partes quaedam materiae loco relicta desiderat enim omnis natura materiam sicut ars omnis quae manu constat,ex bis quaedam sunt partes quaedam materiae loco relicta desiderat enim omnis natura materiam sicut ars omnis quae manu constat
12196,body,169,0,False,,"Quid sit hoc, apertius faciam.",quid sit hoc apertius faciam,quid sit hoc apertius faciam
12196,body,169,1,False,,"Pars est nostri oculus, manus, ossa, nerui.",pars est nostri oculus manus ossa nerui,pars est nostri oculus manus ossa nerui
12196,body,169,2,False,,Materia sucus recentis cibi iturus in partes.,materia sucus recentis cibi iturus in partes,materia sucus recentis cibi iturus in partes
12196,body,169,3,True,,"Rursus quasi pars est sanguis nostri, qui et tamen est materia; praeparat enim is alia, et nihilominus in numero eorum est quibus totum corpus efficitur.",rursus quasi pars est sanguis nostri qui et tamen est materia praeparat enim is alia et nihilominus in numero eorum est quibus totum corpus efficitur,rursus quasi pars est sanguis nostri qui et tamen est materia praeparat enim is alia et nihilominus in numero eorum est quibus totum corpus efficitur
12196,head,170,0,True,,CAPUT 4,caput,caput
12196,body,171,0,False,,"Sic mundi pars est aer, et quidem necessaria.",sic mundi pars est aer et quidem necessaria,sic mundi pars est aer et quidem necessaria
12196,body,171,1,False,,"Hic est enim qui caelum terramque connectit, qui ima ac summa sic separat ut tamen iungat.",hic est enim qui caelum terramque connectit qui ima ac summa sic separat ut tamen iungat,hic est enim qui caelum terramque connectit qui ima ac summa sic separat ut tamen iungat
12196,body,171,2,True,,"Separat, quia medius interuenit; iungit quia utrique per hunc inter se consensus est; supra se dat quicquid accepit a terris, rursus uim siderum in terrena transfundit.",separat quia medius interuenit iungit quia utrique per hunc inter se consensus est supra se dat quicquid accepit a terris rursus uim siderum in terrena transfundit,separat quia medius interuenit iungit quia utrique per hunc inter se consensus est supra se dat quicquid accepit a terris rursus uim siderum in terrena transfundit
12196,body,172,0,False,,Quasi partem mundi uoco ut animalia et arbusta.,quasi partem mundi uoco ut animalia et arbusta,quasi partem mundi uoco ut animalia et arbusta
12196,body,172,1,False,,"Nam genus animalium arbustorumque pars uniuersi est, quia in consummationem totius assumptum et quia non est sine hoc uniuersum.",nam genus animalium arbustorumque pars uniuersi est quia in consummationem totius assumptum et quia non est sine hoc uniuersum,nam genus animalium arbustorumque pars uniuersi est quia in consummationem totius assumptum et quia non est sine hoc uniuersum
12196,body,172,2,False,,"Vnum autem animal et una arbor quasi pars est, quia, quamuis perierit, tamen id ex quo perit, totum est.",vnum autem animal et una arbor quasi pars est quia quamuis perierit tamen id ex quo perit totum est,unum autem animal et una arbor quasi pars est quia quamuis perierit tamen id ex quo perit totum est
12196,body,172,3,False,,"Aer autem, ut dicebam, et caelo et terris cohaeret; utrique innatus est.",aer autem ut dicebam et caelo et terris cohaeret utrique innatus est,aer autem ut dicebam et caelo et terris cohaeret utrique innatus est
12196,body,172,4,False,,Habet autem unitatem quicquid alicuius rei natiua pars est.,habet autem unitatem quicquid alicuius rei natiua pars est,habet autem unitatem quicquid alicuius rei natiua pars est
12196,body,172,5,True,,Nihil enim nascitur sine unitate.,nihil enim nascitur sine unitate,nihil enim nascitur sine unitate
12196,head,173,0,True,,CAPUT 5,caput,caput
12196,body,174,0,False,,Terra et pars est mundi et materia.,terra et pars est mundi et materia,terra et pars est mundi et materia
12196,body,174,1,True,,"Pars quare sit, non puto te interrogaturum, aut aeque interroga quare caelum pars sit; quia scilicet non magis sine hoc quam sine illa uniuersum potest esse, quod cum his uniuersum est, ex quibus, id est, tam ex illo quam ex ista, alimenta omnibus animalibus, omnibus satis, omnibus stellis diuiduntur.",pars quare sit non puto te interrogaturum aut aeque interroga quare caelum pars sit quia scilicet non magis sine hoc quam sine illa uniuersum potest esse quod cum his uniuersum est ex quibus id est tam ex illo quam ex ista alimenta omnibus animalibus omnibus satis omnibus stellis diuiduntur,pars quare sit non puto te interrogaturum aut aeque interroga quare caelum pars sit quia scilicet non magis sine hoc quam sine illa uniuersum potest esse quod cum his uniuersum est ex quibus id est tam ex illo quam ex ista alimenta omnibus animalibus omnibus satis omnibus stellis diuiduntur
12196,body,175,0,False,,"Hinc quidquid est uirium singulis, hinc ipsi mundo tam multa poscenti subministrantur; hinc profertur quo sustineantur tot sidera tam exercita tam auida per diem noctemque ut in opere ita in pastu.",hinc quidquid est uirium singulis hinc ipsi mundo tam multa poscenti subministrantur hinc profertur quo sustineantur tot sidera tam exercita tam auida per diem noctemque ut in opere ita in pastu,hinc quidquid est uirium singulis hinc ipsi mundo tam multa poscenti subministrantur hinc profertur quo sustineantur tot sidera tam exercita tam auida per diem noctemque ut in opere ita in pastu
12196,body,175,1,False,,"Omnium quidem rerum natura, quantum in nutrimentum sui satis sit, apprehendit, mundus autem, quantum in aeternum desiderabat, inuasit.",omnium quidem rerum natura quantum in nutrimentum sui satis sit apprehendit mundus autem quantum in aeternum desiderabat inuasit,omnium quidem rerum natura quantum in nutrimentum sui satis sit apprehendit mundus autem quantum in aeternum desiderabat inuasit
12196,body,175,2,True,,Pusillum tibi exemplar magnae rei ponam: oua tantum complectuntur humoris quantum ad effectum animalis exituri satis est.,pusillum tibi exemplar magnae rei ponam oua tantum complectuntur humoris quantum ad effectum animalis exituri satis est,pusillum tibi exemplar magnae rei ponam oua tantum complectuntur humoris quantum ad effectum animalis exituri satis est
12196,head,176,0,True,,CAPUT 6,caput,caput
12196,body,177,0,False,,Aer continuus terrae est et sic appositus ut statim ibi futurus sit unde illa discesserit.,aer continuus terrae est et sic appositus ut statim ibi futurus sit unde illa discesserit,aer continuus terrae est et sic appositus ut statim ibi futurus sit unde illa discesserit
12196,body,177,1,True,,"Pars totius est mundi; sed tamen, quicquid terra in alimentum caelestium misit, recipit, ut scilicet materia, non pars, intellegi debeat; ex hoc omnis inconstantia eius tumultusque est.",pars totius est mundi sed tamen quicquid terra in alimentum caelestium misit recipit ut scilicet materia non pars intellegi debeat ex hoc omnis inconstantia eius tumultusque est,pars totius est mundi sed tamen quicquid terra in alimentum caelestium misit recipit ut scilicet materia non pars intellegi debeat ex hoc omnis inconstantia eius tumultusque est
12196,body,178,0,False,,"Hunc quidam ex distantibus corpusculis, ut puluerem, struunt plurimumque a uero recedunt.",hunc quidam ex distantibus corpusculis ut puluerem struunt plurimumque a uero recedunt,hunc quidam ex distantibus corpusculis ut puluerem struunt plurimumque a uero recedunt
12196,body,178,1,False,,"Numquam enim nisi contexti per unitatem corporis nisus est, cum partes consentire ad intentionem debeant et conferre uires.",numquam enim nisi contexti per unitatem corporis nisus est cum partes consentire ad intentionem debeant et conferre uires,numquam enim nisi contexti per unitatem corporis nisus est cum partes consentire ad intentionem debeant et conferre uires
12196,body,178,2,True,,"Aer autem, si in atomos inciditur, sparsus est; tendi uero disiecta non possunt.",aer autem si in atomos inciditur sparsus est tendi uero disiecta non possunt,aer autem si in atomos inciditur sparsus est tendi uero disiecta non possunt
12196,body,179,0,False,,"Intentionem aeris ostendent tibi inflata nec ad ictum cedentia; ostendent pondera per magnum spatium ablata gestante uento; ostendent uoces, quae remissae claraeque sunt prout aer se concitauit.",intentionem aeris ostendent tibi inflata nec ad ictum cedentia ostendent pondera per magnum spatium ablata gestante uento ostendent uoces quae remissae claraeque sunt prout aer se concitauit,intentionem aeris ostendent tibi inflata nec ad ictum cedentia ostendent pondera per magnum spatium ablata gestante uento ostendent uoces quae remissae claraeque sunt prout aer se concitauit
12196,body,179,1,True,,"Quid enim est uox nisi intentio aeris, ut audiatur, linguae formata percussu?",quid enim est uox nisi intentio aeris ut audiatur linguae formata percussu,quid enim est uox nisi intentio aeris ut audiatur linguae formata percussu
12196,body,180,0,False,,Quid?,quid,quid
12196,body,180,1,False,,"cursus et motus omnis, nonne intenti spiritus opera sunt?",cursus et motus omnis nonne intenti spiritus opera sunt,cursus et motus omnis nonne intenti spiritus opera sunt
12196,body,180,2,True,,"Hic facit uim, neruis, uelocitatem currentibus; hic, cum uehementer concitatus ipse se torsit, arbusta siluasque, conuoluit et aedificia tota corripiens in altum frangit; hic mare per se languidum et iacens incitat.",hic facit uim neruis uelocitatem currentibus hic cum uehementer concitatus ipse se torsit arbusta siluasque conuoluit et aedificia tota corripiens in altum frangit hic mare per se languidum et iacens incitat,hic facit uim neruis uelocitatem currentibus hic cum uehementer concitatus ipse se torsit arbusta siluasque conuoluit et aedificia tota corripiens in altum frangit hic mare per se languidum et iacens incitat
12196,body,181,0,False,,Ad minora ueniamus.,ad minora ueniamus,ad minora ueniamus
12196,body,181,1,False,,Quis sine intentione spiritus cantus est?,quis sine intentione spiritus cantus est,quis sine intentione spiritus cantus est
12196,body,181,2,False,,"Cornua et tubae et quae aquarum pressura maiorem sonitum formant quam qui ore reddi potest, nonne aeris intentione partes suas explicant?",cornua et tubae et quae aquarum pressura maiorem sonitum formant quam qui ore reddi potest nonne aeris intentione partes suas explicant,cornua et tubae et quae aquarum pressura maiorem sonitum formant quam qui ore reddi potest nonne aeris intentione partes suas explicant
12196,body,181,3,False,,Consideremus quae ingentem uim per occultum agunt: paruula admodum semina et quorum exilitas in commissura lapidum locum inuenit in tantum conualescunt ut ingentia saxa deturbent et monumenta dissoluant; scopulos interim rupesque radices minutissimae ac tenuissimae findunt.,consideremus quae ingentem uim per occultum agunt paruula admodum semina et quorum exilitas in commissura lapidum locum inuenit in tantum conualescunt ut ingentia saxa deturbent et monumenta dissoluant scopulos interim rupesque radices minutissimae ac tenuissimae findunt,consideremus quae ingentem uim per occultum agunt paruula admodum semina et quorum exilitas in commissura lapidum locum inuenit in tantum conualescunt ut ingentia saxa deturbent et monumenta dissoluant scopulos interim rupesque radices minutissimae ac tenuissimae findunt
12196,body,181,4,True,,"Hoc quid est aliud quam intentio spiritus, sine qua nihil ualidum et contra quam nihil ualidum est?",hoc quid est aliud quam intentio spiritus sine qua nihil ualidum et contra quam nihil ualidum est,hoc quid est aliud quam intentio spiritus sine qua nihil ualidum et contra quam nihil ualidum est
12196,body,182,0,False,,Esse autem unitatem in aere uel ex hoc intellegi potest quod corpora nostra inter se cohaerent.,esse autem unitatem in aere uel ex hoc intellegi potest quod corpora nostra inter se cohaerent,esse autem unitatem in aere uel ex hoc intellegi potest quod corpora nostra inter se cohaerent
12196,body,182,1,False,,Quid enim est aliud quod teneat illa quam spiritus?,quid enim est aliud quod teneat illa quam spiritus,quid enim est aliud quod teneat illa quam spiritus
12196,body,182,2,False,,Quid est aliud quo animus noster agitetur?,quid est aliud quo animus noster agitetur,quid est aliud quo animus noster agitetur
12196,body,182,3,False,,Quis est illi motus nisi intentio?,quis est illi motus nisi intentio,quis est illi motus nisi intentio
12196,body,182,4,False,,Quae intentio nisi ex unitate?,quae intentio nisi ex unitate,quae intentio nisi ex unitate
12196,body,182,5,False,,"Quae unitas, nisi haec esset in aere?",quae unitas nisi haec esset in aere,quae unitas nisi haec esset in aere
12196,body,182,6,True,,Quid autem aliud producit fruges et segetem imbecillam ac uirentes exigit arbores aut distendit in ramos aut in altum erigit quam spiritus intentio et unitas?,quid autem aliud producit fruges et segetem imbecillam ac uirentes exigit arbores aut distendit in ramos aut in altum erigit quam spiritus intentio et unitas,quid autem aliud producit fruges et segetem imbecillam ac uirentes exigit arbores aut distendit in ramos aut in altum erigit quam spiritus intentio et unitas
12196,head,183,0,True,,CAPUT 7,caput,caput
12196,body,184,0,False,,Quidam aera discerpunt et in particulas diducunt ita ut illi inane permisceant.,quidam aera discerpunt et in particulas diducunt ita ut illi inane permisceant,quidam aera discerpunt et in particulas diducunt ita ut illi inane permisceant
12196,body,184,1,True,,"Argumentum autem existimant non pleni corporis sed multum uacui habentis quod auibus in illo tain facilis motus, quod maximis minimisque per illum transcursus est.",argumentum autem existimant non pleni corporis sed multum uacui habentis quod auibus in illo tain facilis motus quod maximis minimisque per illum transcursus est,argumentum autem existimant non pleni corporis sed multum uacui habentis quod auibus in illo tain facilis motus quod maximis minimisque per illum transcursus est
12196,body,185,0,False,,Sed falluntur.,sed falluntur,sed falluntur
12196,body,185,1,False,,"Nam aquarum quoque similis facilitas est, nec de unitate illarum dubium est, quae sic corpora accipiunt ut semper in contrarium acceptis refluant; hanc nostri circumstantiam, Graeci g–antiperistasin appellant.",nam aquarum quoque similis facilitas est nec de unitate illarum dubium est quae sic corpora accipiunt ut semper in contrarium acceptis refluant hanc nostri circumstantiam graeci gantiperistasin appellant,nam aquarum quoque similis facilitas est nec de unitate illarum dubium est quae sic corpora accipiunt ut semper in contrarium acceptis refluant hanc nostri circumstantiam graeci gantiperistasin appellant
12196,body,185,2,False,,Quae in aere quoque sicut in aqua fit; circumsistit enim omne corpus a quo impellitur.,quae in aere quoque sicut in aqua fit circumsistit enim omne corpus a quo impellitur,quae in aere quoque sicut in aqua fit circumsistit enim omne corpus a quo impellitur
12196,body,185,3,False,,Nihil ergo opus erit admixto inani.,nihil ergo opus erit admixto inani,nihil ergo opus erit admixto inani
12196,body,185,4,True,,Sed haec alias.,sed haec alias,sed haec alias
12196,head,186,0,True,,CAPUT 8,caput,caput
12196,body,187,0,False,,Nunc autem esse quamdam in rerum natura uehementiam magni impetus est colligendum.,nunc autem esse quamdam in rerum natura uehementiam magni impetus est colligendum,nunc autem esse quamdam in rerum natura uehementiam magni impetus est colligendum
12196,body,187,1,False,,"Nihil enim non intentione uehementius est, tam mehercule quam nihil intendi ab alio poterit, nisi aliquid per semet fuerit intentum, – dicimus enim eodem modo non posse quicquam ab alio moueri, nisi aliquid fuerit mobile ex semet; – quid autem est quod magis credatur ex se ipso habere intentionem quam spiritus?",nihil enim non intentione uehementius est tam mehercule quam nihil intendi ab alio poterit nisi aliquid per semet fuerit intentum dicimus enim eodem modo non posse quicquam ab alio moueri nisi aliquid fuerit mobile ex semet quid autem est quod magis credatur ex se ipso habere intentionem quam spiritus,nihil enim non intentione uehementius est tam mehercule quam nihil intendi ab alio poterit nisi aliquid per semet fuerit intentum dicimus enim eodem modo non posse quicquam ab alio moueri nisi aliquid fuerit mobile ex semet quid autem est quod magis credatur ex se ipso habere intentionem quam spiritus
12196,body,187,2,True,,"Hunc intendi quis negabit, cum uiderit iactari terram cum montibus, tecta murosque, magnas cum populis urbes, cum totis maria litoribus?",hunc intendi quis negabit cum uiderit iactari terram cum montibus tecta murosque magnas cum populis urbes cum totis maria litoribus,hunc intendi quis negabit cum uiderit iactari terram cum montibus tecta murosque magnas cum populis urbes cum totis maria litoribus
12196,head,188,0,True,,CAPUT 9,caput,caput
12196,body,189,0,False,,Ostendit intentionem spiritus uelocitas eius et diductio.,ostendit intentionem spiritus uelocitas eius et diductio,ostendit intentionem spiritus uelocitas eius et diductio
12196,body,189,1,True,,Oculi statim per multa milia aciem suam mittunt; uox una totas urbes simul percutit; lumen non paulatim prorepit sed semel uniuersis rebus infunditur.,oculi statim per multa milia aciem suam mittunt uox una totas urbes simul percutit lumen non paulatim prorepit sed semel uniuersis rebus infunditur,oculi statim per multa milia aciem suam mittunt uox una totas urbes simul percutit lumen non paulatim prorepit sed semel uniuersis rebus infunditur
12196,body,190,0,False,,Aqua autem quemadmodum sine spiritu posset intendi?,aqua autem quemadmodum sine spiritu posset intendi,aqua autem quemadmodum sine spiritu posset intendi
12196,body,190,1,False,,Numquid dubitas quin sparsio illa quae ex fundamentis mediae harenae crescens in summam usque amphitheatri altitudinem peruenit cum intentione aquae flat?,numquid dubitas quin sparsio illa quae ex fundamentis mediae harenae crescens in summam usque amphitheatri altitudinem peruenit cum intentione aquae flat,numquid dubitas quin sparsio illa quae ex fundamentis mediae harenae crescens in summam usque amphitheatri altitudinem peruenit cum intentione aquae flat
12196,body,190,2,True,,"Atqui nec manus nec ullum aliud tormentum aquam potest mittere aut agere quam spiritus; huic se commodat; hoc attollitur inserto et cogente; contra naturam suam multa conatur et ascendit, nata defluere.",atqui nec manus nec ullum aliud tormentum aquam potest mittere aut agere quam spiritus huic se commodat hoc attollitur inserto et cogente contra naturam suam multa conatur et ascendit nata defluere,atqui nec manus nec ullum aliud tormentum aquam potest mittere aut agere quam spiritus huic se commodat hoc attollitur inserto et cogente contra naturam suam multa conatur et ascendit nata defluere
12196,body,191,0,False,,Quid?,quid,quid
12196,body,191,1,False,,"Nauigia sarcina depressa parum ostendunt non aquam sibi resistere, quo minus mergantur, sed spiritum?",nauigia sarcina depressa parum ostendunt non aquam sibi resistere quo minus mergantur sed spiritum,nauigia sarcina depressa parum ostendunt non aquam sibi resistere quo minus mergantur sed spiritum
12196,body,191,2,False,,"Aqua enim cederet nec posset pondera sustinere, nisi ipsa sustineretur.",aqua enim cederet nec posset pondera sustinere nisi ipsa sustineretur,aqua enim cederet nec posset pondera sustinere nisi ipsa sustineretur
12196,body,191,3,True,,"Discus ex loco superiore in piscinam missus non descendit, sed resilit; quemadmodum, nisi spiritu referiente?",discus ex loco superiore in piscinam missus non descendit sed resilit quemadmodum nisi spiritu referiente,discus ex loco superiore in piscinam missus non descendit sed resilit quemadmodum nisi spiritu referiente
12196,body,192,0,False,,"Vox autem qua ratione per parietum munimenta transmittitur, nisi quod solido quoque aer inest, qui sonum extrinsecus missum et accipit et remittit, scilicet spiritu non aperta tantum intendens, sed etiam abdita et inclusa, quod illi facere expeditum est, quia nusquam diuisus est sed per illa ipsa quibus separari uidetur coit secum?",vox autem qua ratione per parietum munimenta transmittitur nisi quod solido quoque aer inest qui sonum extrinsecus missum et accipit et remittit scilicet spiritu non aperta tantum intendens sed etiam abdita et inclusa quod illi facere expeditum est quia nusquam diuisus est sed per illa ipsa quibus separari uidetur coit secum,uox autem qua ratione per parietum munimenta transmittitur nisi quod solido quoque aer inest qui sonum extrinsecus missum et accipit et remittit scilicet spiritu non aperta tantum intendens sed etiam abdita et inclusa quod illi facere expeditum est quia nusquam diuisus est sed per illa ipsa quibus separari uidetur coit secum
12196,body,192,1,False,,"Interponas licet muros et mediam altitudinem montium, per omnia ista prohibetur nobis esse peruius, non sibi.",interponas licet muros et mediam altitudinem montium per omnia ista prohibetur nobis esse peruius non sibi,interponas licet muros et mediam altitudinem montium per omnia ista prohibetur nobis esse peruius non sibi
12196,body,192,2,True,,Id enim intercluditur tantum per quod illum nos sequi possumus.,id enim intercluditur tantum per quod illum nos sequi possumus,id enim intercluditur tantum per quod illum nos sequi possumus
12196,head,193,0,True,,CAPUT 10,caput,caput
12196,body,194,0,False,,"Ipse quidem per ipsum transit quo scinditur, et media non circumfundit tantum et utrimque cingit, sed permeat.",ipse quidem per ipsum transit quo scinditur et media non circumfundit tantum et utrimque cingit sed permeat,ipse quidem per ipsum transit quo scinditur et media non circumfundit tantum et utrimque cingit sed permeat
12196,body,194,1,False,,"Ab aethere lucidissimo aer in terram usque diffusus est, aggilior quidem tenuiorque et altior terris nec minus aquis, ceterum aethere spissior grauiorque, frigidus per se et obscurus.",ab aethere lucidissimo aer in terram usque diffusus est aggilior quidem tenuiorque et altior terris nec minus aquis ceterum aethere spissior grauiorque frigidus per se et obscurus,ab aethere lucidissimo aer in terram usque diffusus est aggilior quidem tenuiorque et altior terris nec minus aquis ceterum aethere spissior grauiorque frigidus per se et obscurus
12196,body,194,2,True,,Lumen illi calorque aliunde sunt.,lumen illi calorque aliunde sunt,lumen illi calorque aliunde sunt
12196,body,195,0,False,,Sed non per omne spatium sui similis est; mutatur a proximis.,sed non per omne spatium sui similis est mutatur a proximis,sed non per omne spatium sui similis est mutatur a proximis
12196,body,195,1,True,,"Summa pars eius siccissima calidissimaque et ob hoc etiam tenuissima est propter uiciniam aeternorum ignium et illos tot motus siderum assiduumque caeli circumactum; illa pars ima et uicina terris densa et caliginosa est, quia terrenas exhalationes receptat; media pars temperatior, si summis imisque conferas, quantum ad siccitatem tenuitatemque pertinet, ceterum utraque parte frigidior.",summa pars eius siccissima calidissimaque et ob hoc etiam tenuissima est propter uiciniam aeternorum ignium et illos tot motus siderum assiduumque caeli circumactum illa pars ima et uicina terris densa et caliginosa est quia terrenas exhalationes receptat media pars temperatior si summis imisque conferas quantum ad siccitatem tenuitatemque pertinet ceterum utraque parte frigidior,summa pars eius siccissima calidissimaque et ob hoc etiam tenuissima est propter uiciniam aeternorum ignium et illos tot motus siderum assiduumque caeli circumactum illa pars ima et uicina terris densa et caliginosa est quia terrenas exhalationes receptat media pars temperatior si summis imisque conferas quantum ad siccitatem tenuitatemque pertinet ceterum utraque parte frigidior
12196,body,196,0,False,,Nam superiora eius calorem uicinorum siderum sentiunt.,nam superiora eius calorem uicinorum siderum sentiunt,nam superiora eius calorem uicinorum siderum sentiunt
12196,body,196,1,True,,"Inferiora quoque tepent; primum terrarum halitu, qui multum secum calidi affert; deinde quia radii solis replicantur et, quousque redire potuerunt, id duplicato calore benignius fouent; deinde etiam illo spiritu qui omnibus animalibus arbustisque ac satis calidus est, nihil enim uiueret sine calore.",inferiora quoque tepent primum terrarum halitu qui multum secum calidi affert deinde quia radii solis replicantur et quousque redire potuerunt id duplicato calore benignius fouent deinde etiam illo spiritu qui omnibus animalibus arbustisque ac satis calidus est nihil enim uiueret sine calore,inferiora quoque tepent primum terrarum halitu qui multum secum calidi affert deinde quia radii solis replicantur et quousque redire potuerunt id duplicato calore benignius fouent deinde etiam illo spiritu qui omnibus animalibus arbustisque ac satis calidus est nihil enim uiueret sine calore
12196,body,197,0,False,,"Adice nunc ignes, non tantum manufactos et certos, sed opertos terris, quorum aliqui eruperunt, innumerabiles in obscuro et condito flagrant semper.",adice nunc ignes non tantum manufactos et certos sed opertos terris quorum aliqui eruperunt innumerabiles in obscuro et condito flagrant semper,adice nunc ignes non tantum manufactos et certos sed opertos terris quorum aliqui eruperunt innumerabiles in obscuro et condito flagrant semper
12196,body,197,1,False,,"Hae tot partes eius fertiles rerum habent quiddam teporis, quoniam quidem sterile frigus est, calor gignit.",hae tot partes eius fertiles rerum habent quiddam teporis quoniam quidem sterile frigus est calor gignit,hae tot partes eius fertiles rerum habent quiddam teporis quoniam quidem sterile frigus est calor gignit
12196,body,197,2,True,,Media ergo pars aeris ab his summota in frigore suo manet; natura enim aeris gelida est.,media ergo pars aeris ab his summota in frigore suo manet natura enim aeris gelida est,media ergo pars aeris ab his summota in frigore suo manet natura enim aeris gelida est
12196,head,198,0,True,,CAPUT 11,caput,caput
12196,body,199,0,False,,"Qui cum sic diuisus sit, ima sui parte maxime uarius et inconstans ac mutabilis est.",qui cum sic diuisus sit ima sui parte maxime uarius et inconstans ac mutabilis est,qui cum sic diuisus sit ima sui parte maxime uarius et inconstans ac mutabilis est
12196,body,199,1,True,,"Circa terras plurimum audet, plurimum patitur, exagitat et exagitatur; nec tamen eodem modo totus afficitur, sed aliter alibi et partibus inquietus ac turbidus est.",circa terras plurimum audet plurimum patitur exagitat et exagitatur nec tamen eodem modo totus afficitur sed aliter alibi et partibus inquietus ac turbidus est,circa terras plurimum audet plurimum patitur exagitat et exagitatur nec tamen eodem modo totus afficitur sed aliter alibi et partibus inquietus ac turbidus est
12196,body,200,0,False,,"Causas autem illi mutationis et inconstantiae alias terra praebet, cuius positiones hoc aut illo uersae magna ad aeris temperiem momenta sunt, alias siderum cursus, ex quibus soli plurimum imputes; illum sequitur annus, ad illius flexum hiemes aestatesque uertuntur.",causas autem illi mutationis et inconstantiae alias terra praebet cuius positiones hoc aut illo uersae magna ad aeris temperiem momenta sunt alias siderum cursus ex quibus soli plurimum imputes illum sequitur annus ad illius flexum hiemes aestatesque uertuntur,causas autem illi mutationis et inconstantiae alias terra praebet cuius positiones hoc aut illo uersae magna ad aeris temperiem momenta sunt alias siderum cursus ex quibus soli plurimum imputes illum sequitur annus ad illius flexum hiemes aestatesque uertuntur
12196,body,200,1,False,,Lunae proximum ius est.,lunae proximum ius est,lunae proximum ius est
12196,body,200,2,True,,"Sed ceterae quoque stellae non minus terrena quam incumbentem terris spiritum afficiunt et cursu suo occursuue contrario modo frigora, modo imbres aliasque terris turbide iniurias mouent.",sed ceterae quoque stellae non minus terrena quam incumbentem terris spiritum afficiunt et cursu suo occursuue contrario modo frigora modo imbres aliasque terris turbide iniurias mouent,sed ceterae quoque stellae non minus terrena quam incumbentem terris spiritum afficiunt et cursu suo occursuue contrario modo frigora modo imbres aliasque terris turbide iniurias mouent
12196,body,201,0,False,,Haec necessarium fuit praeloqui dicturo de tonitru fulminibusque ac fulgurationibus.,haec necessarium fuit praeloqui dicturo de tonitru fulminibusque ac fulgurationibus,haec necessarium fuit praeloqui dicturo de tonitru fulminibusque ac fulgurationibus
12196,body,201,1,True,,"Nam cum in aere fiant, naturam eius explicari oportebat, quo facilius appareret quid facere aut pati posset.",nam cum in aere fiant naturam eius explicari oportebat quo facilius appareret quid facere aut pati posset,nam cum in aere fiant naturam eius explicari oportebat quo facilius appareret quid facere aut pati posset
12196,head,202,0,True,,CAPUT 12,caput,caput
12196,body,203,0,False,,"Tria sunt quae accidunt, fulgurationes, fulmina, tonitrua, quae una facta serius audiuntur.",tria sunt quae accidunt fulgurationes fulmina tonitrua quae una facta serius audiuntur,tria sunt quae accidunt fulgurationes fulmina tonitrua quae una facta serius audiuntur
12196,body,203,1,False,,"Fulguratio ostendit ignem, fulminatio emittit.",fulguratio ostendit ignem fulminatio emittit,fulguratio ostendit ignem fulminatio emittit
12196,body,203,2,True,,"Illa, ut ita dicam, comminatio est et conatio sine ictu; ista iaculatio cum ictu.",illa ut ita dicam comminatio est et conatio sine ictu ista iaculatio cum ictu,illa ut ita dicam comminatio est et conatio sine ictu ista iaculatio cum ictu
12196,body,204,0,False,,"Quaedam sunt ex his de quibus inter omnes conuenit, quaedam in quibus diuersae sententiae sunt.",quaedam sunt ex his de quibus inter omnes conuenit quaedam in quibus diuersae sententiae sunt,quaedam sunt ex his de quibus inter omnes conuenit quaedam in quibus diuersae sententiae sunt
12196,body,204,1,False,,"Conuenit de illis, omnia ista in nubibus et e nubibus fieri.",conuenit de illis omnia ista in nubibus et e nubibus fieri,conuenit de illis omnia ista in nubibus et e nubibus fieri
12196,body,204,2,True,,Etiamnunc conuenit et fulgurationes et fulminationes aut igneas esse aut ignea specie.,etiamnunc conuenit et fulgurationes et fulminationes aut igneas esse aut ignea specie,etiamnunc conuenit et fulgurationes et fulminationes aut igneas esse aut ignea specie
12196,body,205,0,False,,Ad illa nunc transeamus in quibus lis est.,ad illa nunc transeamus in quibus lis est,ad illa nunc transeamus in quibus lis est
12196,body,205,1,False,,Quidam putant ignem inesse nubibus; quidam ad tempus fieri nec prius esse quam mitti.,quidam putant ignem inesse nubibus quidam ad tempus fieri nec prius esse quam mitti,quidam putant ignem inesse nubibus quidam ad tempus fieri nec prius esse quam mitti
12196,body,205,2,False,,Ne inter illos quidem qui praeparant ignem conuenit; alius enim illum aliunde colligit.,ne inter illos quidem qui praeparant ignem conuenit alius enim illum aliunde colligit,ne inter illos quidem qui praeparant ignem conuenit alius enim illum aliunde colligit
12196,body,205,3,False,,Quidam aiunt radios solis intercurrentis recurrentisque et saepius in se relatos ignem excitare.,quidam aiunt radios solis intercurrentis recurrentisque et saepius in se relatos ignem excitare,quidam aiunt radios solis intercurrentis recurrentisque et saepius in se relatos ignem excitare
12196,body,205,4,True,,Anaxagoras ait illum ex aethere destillare et ex tanto ardore caeli multa decidere quae nubes diu inclusa custodiant.,anaxagoras ait illum ex aethere destillare et ex tanto ardore caeli multa decidere quae nubes diu inclusa custodiant,anaxagoras ait illum ex aethere destillare et ex tanto ardore caeli multa decidere quae nubes diu inclusa custodiant
12196,body,206,0,False,,"Aristoteles multo ante ignem colligi non putat, sed eodem momento exilire quo fiat.",aristoteles multo ante ignem colligi non putat sed eodem momento exilire quo fiat,aristoteles multo ante ignem colligi non putat sed eodem momento exilire quo fiat
12196,body,206,1,False,,Cuius sententia talis est.,cuius sententia talis est,cuius sententia talis est
12196,body,206,2,False,,"Duae partes mundi in imo iacent, terra et aqua.",duae partes mundi in imo iacent terra et aqua,duae partes mundi in imo iacent terra et aqua
12196,body,206,3,True,,"Vtraque ex se reddit aliquid terrenus uapor siccus est et fumo similis, qui uentos, fulmina, tonitrua facit; aquarum halitus umidus est et in imbres et niues cedit.",vtraque ex se reddit aliquid terrenus uapor siccus est et fumo similis qui uentos fulmina tonitrua facit aquarum halitus umidus est et in imbres et niues cedit,utraque ex se reddit aliquid terrenus uapor siccus est et fumo similis qui uentos fulmina tonitrua facit aquarum halitus umidus est et in imbres et niues cedit
12196,body,207,0,False,,"Sed siccus ille terrarum uapor, unde uentis origo est, cum coaceruatus est, coitu nubium uehementer a latere eliditur; deinde, ut latius, nubes proximas feriet.",sed siccus ille terrarum uapor unde uentis origo est cum coaceruatus est coitu nubium uehementer a latere eliditur deinde ut latius nubes proximas feriet,sed siccus ille terrarum uapor unde uentis origo est cum coaceruatus est coitu nubium uehementer a latere eliditur deinde ut latius nubes proximas feriet
12196,body,207,1,False,,"Haec plaga cum sono incutitur, qualis in nostris ignibus redditur, cum flamma uitio lignorum uirentium crepat.",haec plaga cum sono incutitur qualis in nostris ignibus redditur cum flamma uitio lignorum uirentium crepat,haec plaga cum sono incutitur qualis in nostris ignibus redditur cum flamma uitio lignorum uirentium crepat
12196,body,207,2,True,,"Et illic spiritus habens aliquid umidi secum conglobatusque rumpitur flamma; eodem modo spiritus ille, quem paulo ante exprimi collisis nubibus dixi, impactus aliis nec rumpi nec exilire silentio potest.",et illic spiritus habens aliquid umidi secum conglobatusque rumpitur flamma eodem modo spiritus ille quem paulo ante exprimi collisis nubibus dixi impactus aliis nec rumpi nec exilire silentio potest,et illic spiritus habens aliquid umidi secum conglobatusque rumpitur flamma eodem modo spiritus ille quem paulo ante exprimi collisis nubibus dixi impactus aliis nec rumpi nec exilire silentio potest
12196,body,208,0,False,,"Dissimilis autem crepitus fit ob dissimilitudinem nubium, quarum aliae maiorem. sinum habent, aliae minorem.",dissimilis autem crepitus fit ob dissimilitudinem nubium quarum aliae maiorem sinum habent aliae minorem,dissimilis autem crepitus fit ob dissimilitudinem nubium quarum aliae maiorem sinum habent aliae minorem
12196,body,208,1,False,,"Ceterum illa uis expressi spiritus ignis est qui fulgurationis nomen habet, leui impetu accensus et uanus.",ceterum illa uis expressi spiritus ignis est qui fulgurationis nomen habet leui impetu accensus et uanus,ceterum illa uis expressi spiritus ignis est qui fulgurationis nomen habet leui impetu accensus et uanus
12196,body,208,2,True,,"Ante autem uidemus fulgorem quam sonum audimus, quia oeulorum uelocior sensus est et multum aures antecedit.",ante autem uidemus fulgorem quam sonum audimus quia oeulorum uelocior sensus est et multum aures antecedit,ante autem uidemus fulgorem quam sonum audimus quia oeulorum uelocior sensus est et multum aures antecedit
12196,head,209,0,True,,CAPUT 13,caput,caput
12196,body,210,0,False,,"Falsam autem opinionem esse eorum qui ignem in nubibus seruant, per multa colligi potest.",falsam autem opinionem esse eorum qui ignem in nubibus seruant per multa colligi potest,falsam autem opinionem esse eorum qui ignem in nubibus seruant per multa colligi potest
12196,body,210,1,False,,"Si de caelo cadit, quomodo non cotidie fit, cum tantumdem semper illic ardeat?",si de caelo cadit quomodo non cotidie fit cum tantumdem semper illic ardeat,si de caelo cadit quomodo non cotidie fit cum tantumdem semper illic ardeat
12196,body,210,2,False,,"Deinde nullam rationem reddiderunt quare ignis, quem natura sursum uocat, defluat.",deinde nullam rationem reddiderunt quare ignis quem natura sursum uocat defluat,deinde nullam rationem reddiderunt quare ignis quem natura sursum uocat defluat
12196,body,210,3,True,,"Alia enim condicio nostrorum ignium est, ex quibus fauillae cadunt, quae ponderis aliquid secum habent; ita non descendit ignis, sed praecipitatur et deducitur.",alia enim condicio nostrorum ignium est ex quibus fauillae cadunt quae ponderis aliquid secum habent ita non descendit ignis sed praecipitatur et deducitur,alia enim condicio nostrorum ignium est ex quibus fauillae cadunt quae ponderis aliquid secum habent ita non descendit ignis sed praecipitatur et deducitur
12196,body,211,0,False,,"Huic simile nihil accidit in illo igne purissimo, in quo nihil est quod deprimatur.",huic simile nihil accidit in illo igne purissimo in quo nihil est quod deprimatur,huic simile nihil accidit in illo igne purissimo in quo nihil est quod deprimatur
12196,body,211,1,False,,"Aut si ulla pars eius exciderit, in periculo totus est, quia totum. potest excidere quod potest carpi.",aut si ulla pars eius exciderit in periculo totus est quia totum potest excidere quod potest carpi,aut si ulla pars eius exciderit in periculo totus est quia totum potest excidere quod potest carpi
12196,body,211,2,False,,Deinde illud quod cadit leue est an graue?,deinde illud quod cadit leue est an graue,deinde illud quod cadit leue est an graue
12196,body,211,3,False,,Leue est?,leue est,leue est
12196,body,211,4,True,,"Non potest ruere quod cadere leuitas prohibet; si in abdito suo tenet graue, quomodo illic esse potuit unde caderet?",non potest ruere quod cadere leuitas prohibet si in abdito suo tenet graue quomodo illic esse potuit unde caderet,non potest ruere quod cadere leuitas prohibet si in abdito suo tenet graue quomodo illic esse potuit unde caderet
12196,body,212,0,False,,Quid ergo?,quid ergo,quid ergo
12196,body,212,1,False,,"non aliqui ignes in inferiora ferri solent, sicut haec ipsa de quibus quaerimus fulmina? Fateor.",non aliqui ignes in inferiora ferri solent sicut haec ipsa de quibus quaerimus fulmina fateor,non aliqui ignes in inferiora ferri solent sicut haec ipsa de quibus quaerimus fulmina fateor
12196,body,212,2,False,,"Non eunt tamen, sed feruntur; aliqua illos potentia deprimit.",non eunt tamen sed feruntur aliqua illos potentia deprimit,non eunt tamen sed feruntur aliqua illos potentia deprimit
12196,body,212,3,True,,"Quae non est in aethere; nihil enim illic iniuria cogitur, nihil rumpitur, nihil praeter solitum euenit.",quae non est in aethere nihil enim illic iniuria cogitur nihil rumpitur nihil praeter solitum euenit,quae non est in aethere nihil enim illic iniuria cogitur nihil rumpitur nihil praeter solitum euenit
12196,body,213,0,False,,"Ordo rerum est, et expurgatus ignis in custodia mundi summa sortitus oras operis pulcherrimi circumit.",ordo rerum est et expurgatus ignis in custodia mundi summa sortitus oras operis pulcherrimi circumit,ordo rerum est et expurgatus ignis in custodia mundi summa sortitus oras operis pulcherrimi circumit
12196,body,213,1,True,,"Hic descendere non potest, sed ne ab externo quidem deprimi, quia in aethere nulli incerto corpori locus est; certa et ordinata non pugnant.",hic descendere non potest sed ne ab externo quidem deprimi quia in aethere nulli incerto corpori locus est certa et ordinata non pugnant,hic descendere non potest sed ne ab externo quidem deprimi quia in aethere nulli incerto corpori locus est certa et ordinata non pugnant
12196,head,214,0,True,,CAPUT 14,caput,caput
12196,body,215,0,False,,"Vos, inquit, dicitis, cum causas stellarum transuolantium redditis, posse aliquas aeris partes ad se trahere ignem ex locis superioribus et hoc ardore accendi.",vos inquit dicitis cum causas stellarum transuolantium redditis posse aliquas aeris partes ad se trahere ignem ex locis superioribus et hoc ardore accendi,uos inquit dicitis cum causas stellarum transuolantium redditis posse aliquas aeris partes ad se trahere ignem ex locis superioribus et hoc ardore accendi
12196,body,215,1,False,,"Sed plurimum interest utrum aliquis dicat ignem ex aethere decidere, quod natura non patitur, an dicat ex ignea ui calorem in ea quae subiacent transilire.",sed plurimum interest utrum aliquis dicat ignem ex aethere decidere quod natura non patitur an dicat ex ignea ui calorem in ea quae subiacent transilire,sed plurimum interest utrum aliquis dicat ignem ex aethere decidere quod natura non patitur an dicat ex ignea ui calorem in ea quae subiacent transilire
12196,body,215,2,True,,"Non enim illinc ignis cadit, quod non potest fieri, sed hic nascitur.",non enim illinc ignis cadit quod non potest fieri sed hic nascitur,non enim illinc ignis cadit quod non potest fieri sed hic nascitur
12196,body,216,0,False,,Videmus certe apud nos late incendio peruagante quasdam insulas quae diu concaluerunt ex se concipere flammam; itaque uerisimile est etiam in aere summo id quod ignis rapiendi naturam habet accendi calore aetheris superpositi.,videmus certe apud nos late incendio peruagante quasdam insulas quae diu concaluerunt ex se concipere flammam itaque uerisimile est etiam in aere summo id quod ignis rapiendi naturam habet accendi calore aetheris superpositi,uidemus certe apud nos late incendio peruagante quasdam insulas quae diu concaluerunt ex se concipere flammam itaque uerisimile est etiam in aere summo id quod ignis rapiendi naturam habet accendi calore aetheris superpositi
12196,body,216,1,True,,"Necesse est enim ut et imus aether habeat aliquid aeri simile et summus aer non sit dissimilis imo aetheri, quia non fit statim in diuersum ex diuerso transitus; paulatim. ista in confinio uim suam miscent ita ut dubitare possis aer an hic iam aether sit.",necesse est enim ut et imus aether habeat aliquid aeri simile et summus aer non sit dissimilis imo aetheri quia non fit statim in diuersum ex diuerso transitus paulatim ista in confinio uim suam miscent ita ut dubitare possis aer an hic iam aether sit,necesse est enim ut et imus aether habeat aliquid aeri simile et summus aer non sit dissimilis imo aetheri quia non fit statim in diuersum ex diuerso transitus paulatim ista in confinio uim suam miscent ita ut dubitare possis aer an hic iam aether sit
12196,head,217,0,True,,CAPUT 15,caput,caput
12196,body,218,0,False,,"Quidam ex nostris existimant aera, cum in ignem et aquam mutabilis sit, non detrahere aliunde causas flammarum nouas; ipse enim se mouendo accendit et, cum. denses compactosque nubium. sinus dissipat, necessario uastum in tam magnorum corporum diruptione reddit sonum.",quidam ex nostris existimant aera cum in ignem et aquam mutabilis sit non detrahere aliunde causas flammarum nouas ipse enim se mouendo accendit et cum denses compactosque nubium sinus dissipat necessario uastum in tam magnorum corporum diruptione reddit sonum,quidam ex nostris existimant aera cum in ignem et aquam mutabilis sit non detrahere aliunde causas flammarum nouas ipse enim se mouendo accendit et cum denses compactosque nubium sinus dissipat necessario uastum in tam magnorum corporum diruptione reddit sonum
12196,body,218,1,True,,"Illa porro nubium difficulter cedentium pugna aliquid confert ad concitandum ignem sic quemadmodum ferro ad secandum aliquid manus confert, sed secare ferri est.",illa porro nubium difficulter cedentium pugna aliquid confert ad concitandum ignem sic quemadmodum ferro ad secandum aliquid manus confert sed secare ferri est,illa porro nubium difficulter cedentium pugna aliquid confert ad concitandum ignem sic quemadmodum ferro ad secandum aliquid manus confert sed secare ferri est
12196,head,219,0,True,,CAPUT 16,caput,caput
12196,body,220,0,False,,Quid ergo inter fulgurationem et fulmen interest? Dicam.,quid ergo inter fulgurationem et fulmen interest dicam,quid ergo inter fulgurationem et fulmen interest dicam
12196,body,220,1,False,,"Fulguratio est late ignis explicitus, fulmen est coactus ignis et in impetum iactus.",fulguratio est late ignis explicitus fulmen est coactus ignis et in impetum iactus,fulguratio est late ignis explicitus fulmen est coactus ignis et in impetum iactus
12196,body,220,2,False,,Solemus duabus manibus inter se iunctis aquam concipere et compressa utrimque palma in modum siponis exprimere.,solemus duabus manibus inter se iunctis aquam concipere et compressa utrimque palma in modum siponis exprimere,solemus duabus manibus inter se iunctis aquam concipere et compressa utrimque palma in modum siponis exprimere
12196,body,220,3,True,,Simile quiddam et illic fieri puta: nubium inter se compressarum angustiae medium spiritum eiciunt et hoc ipso inflammant ac tormenti modo emittunt; nam ballistae quoque scorpionesque tela cum sono expellunt.,simile quiddam et illic fieri puta nubium inter se compressarum angustiae medium spiritum eiciunt et hoc ipso inflammant ac tormenti modo emittunt nam ballistae quoque scorpionesque tela cum sono expellunt,simile quiddam et illic fieri puta nubium inter se compressarum angustiae medium spiritum eiciunt et hoc ipso inflammant ac tormenti modo emittunt nam ballistae quoque scorpionesque tela cum sono expellunt
12196,head,221,0,True,,CAPUT 17,caput,caput
12196,body,222,0,False,,Quidam existimant igneum spiritum per frigida atque umida meantem sonum reddere.,quidam existimant igneum spiritum per frigida atque umida meantem sonum reddere,quidam existimant igneum spiritum per frigida atque umida meantem sonum reddere
12196,body,222,1,False,,"Nam ne ferrum quidem ardens silentio, tinguitur, sed, si in aquam feruens massa descendit, cum multo murmure extinguitur.",nam ne ferrum quidem ardens silentio tinguitur sed si in aquam feruens massa descendit cum multo murmure extinguitur,nam ne ferrum quidem ardens silentio tinguitur sed si in aquam feruens massa descendit cum multo murmure extinguitur
12196,body,222,2,True,,"Ita, ut Anaximenes ait, spiritus incidens nubibus tonitrua edit et, dum luctatur per obstantia atque interscissa uadere, ipsa ignem fuga accendit.",ita ut anaximenes ait spiritus incidens nubibus tonitrua edit et dum luctatur per obstantia atque interscissa uadere ipsa ignem fuga accendit,ita ut anaximenes ait spiritus incidens nubibus tonitrua edit et dum luctatur per obstantia atque interscissa uadere ipsa ignem fuga accendit
12196,head,223,0,True,,CAPUT 18,caput,caput
12196,body,224,0,False,,Anaximandrus omnia ad spiritum rettulit.,anaximandrus omnia ad spiritum rettulit,anaximandrus omnia ad spiritum rettulit
12196,body,224,1,False,,"Tonitrua, inquit, sunt nubis ictae sonus.",tonitrua inquit sunt nubis ictae sonus,tonitrua inquit sunt nubis ictae sonus
12196,body,224,2,False,,Quare inaequalia sunt?,quare inaequalia sunt,quare inaequalia sunt
12196,body,224,3,False,,Quia et ipse ictus inaequalis est.,quia et ipse ictus inaequalis est,quia et ipse ictus inaequalis est
12196,body,224,4,False,,Quare et sereno tonat?,quare et sereno tonat,quare et sereno tonat
12196,body,224,5,False,,Quia tunc quoque per crassum et scissum aera spiritus prosilit.,quia tunc quoque per crassum et scissum aera spiritus prosilit,quia tunc quoque per crassum et scissum aera spiritus prosilit
12196,body,224,6,False,,At quare aliquando non fulgurat et tonat?,at quare aliquando non fulgurat et tonat,at quare aliquando non fulgurat et tonat
12196,body,224,7,False,,"Quia spiritus infirmior non ualuit in flammam, in sonum ualuit.",quia spiritus infirmior non ualuit in flammam in sonum ualuit,quia spiritus infirmior non ualuit in flammam in sonum ualuit
12196,body,224,8,False,,Quid est ergo ipsa fulguratio?,quid est ergo ipsa fulguratio,quid est ergo ipsa fulguratio
12196,body,224,9,False,,Aeris diducentis se corruentisque iactatio languidum ignem nec exiturum pariens.,aeris diducentis se corruentisque iactatio languidum ignem nec exiturum pariens,aeris diducentis se corruentisque iactatio languidum ignem nec exiturum pariens
12196,body,224,10,False,,Quid est fulmen?,quid est fulmen,quid est fulmen
12196,body,224,11,True,,Acrioris densiorisque spiritus cursus.,acrioris densiorisque spiritus cursus,acrioris densiorisque spiritus cursus
12196,head,225,0,True,,CAPUT 19,caput,caput
12196,body,226,0,False,,Anaxagoras ait omnia ista sic fieri ut ex aethere aliqua uis in inferiora descendat.,anaxagoras ait omnia ista sic fieri ut ex aethere aliqua uis in inferiora descendat,anaxagoras ait omnia ista sic fieri ut ex aethere aliqua uis in inferiora descendat
12196,body,226,1,True,,"Ita ignis impactus nubibus frigidis sonat; at, cum illas interscindit, fulget, et minor uis ignium fulgurationes facit, maior fulmina.",ita ignis impactus nubibus frigidis sonat at cum illas interscindit fulget et minor uis ignium fulgurationes facit maior fulmina,ita ignis impactus nubibus frigidis sonat at cum illas interscindit fulget et minor uis ignium fulgurationes facit maior fulmina
12196,head,227,0,True,,CAPUT 20,caput,caput
12196,body,228,0,True,,"Diogenes Apolloniates ait quaedam tonitrua igne, quaedam spiritu fieri; illa ignis facit quae ipse antecedit et nuntiat; illa spiritus quae sine splendore crepuerunt.",diogenes apolloniates ait quaedam tonitrua igne quaedam spiritu fieri illa ignis facit quae ipse antecedit et nuntiat illa spiritus quae sine splendore crepuerunt,diogenes apolloniates ait quaedam tonitrua igne quaedam spiritu fieri illa ignis facit quae ipse antecedit et nuntiat illa spiritus quae sine splendore crepuerunt
12196,body,229,0,False,,"Vtrumque sine altero esse aliquando concedo, ita tamen ut non discreta illis potestas sit, sed utrumque ab utroque effici possit.",vtrumque sine altero esse aliquando concedo ita tamen ut non discreta illis potestas sit sed utrumque ab utroque effici possit,utrumque sine altero esse aliquando concedo ita tamen ut non discreta illis potestas sit sed utrumque ab utroque effici possit
12196,body,229,1,False,,"Quis enim negabit spiritum magno impetu latum, cum effecerit sonum, effecturum et ignem?",quis enim negabit spiritum magno impetu latum cum effecerit sonum effecturum et ignem,quis enim negabit spiritum magno impetu latum cum effecerit sonum effecturum et ignem
12196,body,229,2,False,,"Quis autem non et hoc concedet aliquando ignem quoque irrumpere posse nubes et non exilire, si plurium aceruo nubium, cum paucas perscidisset, oppressus est?",quis autem non et hoc concedet aliquando ignem quoque irrumpere posse nubes et non exilire si plurium aceruo nubium cum paucas perscidisset oppressus est,quis autem non et hoc concedet aliquando ignem quoque irrumpere posse nubes et non exilire si plurium aceruo nubium cum paucas perscidisset oppressus est
12196,body,229,3,True,,"Ergo et ignis ibit in spiritum perdetque fulgorem, et spiritus, dum secta intra incendit.",ergo et ignis ibit in spiritum perdetque fulgorem et spiritus dum secta intra incendit,ergo et ignis ibit in spiritum perdetque fulgorem et spiritus dum secta intra incendit
12196,body,230,0,False,,"Adice nunc quod necesse est impetus fulminis et praemittat spiritus agatque ante se, et a tergo trahat uentum, cum tam uasto ictu aera inciderit.",adice nunc quod necesse est impetus fulminis et praemittat spiritus agatque ante se et a tergo trahat uentum cum tam uasto ictu aera inciderit,adice nunc quod necesse est impetus fulminis et praemittat spiritus agatque ante se et a tergo trahat uentum cum tam uasto ictu aera inciderit
12196,body,230,1,True,,"Itaque omnia, antequam feriantur, intremesculit uibrata uento quem ignis ante se pressit.",itaque omnia antequam feriantur intremesculit uibrata uento quem ignis ante se pressit,itaque omnia antequam feriantur intremesculit uibrata uento quem ignis ante se pressit
12196,head,231,0,True,,CAPUT 21,caput,caput
12196,body,232,0,False,,Dimissis nunc praeceptoribus nostris incipiamus per nos moueri et a confessis transeamus ad dubia.,dimissis nunc praeceptoribus nostris incipiamus per nos moueri et a confessis transeamus ad dubia,dimissis nunc praeceptoribus nostris incipiamus per nos moueri et a confessis transeamus ad dubia
12196,body,232,1,False,,Quid enim confessi est?,quid enim confessi est,quid enim confessi est
12196,body,232,2,True,,"Fulmen ignem esse, aquae fulgurationem, quae nihil aliud est quam flamma, futura fulmen, si plus uirium habuisset; non natura ista sed impetu distant.",fulmen ignem esse aquae fulgurationem quae nihil aliud est quam flamma futura fulmen si plus uirium habuisset non natura ista sed impetu distant,fulmen ignem esse aquae fulgurationem quae nihil aliud est quam flamma futura fulmen si plus uirium habuisset non natura ista sed impetu distant
12196,body,233,0,False,,"Esse illum ignem calor ostendit, qui non est nisi ex eo. Ostendit effectus: magnorum enim saepe incendiorum causa fulmen fuit; siluae illo concrematae et urbium partes; etiam quae non percussa sunt, tamen adusta cernuntur; quaedam uero ueluti fuligine colorantur.",esse illum ignem calor ostendit qui non est nisi ex eo ostendit effectus magnorum enim saepe incendiorum causa fulmen fuit siluae illo concrematae et urbium partes etiam quae non percussa sunt tamen adusta cernuntur quaedam uero ueluti fuligine colorantur,esse illum ignem calor ostendit qui non est nisi ex eo ostendit effectus magnorum enim saepe incendiorum causa fulmen fuit siluae illo concrematae et urbium partes etiam quae non percussa sunt tamen adusta cernuntur quaedam uero ueluti fuligine colorantur
12196,body,233,1,True,,Quid quod omnibus fulguratis odor sulphuris est?,quid quod omnibus fulguratis odor sulphuris est,quid quod omnibus fulguratis odor sulphuris est
12196,body,234,0,True,,"Ergo et utramque rem ignem esse constat et utramque rem inter se meando distare; fulguratio enim est non perlatum usque in terras fulmen, et rursus licet dicas fulmen esse fulgurationem usque in terras perductam.",ergo et utramque rem ignem esse constat et utramque rem inter se meando distare fulguratio enim est non perlatum usque in terras fulmen et rursus licet dicas fulmen esse fulgurationem usque in terras perductam,ergo et utramque rem ignem esse constat et utramque rem inter se meando distare fulguratio enim est non perlatum usque in terras fulmen et rursus licet dicas fulmen esse fulgurationem usque in terras perductam
12196,body,235,0,False,,"Non ad exercendum uerba diutius hoc idem tracto, sed ut cognata esse ista et eiusdem notae ac naturae probem.",non ad exercendum uerba diutius hoc idem tracto sed ut cognata esse ista et eiusdem notae ac naturae probem,non ad exercendum uerba diutius hoc idem tracto sed ut cognata esse ista et eiusdem notae ac naturae probem
12196,body,235,1,False,,Fulmen est quiddam plus quam fulguratio.,fulmen est quiddam plus quam fulguratio,fulmen est quiddam plus quam fulguratio
12196,body,235,2,True,,Vertamus istud: fulguratio est paene fulmen.,vertamus istud fulguratio est paene fulmen,uertamus istud fulguratio est paene fulmen
12196,head,236,0,True,,CAPUT 22,caput,caput
12196,body,237,0,False,,"Quoniam constat utramque rem ignem esse, uideamus quemadmodum ignis fieri soleat apud nos; eadem enim ratione et supra fit.",quoniam constat utramque rem ignem esse uideamus quemadmodum ignis fieri soleat apud nos eadem enim ratione et supra fit,quoniam constat utramque rem ignem esse uideamus quemadmodum ignis fieri soleat apud nos eadem enim ratione et supra fit
12196,body,237,1,False,,"Duobus modis, uno si excitatur sicut e lapide; altero si attritu inuenitur, sicut cum duo ligna inter se diutius trita sunt.",duobus modis uno si excitatur sicut e lapide altero si attritu inuenitur sicut cum duo ligna inter se diutius trita sunt,duobus modis uno si excitatur sicut e lapide altero si attritu inuenitur sicut cum duo ligna inter se diutius trita sunt
12196,body,237,2,True,,"Non omnis hoc tibi materia praestabit, sed idonea eliciendis ignibus: sicut laurus, hederae et alia in hunc usum nota pastoribus.",non omnis hoc tibi materia praestabit sed idonea eliciendis ignibus sicut laurus hederae et alia in hunc usum nota pastoribus,non omnis hoc tibi materia praestabit sed idonea eliciendis ignibus sicut laurus hederae et alia in hunc usum nota pastoribus
12196,body,238,0,False,,Potest ergo fieri ut nubes quoque ignem eodem modo uel percussae reddant uel attritae.,potest ergo fieri ut nubes quoque ignem eodem modo uel percussae reddant uel attritae,potest ergo fieri ut nubes quoque ignem eodem modo uel percussae reddant uel attritae
12196,body,238,1,True,,"Videamus quantis procellae uiribus ruant, quanto uertantur impetu turbines; id quod obuium, fuit, dissipatur et rapitur et longe a loco suo proicitur.",videamus quantis procellae uiribus ruant quanto uertantur impetu turbines id quod obuium fuit dissipatur et rapitur et longe a loco suo proicitur,uideamus quantis procellae uiribus ruant quanto uertantur impetu turbines id quod obuium fuit dissipatur et rapitur et longe a loco suo proicitur
12196,body,239,0,False,,"Quid ergo mirum, si tanta uis ignem excutit uel aliunde uel sibi?",quid ergo mirum si tanta uis ignem excutit uel aliunde uel sibi,quid ergo mirum si tanta uis ignem excutit uel aliunde uel sibi
12196,body,239,1,True,,"Vides enim quantum feruorem sensura sint corpora horum transitu trita, nec hoc in his tantum debere credi, ac in ui siderum, quorum ingens et confessa potentia est.",vides enim quantum feruorem sensura sint corpora horum transitu trita nec hoc in his tantum debere credi ac in ui siderum quorum ingens et confessa potentia est,uides enim quantum feruorem sensura sint corpora horum transitu trita nec hoc in his tantum debere credi ac in ui siderum quorum ingens et confessa potentia est
12196,head,240,0,True,,CAPUT 23,caput,caput
12196,body,241,0,True,,sed fortasse nubes quoque in nubes incitatae fremente uento et leuiter urgente ignem euocabunt qui explendescat nec exiliat; minore enim ni ad fulgurandum opus est quam ad fulminandum.,sed fortasse nubes quoque in nubes incitatae fremente uento et leuiter urgente ignem euocabunt qui explendescat nec exiliat minore enim ni ad fulgurandum opus est quam ad fulminandum,sed fortasse nubes quoque in nubes incitatae fremente uento et leuiter urgente ignem euocabunt qui explendescat nec exiliat minore enim ni ad fulgurandum opus est quam ad fulminandum
12196,body,242,0,False,,Superioribus collegimus in quantum feruorem quaedam attrita perducerentur.,superioribus collegimus in quantum feruorem quaedam attrita perducerentur,superioribus collegimus in quantum feruorem quaedam attrita perducerentur
12196,body,242,1,False,,"Cum autem aer mutabilis in ignem maximis uiribus, id est suis, cum. in uentum conuersus est, atteratur, credibile est uerisimile, ignem excuti caducum et cito interiturum, quia non ex solida materia oritur nec in qua possit consistere.",cum autem aer mutabilis in ignem maximis uiribus id est suis cum in uentum conuersus est atteratur credibile est uerisimile ignem excuti caducum et cito interiturum quia non ex solida materia oritur nec in qua possit consistere,cum autem aer mutabilis in ignem maximis uiribus id est suis cum in uentum conuersus est atteratur credibile est uerisimile ignem excuti caducum et cito interiturum quia non ex solida materia oritur nec in qua possit consistere
12196,body,242,2,True,,Transit itaque tantumque habet morae quantum itineris et cursus: sine alimento proiectus est.,transit itaque tantumque habet morae quantum itineris et cursus sine alimento proiectus est,transit itaque tantumque habet morae quantum itineris et cursus sine alimento proiectus est
12196,head,243,0,True,,CAPUT 24,caput,caput
12196,body,244,0,False,,"Quomodo, inquit, cum dicatis ignis hanc esse naturam ut petat superiora, fulmen terram petit?",quomodo inquit cum dicatis ignis hanc esse naturam ut petat superiora fulmen terram petit,quomodo inquit cum dicatis ignis hanc esse naturam ut petat superiora fulmen terram petit
12196,body,244,1,False,,Aut falsum est quod de igne dixistis; est enim illi aeque sursuin iter quam deorsum.,aut falsum est quod de igne dixistis est enim illi aeque sursuin iter quam deorsum,aut falsum est quod de igne dixistis est enim illi aeque sursuin iter quam deorsum
12196,body,244,2,False,,Vtrumque uerum potest esse.,vtrumque uerum potest esse,utrumque uerum potest esse
12196,body,244,3,True,,"Ignis enim natura in uerticem surgit et, si nihil illum prohibet, ascendit, sicut a qua natura defertur; si tamen aliqua uis accessit quae illam in contrarium circumageret, illo intenditur unde imbre deiecta est.",ignis enim natura in uerticem surgit et si nihil illum prohibet ascendit sicut a qua natura defertur si tamen aliqua uis accessit quae illam in contrarium circumageret illo intenditur unde imbre deiecta est,ignis enim natura in uerticem surgit et si nihil illum prohibet ascendit sicut a qua natura defertur si tamen aliqua uis accessit quae illam in contrarium circumageret illo intenditur unde imbre deiecta est
12196,body,245,0,False,,"Fulmen autem cadit eadem necessitate qua excutitur. ld his ignibus accidit quod arboribus quarum cacumina, si tenera sunt, ita deorsum trahi possunt ut etiam terram attingant, sed cum permiseris, in locum suum exilient.",fulmen autem cadit eadem necessitate qua excutitur ld his ignibus accidit quod arboribus quarum cacumina si tenera sunt ita deorsum trahi possunt ut etiam terram attingant sed cum permiseris in locum suum exilient,fulmen autem cadit eadem necessitate qua excutitur ld his ignibus accidit quod arboribus quarum cacumina si tenera sunt ita deorsum trahi possunt ut etiam terram attingant sed cum permiseris in locum suum exilient
12196,body,245,1,True,,Itaque non est quod eum spectes cuiusque rei habitum qui illi non ex uoluntate est.,itaque non est quod eum spectes cuiusque rei habitum qui illi non ex uoluntate est,itaque non est quod eum spectes cuiusque rei habitum qui illi non ex uoluntate est
12196,body,246,0,True,,"Si ignem permittis ira quo uelit, caelum, id est leuissimi cuiusque sedem, repetet; ubi est aliquid quod eum ferat et ab impetu suo auertat, id non natura, sed seruitus eius fit.",si ignem permittis ira quo uelit caelum id est leuissimi cuiusque sedem repetet ubi est aliquid quod eum ferat et ab impetu suo auertat id non natura sed seruitus eius fit,si ignem permittis ira quo uelit caelum id est leuissimi cuiusque sedem repetet ubi est aliquid quod eum ferat et ab impetu suo auertat id non natura sed seruitus eius fit
12196,head,247,0,True,,CAPUT 25,caput,caput
12196,body,248,0,True,,"Dicis, inquit, nubes attritas edere ignem, cum sint umidae, immo udae; quomodo ergo possunt gignere ignem, quem non magis uerisimile est ex nube quam ex aqua generari?",dicis inquit nubes attritas edere ignem cum sint umidae immo udae quomodo ergo possunt gignere ignem quem non magis uerisimile est ex nube quam ex aqua generari,dicis inquit nubes attritas edere ignem cum sint umidae immo udae quomodo ergo possunt gignere ignem quem non magis uerisimile est ex nube quam ex aqua generari
12196,head,249,0,True,,CAPUT 26,caput,caput
12196,body,250,0,False,,Ex nube nascitur.,ex nube nascitur,ex nube nascitur
12196,body,250,1,False,,"Primum in nubibus non ˆqua est, sed aer spissus, ad gignendam aquam praeparatus, nondum in illam mutatus, sed iam pronus et uergens.",primum in nubibus non ˆqua est sed aer spissus ad gignendam aquam praeparatus nondum in illam mutatus sed iam pronus et uergens,primum in nubibus non qua est sed aer spissus ad gignendam aquam praeparatus nondum in illam mutatus sed iam pronus et uergens
12196,body,250,2,False,,"Non est quod existimes eam tum collig”, tum effundi.",non est quod existimes eam tum collig tum effundi,non est quod existimes eam tum collig tum effundi
12196,body,250,3,True,,Simul et fit et cadit.,simul et fit et cadit,simul et fit et cadit
12196,body,251,0,False,,"Deinde, si concessero umidam esse nubem conceptis aquis plenam, nihil tamen prohibet ignem ex umido quoque educi, immo ex ipso, quod magis mireris, umore.",deinde si concessero umidam esse nubem conceptis aquis plenam nihil tamen prohibet ignem ex umido quoque educi immo ex ipso quod magis mireris umore,deinde si concessero umidam esse nubem conceptis aquis plenam nihil tamen prohibet ignem ex umido quoque educi immo ex ipso quod magis mireris umore
12196,body,251,1,False,,"Quidam negauerunt in ignem quicquam posse mutari, priusquam mutatum esset in aquam.",quidam negauerunt in ignem quicquam posse mutari priusquam mutatum esset in aquam,quidam negauerunt in ignem quicquam posse mutari priusquam mutatum esset in aquam
12196,body,251,2,True,,"Potest ergo nubes, salua quam continet aqua, ignem parte aliqua sui reddere, ut saepe alia pars ligni ardet, alia sudat.",potest ergo nubes salua quam continet aqua ignem parte aliqua sui reddere ut saepe alia pars ligni ardet alia sudat,potest ergo nubes salua quam continet aqua ignem parte aliqua sui reddere ut saepe alia pars ligni ardet alia sudat
12196,body,252,0,False,,"Nec hoc dico non contraria inter se ista esse et alterum altero perimi; sed ubi ualentior ignis quam umor est, uincit; rursus, cum copia umoris exsuperat, tunc ignis sine effectu est; itaque non ardent uirentia.",nec hoc dico non contraria inter se ista esse et alterum altero perimi sed ubi ualentior ignis quam umor est uincit rursus cum copia umoris exsuperat tunc ignis sine effectu est itaque non ardent uirentia,nec hoc dico non contraria inter se ista esse et alterum altero perimi sed ubi ualentior ignis quam umor est uincit rursus cum copia umoris exsuperat tunc ignis sine effectu est itaque non ardent uirentia
12196,body,252,1,True,,Refert ergo quantum aquae sit; exigua enim non resistet nec uim ignis impediet.,refert ergo quantum aquae sit exigua enim non resistet nec uim ignis impediet,refert ergo quantum aquae sit exigua enim non resistet nec uim ignis impediet
12196,body,253,0,False,,Quidni?,quidni,quidni
12196,body,253,1,False,,"Maiorum nostrorum memoria, ut Posidonius tradidit, cum insula in Aegaeo mari surgeret, spumabat interdiu mare et fumus ex alto ferebatur.",maiorum nostrorum memoria ut posidonius tradidit cum insula in aegaeo mari surgeret spumabat interdiu mare et fumus ex alto ferebatur,maiorum nostrorum memoria ut posidonius tradidit cum insula in aegaeo mari surgeret spumabat interdiu mare et fumus ex alto ferebatur
12196,body,253,2,True,,"Nox demum prodebat ignem, non continuum sed ex interuallis emicantem fulminum more, quotiens ardor infernus iacentis super undae pondus euicerat.",nox demum prodebat ignem non continuum sed ex interuallis emicantem fulminum more quotiens ardor infernus iacentis super undae pondus euicerat,nox demum prodebat ignem non continuum sed ex interuallis emicantem fulminum more quotiens ardor infernus iacentis super undae pondus euicerat
12196,body,254,0,False,,"Deinde saxa euoluta rupesque partim illaesae, quas spiritus, antequam urerentur, expulerat, partim exesae et in leuitatem pumicis uersae.",deinde saxa euoluta rupesque partim illaesae quas spiritus antequam urerentur expulerat partim exesae et in leuitatem pumicis uersae,deinde saxa euoluta rupesque partim illaesae quas spiritus antequam urerentur expulerat partim exesae et in leuitatem pumicis uersae
12196,body,254,1,False,,Nouissime cacumen exusti montis emicuit.,nouissime cacumen exusti montis emicuit,nouissime cacumen exusti montis emicuit
12196,body,254,2,True,,Postea altitudini adiectum et saxum illud in magnitudinem insulae creuit.,postea altitudini adiectum et saxum illud in magnitudinem insulae creuit,postea altitudini adiectum et saxum illud in magnitudinem insulae creuit
12196,body,255,0,False,,Idem nostra memoria Valerio Asiatico consule iterum accidit.,idem nostra memoria valerio asiatico consule iterum accidit,idem nostra memoria ualerio asiatico consule iterum accidit
12196,body,255,1,False,,Quorsus haec rettuli?,quorsus haec rettuli,quorsus haec rettuli
12196,body,255,2,True,,"Vt appareret nec extinctum ignem mari superfuso, nec impetum eius grauitate ingentis undae prohibitum exire; ducentorum passuum fuisse altitudinem Asclepiodotus, auditor Posidonii, tradidit, per quam. diremptis aquis ignis emersit.",vt appareret nec extinctum ignem mari superfuso nec impetum eius grauitate ingentis undae prohibitum exire ducentorum passuum fuisse altitudinem asclepiodotus auditor posidonii tradidit per quam diremptis aquis ignis emersit,ut appareret nec extinctum ignem mari superfuso nec impetum eius grauitate ingentis undae prohibitum exire ducentorum passuum fuisse altitudinem asclepiodotus auditor posidonii tradidit per quam diremptis aquis ignis emersit
12196,body,256,0,False,,"Quod si immensa aquarum uis flammarum ex imo subeuntem uim non potuit opprimere, quanto minus impedire poterit ignem nubium tenuis umor et roscidus?",quod si immensa aquarum uis flammarum ex imo subeuntem uim non potuit opprimere quanto minus impedire poterit ignem nubium tenuis umor et roscidus,quod si immensa aquarum uis flammarum ex imo subeuntem uim non potuit opprimere quanto minus impedire poterit ignem nubium tenuis umor et roscidus
12196,body,256,1,False,,Adeo res ista non affert ullam moram ut contra causa ignium sit; quos non uidemus emicare nisi impendente caelo; serenum sine fulmine est.,adeo res ista non affert ullam moram ut contra causa ignium sit quos non uidemus emicare nisi impendente caelo serenum sine fulmine est,adeo res ista non affert ullam moram ut contra causa ignium sit quos non uidemus emicare nisi impendente caelo serenum sine fulmine est
12196,body,256,2,True,,"Non lial~et istos metus dies purus, ne nox quidem nis” obscura nubibus.",non lialet istos metus dies purus ne nox quidem nis obscura nubibus,non lialet istos metus dies purus ne nox quidem nis obscura nubibus
12196,body,257,0,False,,Quid ergo?,quid ergo,quid ergo
12196,body,257,1,False,,non aliquando etiam apparentibus stellis et nocte tranquilla fulgurat?,non aliquando etiam apparentibus stellis et nocte tranquilla fulgurat,non aliquando etiam apparentibus stellis et nocte tranquilla fulgurat
12196,body,257,2,True,,"Sed scias licet, illic nubes esse unde splendor effertur, quas uideri a nobis terrarum tumor non sinit.",sed scias licet illic nubes esse unde splendor effertur quas uideri a nobis terrarum tumor non sinit,sed scias licet illic nubes esse unde splendor effertur quas uideri a nobis terrarum tumor non sinit
12196,body,258,0,True,,"Adice nunc quod fieri potest ut nubes summissae et humiles attritu suo ignem reddant; qui in superiora expressus, in parte caeli sincera puraque uisitur, sed fit in sordida.",adice nunc quod fieri potest ut nubes summissae et humiles attritu suo ignem reddant qui in superiora expressus in parte caeli sincera puraque uisitur sed fit in sordida,adice nunc quod fieri potest ut nubes summissae et humiles attritu suo ignem reddant qui in superiora expressus in parte caeli sincera puraque uisitur sed fit in sordida
12196,head,259,0,True,,CAPUT 27,caput,caput
12196,body,260,0,False,,"Tonitrua distinxere quidam ita ut dicerent unum esse genus cuius graue sit murmur, quale terrarum motum antecedit clauso uento et fremente.",tonitrua distinxere quidam ita ut dicerent unum esse genus cuius graue sit murmur quale terrarum motum antecedit clauso uento et fremente,tonitrua distinxere quidam ita ut dicerent unum esse genus cuius graue sit murmur quale terrarum motum antecedit clauso uento et fremente
12196,body,260,1,True,,Hoc quomodo uideatur illis fieri dicam.,hoc quomodo uideatur illis fieri dicam,hoc quomodo uideatur illis fieri dicam
12196,body,261,0,True,,"Cum spiritum intra se clausere nubes, in concauis partibus earum uolutatus aer similem agit mugitibus sonum, raucum et aequalem et continuum, utique ubi etiam umida illa regio est et exitum claudit; ideo eiusmodi tonitrua uenturi praenuntia imbris sunt.",cum spiritum intra se clausere nubes in concauis partibus earum uolutatus aer similem agit mugitibus sonum raucum et aequalem et continuum utique ubi etiam umida illa regio est et exitum claudit ideo eiusmodi tonitrua uenturi praenuntia imbris sunt,cum spiritum intra se clausere nubes in concauis partibus earum uolutatus aer similem agit mugitibus sonum raucum et aequalem et continuum utique ubi etiam umida illa regio est et exitum claudit ideo eiusmodi tonitrua uenturi praenuntia imbris sunt
12196,body,262,0,False,,"Aliud genus est acre, quod acerbum magis dixerim quam sonorum, quale audire solemus, cum super caput alicuius dirupta uesica est; talia eduptur tonitrua, cum conglobata nubes dissoluitur et eum quo distenta fuerat spiritum emittit.",aliud genus est acre quod acerbum magis dixerim quam sonorum quale audire solemus cum super caput alicuius dirupta uesica est talia eduptur tonitrua cum conglobata nubes dissoluitur et eum quo distenta fuerat spiritum emittit,aliud genus est acre quod acerbum magis dixerim quam sonorum quale audire solemus cum super caput alicuius dirupta uesica est talia eduptur tonitrua cum conglobata nubes dissoluitur et eum quo distenta fuerat spiritum emittit
12196,body,262,1,False,,"Hic proprie fragor dicitur, subitus et uehemens.",hic proprie fragor dicitur subitus et uehemens,hic proprie fragor dicitur subitus et uehemens
12196,body,262,2,True,,"Quo edito concidunt homines et exanimantur; quidam uero uiui stupent et in totum sibi excidunt, quos uocamus attonitos, uni mentem sonus ille caelestis loco pepulit.",quo edito concidunt homines et exanimantur quidam uero uiui stupent et in totum sibi excidunt quos uocamus attonitos uni mentem sonus ille caelestis loco pepulit,quo edito concidunt homines et exanimantur quidam uero uiui stupent et in totum sibi excidunt quos uocamus attonitos uni mentem sonus ille caelestis loco pepulit
12196,body,263,0,False,,"Hic fieri illo quoque modo potest ut inclusus aer caua nube et motu ipso extenuatus diffundatur; deinde, dum. maiorem sibi locum quaerit, a quibus inuolutus est, sonum patitur.",hic fieri illo quoque modo potest ut inclusus aer caua nube et motu ipso extenuatus diffundatur deinde dum maiorem sibi locum quaerit a quibus inuolutus est sonum patitur,hic fieri illo quoque modo potest ut inclusus aer caua nube et motu ipso extenuatus diffundatur deinde dum maiorem sibi locum quaerit a quibus inuolutus est sonum patitur
12196,body,263,1,False,,Quid autem?,quid autem,quid autem
12196,body,263,2,True,,"non, quemadmodum illisae inter se manus plausum edunt, sic illisarum inter se nubium sonus potest esse, magnus quia magna concurrunt?",non quemadmodum illisae inter se manus plausum edunt sic illisarum inter se nubium sonus potest esse magnus quia magna concurrunt,non quemadmodum illisae inter se manus plausum edunt sic illisarum inter se nubium sonus potest esse magnus quia magna concurrunt
12196,head,264,0,True,,CAPUT 28,caput,caput
12196,body,265,0,False,,"Videmus, inquit, nubes impingi montibus nec sonum, fieri. Primum. omnium non quocumque modo illisae sunt sonant, sed si apte compo,sitae ad sonum edendum.",videmus inquit nubes impingi montibus nec sonum fieri primum omnium non quocumque modo illisae sunt sonant sed si apte compositae ad sonum edendum,uidemus inquit nubes impingi montibus nec sonum fieri primum omnium non quocumque modo illisae sunt sonant sed si apte compositae ad sonum edendum
12196,body,265,1,False,,"Auersas inter se manus collide, non plaudent; sed palma cum palma collata plausum. facit; et plurimum interest utrum cauae concutiantur an planae et extentae.",auersas inter se manus collide non plaudent sed palma cum palma collata plausum facit et plurimum interest utrum cauae concutiantur an planae et extentae,auersas inter se manus collide non plaudent sed palma cum palma collata plausum facit et plurimum interest utrum cauae concutiantur an planae et extentae
12196,body,265,2,True,,Deinde non tantum ire nubes oportet sed agi magna ui et procellosa.,deinde non tantum ire nubes oportet sed agi magna ui et procellosa,deinde non tantum ire nubes oportet sed agi magna ui et procellosa
12196,body,266,0,False,,"Etiamnunc mons non findit nubem, sed digerit et primain quamque partem eius soluit.",etiamnunc mons non findit nubem sed digerit et primain quamque partem eius soluit,etiamnunc mons non findit nubem sed digerit et primain quamque partem eius soluit
12196,body,266,1,False,,"Ne uesica quidem, quoeumque modo spiritum emisit, sonat: si ferro diuisa est, sine ullo aurium sensu exit; rumpi illam oportet, ut sonet, non secari.",ne uesica quidem quoeumque modo spiritum emisit sonat si ferro diuisa est sine ullo aurium sensu exit rumpi illam oportet ut sonet non secari,ne uesica quidem quoeumque modo spiritum emisit sonat si ferro diuisa est sine ullo aurium sensu exit rumpi illam oportet ut sonet non secari
12196,body,266,2,False,,"Idem de nubibus dico; nisi multo impetu dissolutae, non sonant.",idem de nubibus dico nisi multo impetu dissolutae non sonant,idem de nubibus dico nisi multo impetu dissolutae non sonant
12196,body,266,3,True,,"Adice nunc quod nubes in montem actae non franguntur, sed circumfunduntur et in aliquas partes montis, in arbores, rames, frutices, aspera saxa et eminentia; et ita discutiuntur, et, si quem habent spiritum, multifariam emittunt, qui, nisi uniuersus erumpit, nec crepat.",adice nunc quod nubes in montem actae non franguntur sed circumfunduntur et in aliquas partes montis in arbores rames frutices aspera saxa et eminentia et ita discutiuntur et si quem habent spiritum multifariam emittunt qui nisi uniuersus erumpit nec crepat,adice nunc quod nubes in montem actae non franguntur sed circumfunduntur et in aliquas partes montis in arbores rames frutices aspera saxa et eminentia et ita discutiuntur et si quem habent spiritum multifariam emittunt qui nisi uniuersus erumpit nec crepat
12196,body,267,0,True,,"Hoc ut scias, uentus qui circa arborem finditur sibilat, non tonat; lato, ut ita dicam, ictu et totum globum semel dissipante opus est, ut sonitus erumpat qualis auditur, cum tonat.",hoc ut scias uentus qui circa arborem finditur sibilat non tonat lato ut ita dicam ictu et totum globum semel dissipante opus est ut sonitus erumpat qualis auditur cum tonat,hoc ut scias uentus qui circa arborem finditur sibilat non tonat lato ut ita dicam ictu et totum globum semel dissipante opus est ut sonitus erumpat qualis auditur cum tonat
12196,head,268,0,True,,CAPUT 29,caput,caput
12196,body,269,0,False,,Praeter haec natura aptus est aer ad uoces.,praeter haec natura aptus est aer ad uoces,praeter haec natura aptus est aer ad uoces
12196,body,269,1,False,,"Quidni, cum uox nihil aliud sit quam ictus aer?",quidni cum uox nihil aliud sit quam ictus aer,quidni cum uox nihil aliud sit quam ictus aer
12196,body,269,2,False,,"Debent ergo nubes utrimque conseri, et cauae et intentae.",debent ergo nubes utrimque conseri et cauae et intentae,debent ergo nubes utrimque conseri et cauae et intentae
12196,body,269,3,False,,"Vides enim quanto uocaliora sint uacua quam plena, quanto intenta quam remissa.",vides enim quanto uocaliora sint uacua quam plena quanto intenta quam remissa,uides enim quanto uocaliora sint uacua quam plena quanto intenta quam remissa
12196,body,269,4,True,,"Item tympana et cymbala sonant, quia illa repugnantem ex ulteriore parte spiritum pulsant, haec et ipso oere non nisi cauo tinniunt.",item tympana et cymbala sonant quia illa repugnantem ex ulteriore parte spiritum pulsant haec et ipso oere non nisi cauo tinniunt,item tympana et cymbala sonant quia illa repugnantem ex ulteriore parte spiritum pulsant haec et ipso oere non nisi cauo tinniunt
12196,head,270,0,True,,CAPUT 30,caput,caput
12196,body,271,0,False,,"Quidam, inter quos Asclepiodotus est, iudicant sic quorundam quoque corporum concursu tonitrum et fulmina excuti posse.",quidam inter quos asclepiodotus est iudicant sic quorundam quoque corporum concursu tonitrum et fulmina excuti posse,quidam inter quos asclepiodotus est iudicant sic quorundam quoque corporum concursu tonitrum et fulmina excuti posse
12196,body,271,1,False,,"Aetna aliquando multo igne abundauit, ingentem uim harenae urentis effudit,, inuolutus est dies puluere, populosque subita nox terruit.",aetna aliquando multo igne abundauit ingentem uim harenae urentis effudit inuolutus est dies puluere populosque subita nox terruit,aetna aliquando multo igne abundauit ingentem uim harenae urentis effudit inuolutus est dies puluere populosque subita nox terruit
12196,body,271,2,True,,"Aiunt tunc plurima fuisse fulmina et tonitrua quae concursu aridorum corporum facta sunt, non nubium, quas uerisimile est in tanto feruore aeris nullas fuisse.",aiunt tunc plurima fuisse fulmina et tonitrua quae concursu aridorum corporum facta sunt non nubium quas uerisimile est in tanto feruore aeris nullas fuisse,aiunt tunc plurima fuisse fulmina et tonitrua quae concursu aridorum corporum facta sunt non nubium quas uerisimile est in tanto feruore aeris nullas fuisse
12196,body,272,0,True,,"Aliquando Cambyses ad Ammonem misit exercitum, quem harena austro, mota et more niuis incidens texit, deinde obruit; tunc quoque uerisimile est fuisse tonitrum fulminaque attritu harenae sese affricantis.",aliquando cambyses ad ammonem misit exercitum quem harena austro mota et more niuis incidens texit deinde obruit tunc quoque uerisimile est fuisse tonitrum fulminaque attritu harenae sese affricantis,aliquando cambyses ad ammonem misit exercitum quem harena austro mota et more niuis incidens texit deinde obruit tunc quoque uerisimile est fuisse tonitrum fulminaque attritu harenae sese affricantis
12196,body,273,0,False,,Non repugnat proposito nostro ista opinio.,non repugnat proposito nostro ista opinio,non repugnat proposito nostro ista opinio
12196,body,273,1,False,,"Diximus enim utriusque naturae corpora efflare terras et sicci aliquid et umidi in toto acre uagari; itaque si quid tale interuenit, nubem fecit solidiorem et crassiorem quam si tantum simplici spiritu texeretur.",diximus enim utriusque naturae corpora efflare terras et sicci aliquid et umidi in toto acre uagari itaque si quid tale interuenit nubem fecit solidiorem et crassiorem quam si tantum simplici spiritu texeretur,diximus enim utriusque naturae corpora efflare terras et sicci aliquid et umidi in toto acre uagari itaque si quid tale interuenit nubem fecit solidiorem et crassiorem quam si tantum simplici spiritu texeretur
12196,body,273,2,True,,Illa frangi potest et edere sonum.,illa frangi potest et edere sonum,illa frangi potest et edere sonum
12196,body,274,0,False,,"Ista quae dixi, sine incendiis uaporantibus aera repleuerunt, siue uentis terras uerrentibus, necesse est nubem faciant ante quam sonum.",ista quae dixi sine incendiis uaporantibus aera repleuerunt siue uentis terras uerrentibus necesse est nubem faciant ante quam sonum,ista quae dixi sine incendiis uaporantibus aera repleuerunt siue uentis terras uerrentibus necesse est nubem faciant ante quam sonum
12196,body,274,1,True,,"Nubem autem tam arida quam umida conserunt; est enim, ut diximus, nubes spissitudo aeris crassi.",nubem autem tam arida quam umida conserunt est enim ut diximus nubes spissitudo aeris crassi,nubem autem tam arida quam umida conserunt est enim ut diximus nubes spissitudo aeris crassi
12196,head,275,0,True,,CAPUT 31,caput,caput
12196,body,276,0,False,,"Ceterum luira fulminis, si intueri uelis, opera sunt nec quicquam dubii relinquentia quin diuina sit illius ac subtilis potentia.",ceterum luira fulminis si intueri uelis opera sunt nec quicquam dubii relinquentia quin diuina sit illius ac subtilis potentia,ceterum luira fulminis si intueri uelis opera sunt nec quicquam dubii relinquentia quin diuina sit illius ac subtilis potentia
12196,body,276,1,True,,"Loculis integris et illaesis conflatur argentum; manente uagina gladius ipse liquescit, et inuiolato ligno circa pila ferrum omne destillat; stat fracto dolio uinum nec ultra triduum ille rigor durat.",loculis integris et illaesis conflatur argentum manente uagina gladius ipse liquescit et inuiolato ligno circa pila ferrum omne destillat stat fracto dolio uinum nec ultra triduum ille rigor durat,loculis integris et illaesis conflatur argentum manente uagina gladius ipse liquescit et inuiolato ligno circa pila ferrum omne destillat stat fracto dolio uinum nec ultra triduum ille rigor durat
12196,body,277,0,False,,"Illud aeque inter adnotanda ponas licet quod et hominum et ceterorum animalium. quae icta sunt caput spectat ad exitum fulminis, quod omnium percussarum arborum contra fulmina astulae surgunt.",illud aeque inter adnotanda ponas licet quod et hominum et ceterorum animalium quae icta sunt caput spectat ad exitum fulminis quod omnium percussarum arborum contra fulmina astulae surgunt,illud aeque inter adnotanda ponas licet quod et hominum et ceterorum animalium quae icta sunt caput spectat ad exitum fulminis quod omnium percussarum arborum contra fulmina astulae surgunt
12196,body,277,1,False,,"Quid quod malarum serpentium et aliorum. animalium quibus mortifera uis inest, cum fulmine icta sunt, uenenum omne consumitur?",quid quod malarum serpentium et aliorum animalium quibus mortifera uis inest cum fulmine icta sunt uenenum omne consumitur,quid quod malarum serpentium et aliorum animalium quibus mortifera uis inest cum fulmine icta sunt uenenum omne consumitur
12196,body,277,2,False,,"– Unde, inquit, scis?",unde inquit scis,unde inquit scis
12196,body,277,3,False,,– In uenenatis corporibus uermis non nascitur .,in uenenatis corporibus uermis non nascitur,in uenenatis corporibus uermis non nascitur
12196,body,277,4,True,,; fulmine icta intra paucos dies uerminant.,fulmine icta intra paucos dies uerminant,fulmine icta intra paucos dies uerminant
12196,head,278,0,True,,CAPUT 32,caput,caput
12196,body,279,0,True,,"Quid quod futura portendunt, nec unius tantum aut alterius rei signa dant, sed saepe longum fatorum. sequentium ordinem nuntiant, et quidem notis euidentibus longeque clarioribus quam si scriberentur?",quid quod futura portendunt nec unius tantum aut alterius rei signa dant sed saepe longum fatorum sequentium ordinem nuntiant et quidem notis euidentibus longeque clarioribus quam si scriberentur,quid quod futura portendunt nec unius tantum aut alterius rei signa dant sed saepe longum fatorum sequentium ordinem nuntiant et quidem notis euidentibus longeque clarioribus quam si scriberentur
12196,body,280,0,False,,"Hoc inter nos et Tuscos, quibus summa est fulgurum persequendorum scientia, interest: nos putamus, quia nubes collisae sunt, fulmina emitti; ipsi existimant nubes collidi ut fulmina emittantur; nam, cum omnia ad deum referant, in ea opirione sunt tamquam. non, quia facta sunt, significent, sed quia significatura sunt, fiant.",hoc inter nos et tuscos quibus summa est fulgurum persequendorum scientia interest nos putamus quia nubes collisae sunt fulmina emitti ipsi existimant nubes collidi ut fulmina emittantur nam cum omnia ad deum referant in ea opirione sunt tamquam non quia facta sunt significent sed quia significatura sunt fiant,hoc inter nos et tuscos quibus summa est fulgurum persequendorum scientia interest nos putamus quia nubes collisae sunt fulmina emitti ipsi existimant nubes collidi ut fulmina emittantur nam cum omnia ad deum referant in ea opirione sunt tamquam non quia facta sunt significent sed quia significatura sunt fiant
12196,body,280,1,True,,"Eadem tamen ratione fiunt, siue illis significare propositum, siue consequens est.",eadem tamen ratione fiunt siue illis significare propositum siue consequens est,eadem tamen ratione fiunt siue illis significare propositum siue consequens est
12196,body,281,0,False,,"Quomodo ergo significant, nisi ”deo mittuntur?",quomodo ergo significant nisi deo mittuntur,quomodo ergo significant nisi deo mittuntur
12196,body,281,1,False,,Quomodo aues non in hoc motae ut nobis occurrerent dextrum. auspicium sinistrumque fecerunt.,quomodo aues non in hoc motae ut nobis occurrerent dextrum auspicium sinistrumque fecerunt,quomodo aues non in hoc motae ut nobis occurrerent dextrum auspicium sinistrumque fecerunt
12196,body,281,2,False,,"Et illas, inquit, deus mouit.",et illas inquit deus mouit,et illas inquit deus mouit
12196,body,281,3,True,,"Nimis illum otiosum. et pusillae rei ministrum, facis, si aliis somnia, aliis exta disponit.",nimis illum otiosum et pusillae rei ministrum facis si aliis somnia aliis exta disponit,nimis illum otiosum et pusillae rei ministrum facis si aliis somnia aliis exta disponit
12196,body,282,0,False,,"Ista nihilominus diuina ope geruntur, si non a deo pennae auium reguntur nec pecudum, uiscera sub ipsa securi formantur.",ista nihilominus diuina ope geruntur si non a deo pennae auium reguntur nec pecudum uiscera sub ipsa securi formantur,ista nihilominus diuina ope geruntur si non a deo pennae auium reguntur nec pecudum uiscera sub ipsa securi formantur
12196,body,282,1,False,,"Alia ratione fatorum series explicatur indicia uenturi ubique praemittens, ex quibus quaedam nobis familiaria, quaedam ignota sunt.",alia ratione fatorum series explicatur indicia uenturi ubique praemittens ex quibus quaedam nobis familiaria quaedam ignota sunt,alia ratione fatorum series explicatur indicia uenturi ubique praemittens ex quibus quaedam nobis familiaria quaedam ignota sunt
12196,body,282,2,False,,"Quicquid fit, alicuius rei futurae signum est.",quicquid fit alicuius rei futurae signum est,quicquid fit alicuius rei futurae signum est
12196,body,282,3,True,,"Fortuita et sine ratione uaga diuinationem non recipiunt; cuius rei ordo est, etiam praedictio est.",fortuita et sine ratione uaga diuinationem non recipiunt cuius rei ordo est etiam praedictio est,fortuita et sine ratione uaga diuinationem non recipiunt cuius rei ordo est etiam praedictio est
12196,body,283,0,False,,"Cur ergo aquilae hic honor datus est ut magnarum rerum faceret auspicia, aut coruo et paucissimis auibus, ceterarum sine praesagio uox est?",cur ergo aquilae hic honor datus est ut magnarum rerum faceret auspicia aut coruo et paucissimis auibus ceterarum sine praesagio uox est,cur ergo aquilae hic honor datus est ut magnarum rerum faceret auspicia aut coruo et paucissimis auibus ceterarum sine praesagio uox est
12196,body,283,1,False,,Quia quaedam!,quia quaedam,quia quaedam
12196,body,283,2,False,,"iondum in artem redacta sunt, quaedam uero ne redigi quidem possunt ob nin:iium remotam conuersationem; ceterum nullum. animal est quod non motu et occursu suo praedicat aliquid.",iondum in artem redacta sunt quaedam uero ne redigi quidem possunt ob niniium remotam conuersationem ceterum nullum animal est quod non motu et occursu suo praedicat aliquid,iondum in artem redacta sunt quaedam uero ne redigi quidem possunt ob niniium remotam conuersationem ceterum nullum animal est quod non motu et occursu suo praedicat aliquid
12196,body,283,3,True,,"Non omnia scilicet, sed quaedam notantur.",non omnia scilicet sed quaedam notantur,non omnia scilicet sed quaedam notantur
12196,body,284,0,False,,Auspicium obseruantis est; ad eum itaque pertinet qui in ea direxit animum.,auspicium obseruantis est ad eum itaque pertinet qui in ea direxit animum,auspicium obseruantis est ad eum itaque pertinet qui in ea direxit animum
12196,body,284,1,True,,Ceterum fiunt et illa quae pereunt.,ceterum fiunt et illa quae pereunt,ceterum fiunt et illa quae pereunt
12196,body,285,0,False,,Quinque stellarum potestates Chaldaeorum obseruatio excepit quid?,quinque stellarum potestates chaldaeorum obseruatio excepit quid,quinque stellarum potestates chaldaeorum obseruatio excepit quid
12196,body,285,1,False,,tu tot illa milia siderum iudicas otiosa lucere?,tu tot illa milia siderum iudicas otiosa lucere,tu tot illa milia siderum iudicas otiosa lucere
12196,body,285,2,False,,"Quid est porro aliud quod errorem maximum incutiat peritis natalium quam, quod paucis nos sideribus assignˆnt, cum omnia quae supra nos sunt partem nostri sibi uindicent?",quid est porro aliud quod errorem maximum incutiat peritis natalium quam quod paucis nos sideribus assignˆnt cum omnia quae supra nos sunt partem nostri sibi uindicent,quid est porro aliud quod errorem maximum incutiat peritis natalium quam quod paucis nos sideribus assignnt cum omnia quae supra nos sunt partem nostri sibi uindicent
12196,body,285,3,False,,Summissiora forsitan propius in nos uim suam dirigunt et ea quae frequentius mota aliter nos aliterque prospiciunt.,summissiora forsitan propius in nos uim suam dirigunt et ea quae frequentius mota aliter nos aliterque prospiciunt,summissiora forsitan propius in nos uim suam dirigunt et ea quae frequentius mota aliter nos aliterque prospiciunt
12196,body,285,4,False,,Ceterum et illa quae aut immota sunt aut propter uelocitatem uniuerso parem immotis similia non extra ius dominiumque nostri sunt.,ceterum et illa quae aut immota sunt aut propter uelocitatem uniuerso parem immotis similia non extra ius dominiumque nostri sunt,ceterum et illa quae aut immota sunt aut propter uelocitatem uniuerso parem immotis similia non extra ius dominiumque nostri sunt
12196,body,285,5,True,,"Alium aliud aspicit; distributis rem offlciis tractant; non magis autem facile est scire quid possint, quam dubitari debet an possint.",alium aliud aspicit distributis rem offlciis tractant non magis autem facile est scire quid possint quam dubitari debet an possint,alium aliud aspicit distributis rem offlciis tractant non magis autem facile est scire quid possint quam dubitari debet an possint
12196,head,286,0,True,,CAPUT 33,caput,caput
12196,body,287,0,False,,Nunc ad fulmina reuertamur.,nunc ad fulmina reuertamur,nunc ad fulmina reuertamur
12196,body,287,1,False,,"Quorum ars in haec tria diuiditur: quemadmodum exploremus, quemadmodum interpretemur; quemadmodum expiemus.",quorum ars in haec tria diuiditur quemadmodum exploremus quemadmodum interpretemur quemadmodum expiemus,quorum ars in haec tria diuiditur quemadmodum exploremus quemadmodum interpretemur quemadmodum expiemus
12196,body,287,2,True,,"Prima pars ad formulam pertinet, secunda ad diuinationem, tertia ad propitiandos deos, quos bono fulmine rogare oportet, malo deprecari; rogare, ut promissa firment; deprecari, ut remittant minas.",prima pars ad formulam pertinet secunda ad diuinationem tertia ad propitiandos deos quos bono fulmine rogare oportet malo deprecari rogare ut promissa firment deprecari ut remittant minas,prima pars ad formulam pertinet secunda ad diuinationem tertia ad propitiandos deos quos bono fulmine rogare oportet malo deprecari rogare ut promissa firment deprecari ut remittant minas
12196,head,288,0,True,,CAPUT 34,caput,caput
12196,body,289,0,True,,"Summam esse uim fulminis iudicant, quia, quicquid alia portendunt, interuentus fulminis tollit; quicquid ab hoc portenditur, fixum est nec alterius ostenti significatione mutatur; quicquid exta, quicquid aues minabuntur, secundo fulmine abolebitur; quicquid fulmine denuntiatum est, nec extis nec aue contraria refellitur.",summam esse uim fulminis iudicant quia quicquid alia portendunt interuentus fulminis tollit quicquid ab hoc portenditur fixum est nec alterius ostenti significatione mutatur quicquid exta quicquid aues minabuntur secundo fulmine abolebitur quicquid fulmine denuntiatum est nec extis nec aue contraria refellitur,summam esse uim fulminis iudicant quia quicquid alia portendunt interuentus fulminis tollit quicquid ab hoc portenditur fixum est nec alterius ostenti significatione mutatur quicquid exta quicquid aues minabuntur secundo fulmine abolebitur quicquid fulmine denuntiatum est nec extis nec aue contraria refellitur
12196,body,290,0,False,,In quo mihi falli uidentur. Quare?,in quo mihi falli uidentur quare,in quo mihi falli uidentur quare
12196,body,290,1,False,,Quia uero uerius nihil est.,quia uero uerius nihil est,quia uero uerius nihil est
12196,body,290,2,False,,"Si aues futura cecinerunt, non potest hoc auspicium fulmine irritum fieri, aut non futura cecinerunt.",si aues futura cecinerunt non potest hoc auspicium fulmine irritum fieri aut non futura cecinerunt,si aues futura cecinerunt non potest hoc auspicium fulmine irritum fieri aut non futura cecinerunt
12196,body,290,3,False,,"Non enim nunc auem comparo et fulmen, sed duo ueri signa, quae, si uerum significant, paria sunt.",non enim nunc auem comparo et fulmen sed duo ueri signa quae si uerum significant paria sunt,non enim nunc auem comparo et fulmen sed duo ueri signa quae si uerum significant paria sunt
12196,body,290,4,False,,"Itaque, quae fulminis interuentus submouet extorum uel augurii iudicia, male inspecta exta, male seruata auguria sunt.",itaque quae fulminis interuentus submouet extorum uel augurii iudicia male inspecta exta male seruata auguria sunt,itaque quae fulminis interuentus submouet extorum uel augurii iudicia male inspecta exta male seruata auguria sunt
12196,body,290,5,True,,"Non enim refert utrius rei species maior sit uel natura potentior; si utraque res ueri attulit signa, quantum ad hoc, par est.",non enim refert utrius rei species maior sit uel natura potentior si utraque res ueri attulit signa quantum ad hoc par est,non enim refert utrius rei species maior sit uel natura potentior si utraque res ueri attulit signa quantum ad hoc par est
12196,body,291,0,False,,"Si dicas flammae maiorem uim esse quam fumi, non mentieris; sed, ad indicandum ignem, idem ualet flamma quod fumus.",si dicas flammae maiorem uim esse quam fumi non mentieris sed ad indicandum ignem idem ualet flamma quod fumus,si dicas flammae maiorem uim esse quam fumi non mentieris sed ad indicandum ignem idem ualet flamma quod fumus
12196,body,291,1,False,,"Itaque si hoc dicunt: « Quotiens aliud exta significabunt, aliud fulmina, fulminum. erit auctoritas maior », fortasse consentiam.",itaque si hoc dicunt quotiens aliud exta significabunt aliud fulmina fulminum erit auctoritas maior fortasse consentiam,itaque si hoc dicunt quotiens aliud exta significabunt aliud fulmina fulminum erit auctoritas maior fortasse consentiam
12196,body,291,2,False,,"Si hoc dicunt: « Quamuis altera res uerum praedixisset, fulminis ictus priora deleuit et ad se fidem. traxit, » falsum est. Quare?",si hoc dicunt quamuis altera res uerum praedixisset fulminis ictus priora deleuit et ad se fidem traxit falsum est quare,si hoc dicunt quamuis altera res uerum praedixisset fulminis ictus priora deleuit et ad se fidem traxit falsum est quare
12196,body,291,3,False,,Quia nihil interest quam multa auspicia sint.,quia nihil interest quam multa auspicia sint,quia nihil interest quam multa auspicia sint
12196,body,291,4,True,,"Fatum unum est; quod si bene primo auspicio intellectum est, secundo non interit: idem est.",fatum unum est quod si bene primo auspicio intellectum est secundo non interit idem est,fatum unum est quod si bene primo auspicio intellectum est secundo non interit idem est
12196,body,292,0,True,,"Ita dico, non refert idem an aliud sit per quod quidem quaerimus, quoniam de quo quaerimus, idem est.",ita dico non refert idem an aliud sit per quod quidem quaerimus quoniam de quo quaerimus idem est,ita dico non refert idem an aliud sit per quod quidem quaerimus quoniam de quo quaerimus idem est
12196,head,293,0,True,,CAPUT 35,caput,caput
12196,body,294,0,False,,Fatum fulmine mutari non potest. Quidni?,fatum fulmine mutari non potest quidni,fatum fulmine mutari non potest quidni
12196,body,294,1,False,,Nam fulmen ipsum fati pars est.,nam fulmen ipsum fati pars est,nam fulmen ipsum fati pars est
12196,body,294,2,False,,Quid ergo?,quid ergo,quid ergo
12196,body,294,3,False,,"expiationes procurationesque quo pertinent, si immutabilia sunt fata?",expiationes procurationesque quo pertinent si immutabilia sunt fata,expiationes procurationesque quo pertinent si immutabilia sunt fata
12196,body,294,4,True,,"– Permitte mihi illam rigidam sectam tueri eorum, qui excipiunt ista et nihil uota esse aliud quam aegrae mentis solacia existimant.",permitte mihi illam rigidam sectam tueri eorum qui excipiunt ista et nihil uota esse aliud quam aegrae mentis solacia existimant,permitte mihi illam rigidam sectam tueri eorum qui excipiunt ista et nihil uota esse aliud quam aegrae mentis solacia existimant
12196,body,295,0,False,,Fata aliter ius suum peragunt nec ulla commouentur prece.,fata aliter ius suum peragunt nec ulla commouentur prece,fata aliter ius suum peragunt nec ulla commouentur prece
12196,body,295,1,False,,Non misericordia flectuntur non gratia.,non misericordia flectuntur non gratia,non misericordia flectuntur non gratia
12196,body,295,2,False,,Seruant cursum irreuocabilem: ingressa ex destinato fluunt.,seruant cursum irreuocabilem ingressa ex destinato fluunt,seruant cursum irreuocabilem ingressa ex destinato fluunt
12196,body,295,3,True,,"Quemadmodum rapidorum aqua torrentium in se non recurrit, nec moratur quidem, quia priorem superueniens praecipitat, sic ordinem fati rerum aeterna series rotat, cuius haec prima lex est, stare decreto.",quemadmodum rapidorum aqua torrentium in se non recurrit nec moratur quidem quia priorem superueniens praecipitat sic ordinem fati rerum aeterna series rotat cuius haec prima lex est stare decreto,quemadmodum rapidorum aqua torrentium in se non recurrit nec moratur quidem quia priorem superueniens praecipitat sic ordinem fati rerum aeterna series rotat cuius haec prima lex est stare decreto
12196,head,296,0,True,,CAPUT 36,caput,caput
12196,body,297,0,False,,Quid enim intellogis fatum?,quid enim intellogis fatum,quid enim intellogis fatum
12196,body,297,1,False,,"Existimo necessitatem rerum omnium actionumque, quam nulla uis rumpat.",existimo necessitatem rerum omnium actionumque quam nulla uis rumpat,existimo necessitatem rerum omnium actionumque quam nulla uis rumpat
12196,body,297,2,False,,"Hanc si sacrificiis aut capite niueae agnae exorari iudicas, diuina non nosti.",hanc si sacrificiis aut capite niueae agnae exorari iudicas diuina non nosti,hanc si sacrificiis aut capite niueae agnae exorari iudicas diuina non nosti
12196,body,297,3,True,,"Sapientis quoque uiri sententiam negatis posse mutari; quanto magis dei, cum sapiens quid sit optimum in praesentia sciat, illius diuinitati omne praesens sit?",sapientis quoque uiri sententiam negatis posse mutari quanto magis dei cum sapiens quid sit optimum in praesentia sciat illius diuinitati omne praesens sit,sapientis quoque uiri sententiam negatis posse mutari quanto magis dei cum sapiens quid sit optimum in praesentia sciat illius diuinitati omne praesens sit
12196,head,298,0,True,,CAPUT 37,caput,caput
12196,body,299,0,True,,"Agere nunc causam eorum uolo qui procuranda existimant fulmina, et expiationes non dubitant prodesse aliquando ad summouenda pericula, aliquando ad leuanda, aliquando ad differenda.",agere nunc causam eorum uolo qui procuranda existimant fulmina et expiationes non dubitant prodesse aliquando ad summouenda pericula aliquando ad leuanda aliquando ad differenda,agere nunc causam eorum uolo qui procuranda existimant fulmina et expiationes non dubitant prodesse aliquando ad summouenda pericula aliquando ad leuanda aliquando ad differenda
12196,body,300,0,False,,"Quid sit quod sequatur, paulo post persequar; interim hoc habent commune nobiscum quod nos quoque existimamus uota proficere salua ui ac potestate fatorum.",quid sit quod sequatur paulo post persequar interim hoc habent commune nobiscum quod nos quoque existimamus uota proficere salua ui ac potestate fatorum,quid sit quod sequatur paulo post persequar interim hoc habent commune nobiscum quod nos quoque existimamus uota proficere salua ui ac potestate fatorum
12196,body,300,1,True,,"Quaedam enim, a diis immortalibus ita suspensa relicta sunt ut in bonum uertant, si admotae diis preces fuerint, si uota suscepta; ita non est hoc contra fatum, sed ipsum quoque in fato est.",quaedam enim a diis immortalibus ita suspensa relicta sunt ut in bonum uertant si admotae diis preces fuerint si uota suscepta ita non est hoc contra fatum sed ipsum quoque in fato est,quaedam enim a diis immortalibus ita suspensa relicta sunt ut in bonum uertant si admotae diis preces fuerint si uota suscepta ita non est hoc contra fatum sed ipsum quoque in fato est
12196,body,301,0,False,,"Aut futurum, inquit, est aut non; si est futurum, etiamsi non susceperis uota, fiet.",aut futurum inquit est aut non si est futurum etiamsi non susceperis uota fiet,aut futurum inquit est aut non si est futurum etiamsi non susceperis uota fiet
12196,body,301,1,False,,"Si non est futurum, etiamsi non susceperis uota, fiet.",si non est futurum etiamsi non susceperis uota fiet,si non est futurum etiamsi non susceperis uota fiet
12196,body,301,2,True,,"Falsa est ista interrogato, quia illam mediam inter ista exceptionem praeteris: futurum hoc est, sed si uota suscepta fuerint.",falsa est ista interrogato quia illam mediam inter ista exceptionem praeteris futurum hoc est sed si uota suscepta fuerint,falsa est ista interrogato quia illam mediam inter ista exceptionem praeteris futurum hoc est sed si uota suscepta fuerint
12196,head,302,0,True,,CAPUT 38,caput,caput
12196,body,303,0,False,,"Hoc quoque, inquit, ipsum necesse est fato comprehensum sit ut aut susc”pias uota aut non.",hoc quoque inquit ipsum necesse est fato comprehensum sit ut aut suscpias uota aut non,hoc quoque inquit ipsum necesse est fato comprehensum sit ut aut suscpias uota aut non
12196,body,303,1,True,,Puta me tibi manus dare et fateri hoc quoque fato esse comprehensum ut utique fiant uota; ideo fient.,puta me tibi manus dare et fateri hoc quoque fato esse comprehensum ut utique fiant uota ideo fient,puta me tibi manus dare et fateri hoc quoque fato esse comprehensum ut utique fiant uota ideo fient
12196,body,304,0,False,,"Fatum est ut hic disertus sit, sed si litteras didicerit; at eodera fato continetur ut litteras discat; ideo dopendus est.",fatum est ut hic disertus sit sed si litteras didicerit at eodera fato continetur ut litteras discat ideo dopendus est,fatum est ut hic disertus sit sed si litteras didicerit at eodera fato continetur ut litteras discat ideo dopendus est
12196,body,304,1,False,,"Hic diues erit, sed si nauigauerit; at, in illo fati ordine quo patrimonium illi grande promittitur, hoc quoque protinus adfatum est ut etiam nauiget; ideo nauigabit.",hic diues erit sed si nauigauerit at in illo fati ordine quo patrimonium illi grande promittitur hoc quoque protinus adfatum est ut etiam nauiget ideo nauigabit,hic diues erit sed si nauigauerit at in illo fati ordine quo patrimonium illi grande promittitur hoc quoque protinus adfatum est ut etiam nauiget ideo nauigabit
12196,body,304,2,True,,"Idem tibi de expiationibus dico: effugiet pericula, si expiauerit praedictas diuinitus minas; at hoc: quoque in fato est, ut expiet; ideo expiabit.",idem tibi de expiationibus dico effugiet pericula si expiauerit praedictas diuinitus minas at hoc quoque in fato est ut expiet ideo expiabit,idem tibi de expiationibus dico effugiet pericula si expiauerit praedictas diuinitus minas at hoc quoque in fato est ut expiet ideo expiabit
12196,body,305,0,False,,Ista nobis opponi solent ut probetur nihil uoluntati nostrae relictum et omne ius fato traditum.,ista nobis opponi solent ut probetur nihil uoluntati nostrae relictum et omne ius fato traditum,ista nobis opponi solent ut probetur nihil uoluntati nostrae relictum et omne ius fato traditum
12196,body,305,1,True,,"Cum de ista re agetur, dicam quemadmodum manente fato aliquid sit in hominis arbitrio; nunc uero id de quo agitur explicui, quomodo, si fati certus est ordo expiationes procurationesque prodigiorum pericula auertant, quia non cum fato pugnant, sed et ipsae in lege fati sunt.",cum de ista re agetur dicam quemadmodum manente fato aliquid sit in hominis arbitrio nunc uero id de quo agitur explicui quomodo si fati certus est ordo expiationes procurationesque prodigiorum pericula auertant quia non cum fato pugnant sed et ipsae in lege fati sunt,cum de ista re agetur dicam quemadmodum manente fato aliquid sit in hominis arbitrio nunc uero id de quo agitur explicui quomodo si fati certus est ordo expiationes procurationesque prodigiorum pericula auertant quia non cum fato pugnant sed et ipsae in lege fati sunt
12196,body,306,0,False,,"Quid ergo, inquis, aruspex mihi prodest?",quid ergo inquis aruspex mihi prodest,quid ergo inquis aruspex mihi prodest
12196,body,306,1,False,,Vtique enim expiare mihi etiam non suadente illo necesse est.,vtique enim expiare mihi etiam non suadente illo necesse est,utique enim expiare mihi etiam non suadente illo necesse est
12196,body,306,2,False,,– Hoc prodest quod fati minister est.,hoc prodest quod fati minister est,hoc prodest quod fati minister est
12196,body,306,3,True,,"Sic cum sanitas debeatur fato, debetur et medico, quia ad nos benelicium fati per huius manus uenit.",sic cum sanitas debeatur fato debetur et medico quia ad nos benelicium fati per huius manus uenit,sic cum sanitas debeatur fato debetur et medico quia ad nos benelicium fati per huius manus uenit
12196,head,307,0,True,,CAPUT 39,caput,caput
12196,body,308,0,False,,"Genera fulgurum tria esse ait Caecina, consiliarium, auctoritatis et quod status dicitur.",genera fulgurum tria esse ait caecina consiliarium auctoritatis et quod status dicitur,genera fulgurum tria esse ait caecina consiliarium auctoritatis et quod status dicitur
12196,body,308,1,False,,"Consiliarium ante rem fit sed post cogitationem, Oum aliquid in animo uersantibus aut suadetur fulminis ictu aut dissuadetur.",consiliarium ante rem fit sed post cogitationem oum aliquid in animo uersantibus aut suadetur fulminis ictu aut dissuadetur,consiliarium ante rem fit sed post cogitationem oum aliquid in animo uersantibus aut suadetur fulminis ictu aut dissuadetur
12196,body,308,2,True,,"Auctoritatis est ubi post rem factam uenit, quam bono futuram maloue significat.",auctoritatis est ubi post rem factam uenit quam bono futuram maloue significat,auctoritatis est ubi post rem factam uenit quam bono futuram maloue significat
12196,body,309,0,False,,Status est ubi quietis nec agentibus quicquam nec cogitantibus quidem fulmen interuenit et aut minatur aut promittit aut monet.,status est ubi quietis nec agentibus quicquam nec cogitantibus quidem fulmen interuenit et aut minatur aut promittit aut monet,status est ubi quietis nec agentibus quicquam nec cogitantibus quidem fulmen interuenit et aut minatur aut promittit aut monet
12196,body,309,1,True,,"Hoc monitorium uocat, sed nescio quare non idem sit quod consiliarium, nam et qui monet consilium dat.",hoc monitorium uocat sed nescio quare non idem sit quod consiliarium nam et qui monet consilium dat,hoc monitorium uocat sed nescio quare non idem sit quod consiliarium nam et qui monet consilium dat
12196,body,310,0,True,,"Sed habeat aliquam distinctionem et ob hoc separetur a consiliario, quia illud suadet dissuadetque, hoc solam euitationem impendentis periculi continet, ut cum timemus ignem, fraudem a proximis, insidias a seruis.",sed habeat aliquam distinctionem et ob hoc separetur a consiliario quia illud suadet dissuadetque hoc solam euitationem impendentis periculi continet ut cum timemus ignem fraudem a proximis insidias a seruis,sed habeat aliquam distinctionem et ob hoc separetur a consiliario quia illud suadet dissuadetque hoc solam euitationem impendentis periculi continet ut cum timemus ignem fraudem a proximis insidias a seruis
12196,body,311,0,True,,"Etiamnunc tamen aliam distinctionem utriusque uideo: consiliarium est quod cogitanti factum est, monitorium quod nihil cogitanti; habet autem utraque res suam proprietatem: suadetur deliberantibus; ultro monentur.",etiamnunc tamen aliam distinctionem utriusque uideo consiliarium est quod cogitanti factum est monitorium quod nihil cogitanti habet autem utraque res suam proprietatem suadetur deliberantibus ultro monentur,etiamnunc tamen aliam distinctionem utriusque uideo consiliarium est quod cogitanti factum est monitorium quod nihil cogitanti habet autem utraque res suam proprietatem suadetur deliberantibus ultro monentur
12196,head,312,0,True,,CAPUT 40,caput,caput
12196,body,313,0,False,,Primo omnium non sunt fulminum genera sed significationum.,primo omnium non sunt fulminum genera sed significationum,primo omnium non sunt fulminum genera sed significationum
12196,body,313,1,False,,"Nam fulminum genera sunt illa, quod terebrat, quod discutit, quod urit.",nam fulminum genera sunt illa quod terebrat quod discutit quod urit,nam fulminum genera sunt illa quod terebrat quod discutit quod urit
12196,body,313,2,True,,"Quod terebrat subtile est et flammeum, oui per angustissimum fuga est ob sinceram et puram flammae tenuitatem.",quod terebrat subtile est et flammeum oui per angustissimum fuga est ob sinceram et puram flammae tenuitatem,quod terebrat subtile est et flammeum oui per angustissimum fuga est ob sinceram et puram flammae tenuitatem
12196,body,314,0,False,,Quod dissipat conglobatum est et habet admixtam uim spiritus coacti ac procellosi.,quod dissipat conglobatum est et habet admixtam uim spiritus coacti ac procellosi,quod dissipat conglobatum est et habet admixtam uim spiritus coacti ac procellosi
12196,body,314,1,True,,"Itaque illud fulmen per id foramen quod ingressum. est redit et euad”t; huius late sparsa uis rumpit icta, non perforat.",itaque illud fulmen per id foramen quod ingressum est redit et euadt huius late sparsa uis rumpit icta non perforat,itaque illud fulmen per id foramen quod ingressum est redit et euadt huius late sparsa uis rumpit icta non perforat
12196,body,315,0,False,,"Tertium illud genus, quod urit, multum terreni habet et igneum magis est quam flammeum; itaque relinquit magnas ignium notas, quae percussis inhaereant.",tertium illud genus quod urit multum terreni habet et igneum magis est quam flammeum itaque relinquit magnas ignium notas quae percussis inhaereant,tertium illud genus quod urit multum terreni habet et igneum magis est quam flammeum itaque relinquit magnas ignium notas quae percussis inhaereant
12196,body,315,1,True,,"Nullum quidem sine igne fulmen uenit, sed tamen hoc proprie igneum. dicimus quod manifesta ardoris uestigia imprimit, quod aut urit aut fuscat.",nullum quidem sine igne fulmen uenit sed tamen hoc proprie igneum dicimus quod manifesta ardoris uestigia imprimit quod aut urit aut fuscat,nullum quidem sine igne fulmen uenit sed tamen hoc proprie igneum dicimus quod manifesta ardoris uestigia imprimit quod aut urit aut fuscat
12196,body,316,0,False,,"Tribus modis urit: aut afflat et leui iniuria laedit, aut comburit, aut accendit.",tribus modis urit aut afflat et leui iniuria laedit aut comburit aut accendit,tribus modis urit aut afflat et leui iniuria laedit aut comburit aut accendit
12196,body,316,1,True,,"Omnia ista urunt sed genere et modo differunt quodeumque combustum est, utique et ustum est at quod ustum est, non utique combustum est.",omnia ista urunt sed genere et modo differunt quodeumque combustum est utique et ustum est at quod ustum est non utique combustum est,omnia ista urunt sed genere et modo differunt quodeumque combustum est utique et ustum est at quod ustum est non utique combustum est
12196,body,317,0,False,,"Item quod accensum est, – potest enim illud ipso transitu ignis ussisse, – quis nescit uri quidem nec ardere, nihil autem ardere quod non et uratur?",item quod accensum est potest enim illud ipso transitu ignis ussisse quis nescit uri quidem nec ardere nihil autem ardere quod non et uratur,item quod accensum est potest enim illud ipso transitu ignis ussisse quis nescit uri quidem nec ardere nihil autem ardere quod non et uratur
12196,body,317,1,True,,"Vnum hoc adiciam: potest aliquid esse combustum nec accensum, potest accensum esse nec combustum.",vnum hoc adiciam potest aliquid esse combustum nec accensum potest accensum esse nec combustum,unum hoc adiciam potest aliquid esse combustum nec accensum potest accensum esse nec combustum
12196,body,318,0,False,,Nunc ad id transeo genus fulminis quo icta fuscantur; hoc aut decolorat aut colorat.,nunc ad id transeo genus fulminis quo icta fuscantur hoc aut decolorat aut colorat,nunc ad id transeo genus fulminis quo icta fuscantur hoc aut decolorat aut colorat
12196,body,318,1,True,,"Utrique distinctionem suam reddam: decoloratur id cuius color uitiatur, non mutatur; coloratur id cuius alia fit quam fuit facies, tamquam caerulea uel nigra uel pallida.",utrique distinctionem suam reddam decoloratur id cuius color uitiatur non mutatur coloratur id cuius alia fit quam fuit facies tamquam caerulea uel nigra uel pallida,utrique distinctionem suam reddam decoloratur id cuius color uitiatur non mutatur coloratur id cuius alia fit quam fuit facies tamquam caerulea uel nigra uel pallida
12196,head,319,0,True,,CAPUT 41,caput,caput
12196,body,320,0,False,,Haec adhuc Etruscis philosophisque communia sunt.,haec adhuc etruscis philosophisque communia sunt,haec adhuc etruscis philosophisque communia sunt
12196,body,320,1,False,,"In illo, dissentiunt quod fulmina a loue dicunt mitti et tres illi manubias dant.",in illo dissentiunt quod fulmina a loue dicunt mitti et tres illi manubias dant,in illo dissentiunt quod fulmina a loue dicunt mitti et tres illi manubias dant
12196,body,320,2,False,,"Prima, ut aiunt, monet et placata est et ipsius Iouis consilio mittitur.",prima ut aiunt monet et placata est et ipsius iouis consilio mittitur,prima ut aiunt monet et placata est et ipsius iouis consilio mittitur
12196,body,320,3,True,,"Secundam mittit quidem Iupiter, sed ex consihi sententia, duodecim enim deos aduocat; hoc fulmen boni aliquid. aliquando facit, sed tunc quoque non aliter quam ut noceat; ne prodest quidem impune.",secundam mittit quidem iupiter sed ex consihi sententia duodecim enim deos aduocat hoc fulmen boni aliquid aliquando facit sed tunc quoque non aliter quam ut noceat ne prodest quidem impune,secundam mittit quidem iupiter sed ex consihi sententia duodecim enim deos aduocat hoc fulmen boni aliquid aliquando facit sed tunc quoque non aliter quam ut noceat ne prodest quidem impune
12196,body,321,0,True,,"Tertiam manubiam idem Iupiter mittit, sed adhibitis in consilium diis quos superiores et inuolutos uocant, quia uastat in quae incidit et utique mutat statum priuatum et publicum. quem inuenit; ignis enim nihil esse quod fuit patitur.",tertiam manubiam idem iupiter mittit sed adhibitis in consilium diis quos superiores et inuolutos uocant quia uastat in quae incidit et utique mutat statum priuatum et publicum quem inuenit ignis enim nihil esse quod fuit patitur,tertiam manubiam idem iupiter mittit sed adhibitis in consilium diis quos superiores et inuolutos uocant quia uastat in quae incidit et utique mutat statum priuatum et publicum quem inuenit ignis enim nihil esse quod fuit patitur
12196,head,322,0,True,,CAPUT 42,caput,caput
12196,body,323,0,False,,"In his prima specie, si intueri uelis, errat antiquitas.",in his prima specie si intueri uelis errat antiquitas,in his prima specie si intueri uelis errat antiquitas
12196,body,323,1,False,,"Quid enim tam imperitum est quam credere fulmina e nubibus Iouem mittere, columnas, arbores, nonnumquam statuas suas petere, uti, impunitis sacrilegis, percussis ouibus, incensis aris, pecudes innoxias feriat, et ad suum consilium a Ioue deos, quasi in ipso parum consilii sit aduocari?",quid enim tam imperitum est quam credere fulmina e nubibus iouem mittere columnas arbores nonnumquam statuas suas petere uti impunitis sacrilegis percussis ouibus incensis aris pecudes innoxias feriat et ad suum consilium a ioue deos quasi in ipso parum consilii sit aduocari,quid enim tam imperitum est quam credere fulmina e nubibus iouem mittere columnas arbores nonnumquam statuas suas petere uti impunitis sacrilegis percussis ouibus incensis aris pecudes innoxias feriat et ad suum consilium a ioue deos quasi in ipso parum consilii sit aduocari
12196,body,323,2,True,,"illa laeta esse et placata fulmina quae solus excutiat, perniciosa quibus mittendis maior turba numinum intersit?",illa laeta esse et placata fulmina quae solus excutiat perniciosa quibus mittendis maior turba numinum intersit,illa laeta esse et placata fulmina quae solus excutiat perniciosa quibus mittendis maior turba numinum intersit
12196,body,324,0,False,,"Si a me quaeris quid sentiam, non existimo tam hebetes fuisse ut crederent Iouem iniquae uoluntatis aut certae minus peritiae.",si a me quaeris quid sentiam non existimo tam hebetes fuisse ut crederent iouem iniquae uoluntatis aut certae minus peritiae,si a me quaeris quid sentiam non existimo tam hebetes fuisse ut crederent iouem iniquae uoluntatis aut certae minus peritiae
12196,body,324,1,True,,"Vtrum enim tunc cum emisit ignes quibus innoxia capita percuteret, scelerata transiret, noluit iustius mittere an non successit?",vtrum enim tunc cum emisit ignes quibus innoxia capita percuteret scelerata transiret noluit iustius mittere an non successit,utrum enim tunc cum emisit ignes quibus innoxia capita percuteret scelerata transiret noluit iustius mittere an non successit
12196,body,325,0,False,,"Quid ergo secuti sunt, cum haec dicerent?",quid ergo secuti sunt cum haec dicerent,quid ergo secuti sunt cum haec dicerent
12196,body,325,1,False,,"Ad coercendos imperitorum animos sapientissimi uiri iudicauerunt ineuitabilem. metum, ut aliquid supra nos timeremus.",ad coercendos imperitorum animos sapientissimi uiri iudicauerunt ineuitabilem metum ut aliquid supra nos timeremus,ad coercendos imperitorum animos sapientissimi uiri iudicauerunt ineuitabilem metum ut aliquid supra nos timeremus
12196,body,325,2,True,,"Vtile erat in tanta audacia scelerum esse aduersus quod nemo sibi satis potens uideretur; ad conterrendos itaque cos quibus innocentia nisi metu non placet posuerunt supra caput uindicem, et quidem armatum.",vtile erat in tanta audacia scelerum esse aduersus quod nemo sibi satis potens uideretur ad conterrendos itaque cos quibus innocentia nisi metu non placet posuerunt supra caput uindicem et quidem armatum,utile erat in tanta audacia scelerum esse aduersus quod nemo sibi satis potens uideretur ad conterrendos itaque cos quibus innocentia nisi metu non placet posuerunt supra caput uindicem et quidem armatum
12196,head,326,0,True,,CAPUT 43,caput,caput
12196,body,327,0,False,,"Quare ergo id fulmen quod solus Iupiter mittit placabile est, perniciosum id de quo deliberauit et quod aliis quoque diis auctoribus misit?",quare ergo id fulmen quod solus iupiter mittit placabile est perniciosum id de quo deliberauit et quod aliis quoque diis auctoribus misit,quare ergo id fulmen quod solus iupiter mittit placabile est perniciosum id de quo deliberauit et quod aliis quoque diis auctoribus misit
12196,body,327,1,True,,"Quia Iouem, id est regem, prodesse etiam solum oportet, nocere non nisi cum pluribus uisum est.",quia iouem id est regem prodesse etiam solum oportet nocere non nisi cum pluribus uisum est,quia iouem id est regem prodesse etiam solum oportet nocere non nisi cum pluribus uisum est
12196,body,328,0,True,,"Discant hi, quicumque magnam inter homines adepti sunt potentiam, sine consilio ne fulmen quidem mitti; aduocent, considerent multorum, sententias, nociturum temperent, hoc sibi proponant, ubi aliquid percuti debet, ne Ioui quidem suum satis esse consillum.",discant hi quicumque magnam inter homines adepti sunt potentiam sine consilio ne fulmen quidem mitti aduocent considerent multorum sententias nociturum temperent hoc sibi proponant ubi aliquid percuti debet ne ioui quidem suum satis esse consillum,discant hi quicumque magnam inter homines adepti sunt potentiam sine consilio ne fulmen quidem mitti aduocent considerent multorum sententias nociturum temperent hoc sibi proponant ubi aliquid percuti debet ne ioui quidem suum satis esse consillum
12196,head,329,0,True,,CAPUT 44,caput,caput
12196,body,330,0,False,,In hoc quoque tam imperiti non fuerunt ut Iouem existimarent tela mutare.,in hoc quoque tam imperiti non fuerunt ut iouem existimarent tela mutare,in hoc quoque tam imperiti non fuerunt ut iouem existimarent tela mutare
12196,body,330,1,False,,"Poeticam istud licentiam decet: Est aliud leuius fulmen, cui dextra Cyclopum Saeuitiae flammaeque minus, minus addidit irae.",poeticam istud licentiam decet est aliud leuius fulmen cui dextra cyclopum saeuitiae flammaeque minus minus addidit irae,poeticam istud licentiam decet est aliud leuius fulmen cui dextra cyclopum saeuitiae flammaeque minus minus addidit irae
12196,body,330,2,True,,Tela secunda uocant superi.,tela secunda uocant superi,tela secunda uocant superi
12196,body,331,0,False,,"Illos uero altissimos uiros error iste non tenuit, ut existimarent louem modo leuioribus fulminibus et lusoriis telis uti.",illos uero altissimos uiros error iste non tenuit ut existimarent louem modo leuioribus fulminibus et lusoriis telis uti,illos uero altissimos uiros error iste non tenuit ut existimarent louem modo leuioribus fulminibus et lusoriis telis uti
12196,body,331,1,True,,"Sed uoluerunt admonere eos quibus aduersus peccata hominum fulminandum est non eodem modo omnia esse percutienda; quaedam. frangi debere, quaedam allidi ac destringi, quaedam admoueri.",sed uoluerunt admonere eos quibus aduersus peccata hominum fulminandum est non eodem modo omnia esse percutienda quaedam frangi debere quaedam allidi ac destringi quaedam admoueri,sed uoluerunt admonere eos quibus aduersus peccata hominum fulminandum est non eodem modo omnia esse percutienda quaedam frangi debere quaedam allidi ac destringi quaedam admoueri
12196,head,332,0,True,,CAPUT 45,caput,caput
12196,body,333,0,True,,"Ne hoc quidem crediderunt louem, qualem in Capitolio et in ceteris aedibus colimus, mittere manu sua fulmina, sed eundem quem nos louem intellegunt, rectorem custodemque uniuersi, animum ac spiritum mundi, operis huius dominum. et artificem, cui nomen omne conuenit.",ne hoc quidem crediderunt louem qualem in capitolio et in ceteris aedibus colimus mittere manu sua fulmina sed eundem quem nos louem intellegunt rectorem custodemque uniuersi animum ac spiritum mundi operis huius dominum et artificem cui nomen omne conuenit,ne hoc quidem crediderunt louem qualem in capitolio et in ceteris aedibus colimus mittere manu sua fulmina sed eundem quem nos louem intellegunt rectorem custodemque uniuersi animum ac spiritum mundi operis huius dominum et artificem cui nomen omne conuenit
12196,body,334,0,False,,"Vis illum fatum uocare, non errabis; hic est ex quo suspensa sunt omnia, causa causarum.",vis illum fatum uocare non errabis hic est ex quo suspensa sunt omnia causa causarum,uis illum fatum uocare non errabis hic est ex quo suspensa sunt omnia causa causarum
12196,body,334,1,False,,"Vis illum prouidentiam dicere, recto dices; est enim cuius consilio huic mundo prouidetur, ut inoffensus exeat et actus suos explicet.",vis illum prouidentiam dicere recto dices est enim cuius consilio huic mundo prouidetur ut inoffensus exeat et actus suos explicet,uis illum prouidentiam dicere recto dices est enim cuius consilio huic mundo prouidetur ut inoffensus exeat et actus suos explicet
12196,body,334,2,True,,"Vis illum, naturam. uocare, non peccabis; hic est ex quo nata sunt omnia, cuius spiritu uiuimus.",vis illum naturam uocare non peccabis hic est ex quo nata sunt omnia cuius spiritu uiuimus,uis illum naturam uocare non peccabis hic est ex quo nata sunt omnia cuius spiritu uiuimus
12196,body,335,0,False,,"Vis illum uocare mundum, non falleris; ipso enim est hoc quod uides totum, partibus suis inditus, et se sustinens et sua.",vis illum uocare mundum non falleris ipso enim est hoc quod uides totum partibus suis inditus et se sustinens et sua,uis illum uocare mundum non falleris ipso enim est hoc quod uides totum partibus suis inditus et se sustinens et sua
12196,body,335,1,True,,"Idem Etruscis quoque uisum est, et ideo fulmina mitti dixerunt a Ioue quia sine illo nihil geritur.",idem etruscis quoque uisum est et ideo fulmina mitti dixerunt a ioue quia sine illo nihil geritur,idem etruscis quoque uisum est et ideo fulmina mitti dixerunt a ioue quia sine illo nihil geritur
12196,head,336,0,True,,CAPUT 46,caput,caput
12196,body,337,0,False,,At quare Iupiter aut ferienda transit aut innoxia ferit?,at quare iupiter aut ferienda transit aut innoxia ferit,at quare iupiter aut ferienda transit aut innoxia ferit
12196,body,337,1,False,,"In maiorem me quaestionem uocas, cui suus dies, suus locus dandus est. Interim. hoc dico fulmina non mitti a Ioue, sed sic omnia esse disposita ut etiam quae ab illo non fiunt tamen sine ratione non fiant, quae illius est.",in maiorem me quaestionem uocas cui suus dies suus locus dandus est interim hoc dico fulmina non mitti a ioue sed sic omnia esse disposita ut etiam quae ab illo non fiunt tamen sine ratione non fiant quae illius est,in maiorem me quaestionem uocas cui suus dies suus locus dandus est interim hoc dico fulmina non mitti a ioue sed sic omnia esse disposita ut etiam quae ab illo non fiunt tamen sine ratione non fiant quae illius est
12196,body,337,2,False,,"Nam etiamsi Iupiter illa nunc non facit, Iupiter fecit ut fierent.",nam etiamsi iupiter illa nunc non facit iupiter fecit ut fierent,nam etiamsi iupiter illa nunc non facit iupiter fecit ut fierent
12196,body,337,3,True,,"Singulis non adest ad omne, sed manum et uim et causam omnibus dedit.",singulis non adest ad omne sed manum et uim et causam omnibus dedit,singulis non adest ad omne sed manum et uim et causam omnibus dedit
12196,head,338,0,True,,CAPUT 47,caput,caput
12196,body,339,0,False,,Huic illorum diuisioni non accedo.,huic illorum diuisioni non accedo,huic illorum diuisioni non accedo
12196,body,339,1,False,,"Aiunt aut perpetua esse fulmina, aut finita, aut prorogatiua.",aiunt aut perpetua esse fulmina aut finita aut prorogatiua,aiunt aut perpetua esse fulmina aut finita aut prorogatiua
12196,body,339,2,False,,"Perpetua, quorum significatio in totam pertinet uitam nec unam rom denuntiat sed contextum rerum per omnem deinceps aetatem futurarum complectitur; haec sunt fulmina quae prima accepto patrimonio et in nouo hominis aut urbis statu fiunt.",perpetua quorum significatio in totam pertinet uitam nec unam rom denuntiat sed contextum rerum per omnem deinceps aetatem futurarum complectitur haec sunt fulmina quae prima accepto patrimonio et in nouo hominis aut urbis statu fiunt,perpetua quorum significatio in totam pertinet uitam nec unam rom denuntiat sed contextum rerum per omnem deinceps aetatem futurarum complectitur haec sunt fulmina quae prima accepto patrimonio et in nouo hominis aut urbis statu fiunt
12196,body,339,3,False,,Finita ad diem utique respondent.,finita ad diem utique respondent,finita ad diem utique respondent
12196,body,339,4,True,,"Prorogatiua sunt quorum minae differri possunt, auerti tollique non possunt.",prorogatiua sunt quorum minae differri possunt auerti tollique non possunt,prorogatiua sunt quorum minae differri possunt auerti tollique non possunt
12196,head,340,0,True,,CAPUT 48,caput,caput
12196,body,341,0,False,,Dicam quid sit quare huic diuisioni non consentiam.,dicam quid sit quare huic diuisioni non consentiam,dicam quid sit quare huic diuisioni non consentiam
12196,body,341,1,False,,"Nam et quod perpetuum uocant fulmen finitum est, – aeque enim ad diem respondet nec ideo minus finitum est quia multa significat –; et quod prorogatiuum uidetur finitum est; nam illorum quoque confessione certum est quousque impetretur dilatio; priuata enim fulgura negant ultra decimum annum, publica ultra tricesimum posse differri; hoc modo et ista finita sunt, quia ultra quod non prorogentur inclusum est.",nam et quod perpetuum uocant fulmen finitum est aeque enim ad diem respondet nec ideo minus finitum est quia multa significat et quod prorogatiuum uidetur finitum est nam illorum quoque confessione certum est quousque impetretur dilatio priuata enim fulgura negant ultra decimum annum publica ultra tricesimum posse differri hoc modo et ista finita sunt quia ultra quod non prorogentur inclusum est,nam et quod perpetuum uocant fulmen finitum est aeque enim ad diem respondet nec ideo minus finitum est quia multa significat et quod prorogatiuum uidetur finitum est nam illorum quoque confessione certum est quousque impetretur dilatio priuata enim fulgura negant ultra decimum annum publica ultra tricesimum posse differri hoc modo et ista finita sunt quia ultra quod non prorogentur inclusum est
12196,body,341,2,False,,Omnium ergo fulminum. et omnis euentus dies stata sit; non potest enim ulla incerti esse comprehensio.,omnium ergo fulminum et omnis euentus dies stata sit non potest enim ulla incerti esse comprehensio,omnium ergo fulminum et omnis euentus dies stata sit non potest enim ulla incerti esse comprehensio
12196,body,341,3,False,,"[48,2] Quae inspicienda sint in fulgure, passim et uage dicunt, cum possint sic diuidere quemadmodum ab Attalo philosopho, qui se huic disciplinae dediderat, diuisa sunt, ut inspiciant ubi factum sit, quando, cui, in qua re, quale, quantum.",quae inspicienda sint in fulgure passim et uage dicunt cum possint sic diuidere quemadmodum ab attalo philosopho qui se huic disciplinae dediderat diuisa sunt ut inspiciant ubi factum sit quando cui in qua re quale quantum,quae inspicienda sint in fulgure passim et uage dicunt cum possint sic diuidere quemadmodum ab attalo philosopho qui se huic disciplinae dediderat diuisa sunt ut inspiciant ubi factum sit quando cui in qua re quale quantum
12196,body,341,4,False,,"Haec si digerere in partes suas uoluero, quid postea faciam?",haec si digerere in partes suas uoluero quid postea faciam,haec si digerere in partes suas uoluero quid postea faciam
12196,body,341,5,True,,In immensa procedam.,in immensa procedam,in immensa procedam
12196,head,342,0,True,,CAPUT 49,caput,caput
12196,body,343,0,False,,Nunc nomina fulgurum quae a Caecina ponuntur perstringam. et quid de eis sentiam exponam.,nunc nomina fulgurum quae a caecina ponuntur perstringam et quid de eis sentiam exponam,nunc nomina fulgurum quae a caecina ponuntur perstringam et quid de eis sentiam exponam
12196,body,343,1,True,,"Ait esse postulatoria, quibus sacrificia intermissa aut non rite facta repetuntur; monitoria, quibus docetur quid cauendum sit; pestifera, quae mortem exiliumque portendunt; fallacia, quae per speciem alicuius boni nocent, – dant consulatum malo futurum gerciitibus et hereditatem cuius compendium magno luendum sit incommodo –; dentanea, quae speciem periculi sine periculo afferunt;",ait esse postulatoria quibus sacrificia intermissa aut non rite facta repetuntur monitoria quibus docetur quid cauendum sit pestifera quae mortem exiliumque portendunt fallacia quae per speciem alicuius boni nocent dant consulatum malo futurum gerciitibus et hereditatem cuius compendium magno luendum sit incommodo dentanea quae speciem periculi sine periculo afferunt,ait esse postulatoria quibus sacrificia intermissa aut non rite facta repetuntur monitoria quibus docetur quid cauendum sit pestifera quae mortem exiliumque portendunt fallacia quae per speciem alicuius boni nocent dant consulatum malo futurum gerciitibus et hereditatem cuius compendium magno luendum sit incommodo dentanea quae speciem periculi sine periculo afferunt
12196,body,344,0,True,,"peremptalia, quibus tolluntur priorum fulminum minae; attestata, quae prioribus consentitint; atterranea, quae in eluso fiunt; obruta, quibus iam prius percussa nec procurata feriuntur; regalia, cum forum tangitur uel comitium uel principalia urbis liberae loca, quorum significatio regnum ciuitati minatur;",peremptalia quibus tolluntur priorum fulminum minae attestata quae prioribus consentitint atterranea quae in eluso fiunt obruta quibus iam prius percussa nec procurata feriuntur regalia cum forum tangitur uel comitium uel principalia urbis liberae loca quorum significatio regnum ciuitati minatur,peremptalia quibus tolluntur priorum fulminum minae attestata quae prioribus consentitint atterranea quae in eluso fiunt obruta quibus iam prius percussa nec procurata feriuntur regalia cum forum tangitur uel comitium uel principalia urbis liberae loca quorum significatio regnum ciuitati minatur
12196,body,345,0,True,,"inferna, cum e terra exiliuit ignis; hospitalia, quae sacrificiis ad nos louem arcessunt et, ut uerbo eorum molliore utar, inuitant, – sed non irasceretur inuitatus; mine uenire eum inagno inuitantium periculo affirmant –; auxiliaria, quae inuocata sed aduocantium bono ueniunt.",inferna cum e terra exiliuit ignis hospitalia quae sacrificiis ad nos louem arcessunt et ut uerbo eorum molliore utar inuitant sed non irasceretur inuitatus mine uenire eum inagno inuitantium periculo affirmant auxiliaria quae inuocata sed aduocantium bono ueniunt,inferna cum e terra exiliuit ignis hospitalia quae sacrificiis ad nos louem arcessunt et ut uerbo eorum molliore utar inuitant sed non irasceretur inuitatus mine uenire eum inagno inuitantium periculo affirmant auxiliaria quae inuocata sed aduocantium bono ueniunt
12196,head,346,0,True,,CAPUT 50,caput,caput
12196,body,347,0,True,,"Quanto simplicior diuisio est qua utebatur Attalus noster, uir egregius, qui Etruscorum disciplinam Graeca subtilitate miscuerat: ex fulminibus quaedara sunt quae significant id quod ad nos pertinet, quaedam aut nihil significant aut id cuius intellectus ad nos non peruenit.",quanto simplicior diuisio est qua utebatur attalus noster uir egregius qui etruscorum disciplinam graeca subtilitate miscuerat ex fulminibus quaedara sunt quae significant id quod ad nos pertinet quaedam aut nihil significant aut id cuius intellectus ad nos non peruenit,quanto simplicior diuisio est qua utebatur attalus noster uir egregius qui etruscorum disciplinam graeca subtilitate miscuerat ex fulminibus quaedara sunt quae significant id quod ad nos pertinet quaedam aut nihil significant aut id cuius intellectus ad nos non peruenit
12196,body,348,0,False,,"Ex his quae significant quaedam sunt laeta, quaedam aduersa, quaedam nec aduersa nec laeta.",ex his quae significant quaedam sunt laeta quaedam aduersa quaedam nec aduersa nec laeta,ex his quae significant quaedam sunt laeta quaedam aduersa quaedam nec aduersa nec laeta
12196,body,348,1,False,,"Aduersorum hae species sunt: aut ineuitabilia mala portendunt, aut euitabilia, aut quae minui possunt, aut quae prorogari.",aduersorum hae species sunt aut ineuitabilia mala portendunt aut euitabilia aut quae minui possunt aut quae prorogari,aduersorum hae species sunt aut ineuitabilia mala portendunt aut euitabilia aut quae minui possunt aut quae prorogari
12196,body,348,2,True,,"Laeta aut mansura significant, aut caduca.",laeta aut mansura significant aut caduca,laeta aut mansura significant aut caduca
12196,body,349,0,False,,"Mixta aut partem habent boni, partem mali, aut mala in bonum, bona in malum uertunt.",mixta aut partem habent boni partem mali aut mala in bonum bona in malum uertunt,mixta aut partem habent boni partem mali aut mala in bonum bona in malum uertunt
12196,body,349,1,True,,"Nec aduersa nec laeta sunt quae aliquam nobis actionem significant qua nec terreri nec laetari debemus, ut peregrinationem in qua nec metus quicquam nec spei sit.",nec aduersa nec laeta sunt quae aliquam nobis actionem significant qua nec terreri nec laetari debemus ut peregrinationem in qua nec metus quicquam nec spei sit,nec aduersa nec laeta sunt quae aliquam nobis actionem significant qua nec terreri nec laetari debemus ut peregrinationem in qua nec metus quicquam nec spei sit
12196,head,350,0,True,,CAPUT 51,caput,caput
12196,body,351,0,False,,"Reuertor ad ea fulmina quae significant quidem aliquid sed quod ad nos non pertineat, tamquam iterum eodem anno idem futurum fulmen quod factum est.",reuertor ad ea fulmina quae significant quidem aliquid sed quod ad nos non pertineat tamquam iterum eodem anno idem futurum fulmen quod factum est,reuertor ad ea fulmina quae significant quidem aliquid sed quod ad nos non pertineat tamquam iterum eodem anno idem futurum fulmen quod factum est
12196,body,351,1,True,,"Nihil significant fulmina aut id cuius notitia nos effugit, ut illa quae in uastum mare sparguntur aut in desertas solitudines; quorum significatio uel nulla est uel perit.",nihil significant fulmina aut id cuius notitia nos effugit ut illa quae in uastum mare sparguntur aut in desertas solitudines quorum significatio uel nulla est uel perit,nihil significant fulmina aut id cuius notitia nos effugit ut illa quae in uastum mare sparguntur aut in desertas solitudines quorum significatio uel nulla est uel perit
12196,head,352,0,True,,CAPUT 52,caput,caput
12196,body,353,0,False,,Pauca adhuc adiciam ad enarrandam uim fulm”nis.,pauca adhuc adiciam ad enarrandam uim fulmnis,pauca adhuc adiciam ad enarrandam uim fulmnis
12196,body,353,1,False,,Quae non eodem modo omnem materiam uexat.,quae non eodem modo omnem materiam uexat,quae non eodem modo omnem materiam uexat
12196,body,353,2,False,,"Valentiora, quia resistunt, uehementius dissipat; cedentia nonnumquam sine iniuria transit: cum lapide ferroque et durissimis quibusque confligit, quia uiam necesse est per illa impetu quaerat, itaque facit qua effugiat; at teneris et rarioribus parcit, quamquam flammis opportuna uideantur, quia transitu patente minus saeuit.",valentiora quia resistunt uehementius dissipat cedentia nonnumquam sine iniuria transit cum lapide ferroque et durissimis quibusque confligit quia uiam necesse est per illa impetu quaerat itaque facit qua effugiat at teneris et rarioribus parcit quamquam flammis opportuna uideantur quia transitu patente minus saeuit,ualentiora quia resistunt uehementius dissipat cedentia nonnumquam sine iniuria transit cum lapide ferroque et durissimis quibusque confligit quia uiam necesse est per illa impetu quaerat itaque facit qua effugiat at teneris et rarioribus parcit quamquam flammis opportuna uideantur quia transitu patente minus saeuit
12196,body,353,3,True,,"Loculis itaque integris, ut dixi, pecunia quae in his fuit conflata reperitur, quia ignis tenuissimus per foramina occulta transcurrit, quicquid autem in tigno solidum inuenit et contumax uincit.",loculis itaque integris ut dixi pecunia quae in his fuit conflata reperitur quia ignis tenuissimus per foramina occulta transcurrit quicquid autem in tigno solidum inuenit et contumax uincit,loculis itaque integris ut dixi pecunia quae in his fuit conflata reperitur quia ignis tenuissimus per foramina occulta transcurrit quicquid autem in tigno solidum inuenit et contumax uincit
12196,body,354,0,False,,"Non uno autem, ut dixi, modo saeuit, sed quid quaeque uis fecerit, ex ipso genere iniuriae intellegis et fulmen opere cognosces.",non uno autem ut dixi modo saeuit sed quid quaeque uis fecerit ex ipso genere iniuriae intellegis et fulmen opere cognosces,non uno autem ut dixi modo saeuit sed quid quaeque uis fecerit ex ipso genere iniuriae intellegis et fulmen opere cognosces
12196,body,354,1,False,,"Interdum in eadem materia multa diuersa eiusdem fulminis uis facit, sicut in arbore quod aridissimum urit, quod durissimum. et solidissimum est terebrat et frangit, summos cortices dissipat, interiores libros rumpit ac scindit, folia pertundit ac stringit.",interdum in eadem materia multa diuersa eiusdem fulminis uis facit sicut in arbore quod aridissimum urit quod durissimum et solidissimum est terebrat et frangit summos cortices dissipat interiores libros rumpit ac scindit folia pertundit ac stringit,interdum in eadem materia multa diuersa eiusdem fulminis uis facit sicut in arbore quod aridissimum urit quod durissimum et solidissimum est terebrat et frangit summos cortices dissipat interiores libros rumpit ac scindit folia pertundit ac stringit
12196,body,354,2,True,,"Vinum gelat, ferrum et aes fundit.",vinum gelat ferrum et aes fundit,uinum gelat ferrum et aes fundit
12196,head,355,0,True,,CAPUT 53,caput,caput
12196,body,356,0,False,,"Illud est mirum quod uinum fulmine gelatum, cum ad priorem habitum redit, potum aut exanimat aut dementes facit.",illud est mirum quod uinum fulmine gelatum cum ad priorem habitum redit potum aut exanimat aut dementes facit,illud est mirum quod uinum fulmine gelatum cum ad priorem habitum redit potum aut exanimat aut dementes facit
12196,body,356,1,False,,Quare id accidat quaerenti m”hi illud occurrit.,quare id accidat quaerenti mhi illud occurrit,quare id accidat quaerenti mhi illud occurrit
12196,body,356,2,True,,"Inest uis fulmini pestifera; ex hoc aliquem remanere spiritum in eo umore quem coegit congelauitque simile ueri est; nec enim alligari potuisset, nisi aliquod illi esset additum uinculum.",inest uis fulmini pestifera ex hoc aliquem remanere spiritum in eo umore quem coegit congelauitque simile ueri est nec enim alligari potuisset nisi aliquod illi esset additum uinculum,inest uis fulmini pestifera ex hoc aliquem remanere spiritum in eo umore quem coegit congelauitque simile ueri est nec enim alligari potuisset nisi aliquod illi esset additum uinculum
12196,body,357,0,False,,"Praeterea olei quoque et omnis unguenti taeter post fulmen odor est; ex quo apparet inesse quandam subtifissimo igni et contra naturam suam acto pestilentem potentiam, qua non icta tantum cadunt sed et afflata.",praeterea olei quoque et omnis unguenti taeter post fulmen odor est ex quo apparet inesse quandam subtifissimo igni et contra naturam suam acto pestilentem potentiam qua non icta tantum cadunt sed et afflata,praeterea olei quoque et omnis unguenti taeter post fulmen odor est ex quo apparet inesse quandam subtifissimo igni et contra naturam suam acto pestilentem potentiam qua non icta tantum cadunt sed et afflata
12196,body,357,1,True,,"Praeterea quocumque decidit fulmen, ibi odorem esse sulphuris certum est, qui, quia natura grauis est, saepius haustus alienat.",praeterea quocumque decidit fulmen ibi odorem esse sulphuris certum est qui quia natura grauis est saepius haustus alienat,praeterea quocumque decidit fulmen ibi odorem esse sulphuris certum est qui quia natura grauis est saepius haustus alienat
12196,body,358,0,False,,Sed ad haec uacui reuertemur.,sed ad haec uacui reuertemur,sed ad haec uacui reuertemur
12196,body,358,1,False,,Fortasse enim libebit ostendere quantum omnia ista a philosophia parente artium fluxere.,fortasse enim libebit ostendere quantum omnia ista a philosophia parente artium fluxere,fortasse enim libebit ostendere quantum omnia ista a philosophia parente artium fluxere
12196,body,358,2,True,,"Illa primum et quaesiuit causas rerum et obseruauit effectus et, quod in fulminis inspectione longe melius est, initiis rerum exitus contulit.",illa primum et quaesiuit causas rerum et obseruauit effectus et quod in fulminis inspectione longe melius est initiis rerum exitus contulit,illa primum et quaesiuit causas rerum et obseruauit effectus et quod in fulminis inspectione longe melius est initiis rerum exitus contulit
12196,head,359,0,True,,CAPUT 54,caput,caput
12196,body,360,0,False,,Nunc ad opinionem Posidonii reuertor.,nunc ad opinionem posidonii reuertor,nunc ad opinionem posidonii reuertor
12196,body,360,1,False,,"E terra terrenisque omnibus pars umida effiatur, pars sicca et fumida; haec fulminibus alimentum est, illa imbribus.",e terra terrenisque omnibus pars umida effiatur pars sicca et fumida haec fulminibus alimentum est illa imbribus,e terra terrenisque omnibus pars umida effiatur pars sicca et fumida haec fulminibus alimentum est illa imbribus
12196,body,360,2,True,,"Quicquid in aera sicci fumosique peruenit, id includi se nubibus non fert sed rumpit claudentia; inde est sonus quem nos tonitrum, uocamus.",quicquid in aera sicci fumosique peruenit id includi se nubibus non fert sed rumpit claudentia inde est sonus quem nos tonitrum uocamus,quicquid in aera sicci fumosique peruenit id includi se nubibus non fert sed rumpit claudentia inde est sonus quem nos tonitrum uocamus
12196,body,361,0,True,,"In ipso quoque acre quicquid extenuatur, simul siccatur et calefit; hoc quoque, si inclusum est, aeque fugam quaerit et cum. sono euadit, ac modo uniuersum eruptionem facit eoque uehementius intonat, modo per partes et minutatim.",in ipso quoque acre quicquid extenuatur simul siccatur et calefit hoc quoque si inclusum est aeque fugam quaerit et cum sono euadit ac modo uniuersum eruptionem facit eoque uehementius intonat modo per partes et minutatim,in ipso quoque acre quicquid extenuatur simul siccatur et calefit hoc quoque si inclusum est aeque fugam quaerit et cum sono euadit ac modo uniuersum eruptionem facit eoque uehementius intonat modo per partes et minutatim
12196,body,362,0,True,,"Ergo tonitrua hic spiritus exprimit, dum aut rumpit nubes, aut peruolat; uolutatio autem spiritus in nube conclusi ualentissimum est atterendi genus.",ergo tonitrua hic spiritus exprimit dum aut rumpit nubes aut peruolat uolutatio autem spiritus in nube conclusi ualentissimum est atterendi genus,ergo tonitrua hic spiritus exprimit dum aut rumpit nubes aut peruolat uolutatio autem spiritus in nube conclusi ualentissimum est atterendi genus
12196,head,363,0,True,,CAPUT 55,caput,caput
12196,body,364,0,False,,"Tonitrua nihil alind sunt quam citi aeris sonitus, qui fieri, nisi dum aut terit aut rumpitur, non potest.",tonitrua nihil alind sunt quam citi aeris sonitus qui fieri nisi dum aut terit aut rumpitur non potest,tonitrua nihil alind sunt quam citi aeris sonitus qui fieri nisi dum aut terit aut rumpitur non potest
12196,body,364,1,False,,"– Etsi colliduntur inter se, inquit, nubes, t is quem desideras ictus.",etsi colliduntur inter se inquit nubes t is quem desideras ictus,etsi colliduntur inter se inquit nubes t is quem desideras ictus
12196,body,364,2,True,,"– Sed non uniuersus neque enim tota totis concurrunt, sed partibus partes nec sonant mollia, nisi illisa duris sint, itaque non auditur fluctus, nisi impactus est.",sed non uniuersus neque enim tota totis concurrunt sed partibus partes nec sonant mollia nisi illisa duris sint itaque non auditur fluctus nisi impactus est,sed non uniuersus neque enim tota totis concurrunt sed partibus partes nec sonant mollia nisi illisa duris sint itaque non auditur fluctus nisi impactus est
12196,body,365,0,False,,"– Ignis, inquit, missus in aquam sonat, dum extinguitur.",ignis inquit missus in aquam sonat dum extinguitur,ignis inquit missus in aquam sonat dum extinguitur
12196,body,365,1,False,,"Puta ita esse, pro me est; non enim ignis tunc sonum efficit sed spiritus per extinguentia effugiens.",puta ita esse pro me est non enim ignis tunc sonum efficit sed spiritus per extinguentia effugiens,puta ita esse pro me est non enim ignis tunc sonum efficit sed spiritus per extinguentia effugiens
12196,body,365,2,True,,"Vt dem tibi et fieri ignem in nube et extingui, a spiritu nascitur et attritu.",vt dem tibi et fieri ignem in nube et extingui a spiritu nascitur et attritu,ut dem tibi et fieri ignem in nube et extingui a spiritu nascitur et attritu
12196,body,366,0,False,,"– Quid ergo, inquit, non potest aliqua ex his transcurrentibus stellis incidere, in nubem et extingui?",quid ergo inquit non potest aliqua ex his transcurrentibus stellis incidere in nubem et extingui,quid ergo inquit non potest aliqua ex his transcurrentibus stellis incidere in nubem et extingui
12196,body,366,1,False,,"– Existimemus posse aliquando et hoc fieri; nunc naturalem causam quaerimus et assiduam, non raram fortuitamque.",existimemus posse aliquando et hoc fieri nunc naturalem causam quaerimus et assiduam non raram fortuitamque,existimemus posse aliquando et hoc fieri nunc naturalem causam quaerimus et assiduam non raram fortuitamque
12196,body,366,2,True,,"Puta enim me confiteri uerum esse quod dicis, aliquando post tonitrua emicare ignes stellis transuersis et cadentibus similes, non ob hoc tonitrua facta sunt, sed, cum hoc fieret, tonitrua facta sunt.",puta enim me confiteri uerum esse quod dicis aliquando post tonitrua emicare ignes stellis transuersis et cadentibus similes non ob hoc tonitrua facta sunt sed cum hoc fieret tonitrua facta sunt,puta enim me confiteri uerum esse quod dicis aliquando post tonitrua emicare ignes stellis transuersis et cadentibus similes non ob hoc tonitrua facta sunt sed cum hoc fieret tonitrua facta sunt
12196,body,367,0,False,,"Clidemos ait fulgurationem speciem inanem esse, non ignem; sic enim per noctem splendorem motu remorum uideri.",clidemos ait fulgurationem speciem inanem esse non ignem sic enim per noctem splendorem motu remorum uideri,clidemos ait fulgurationem speciem inanem esse non ignem sic enim per noctem splendorem motu remorum uideri
12196,body,367,1,False,,Dissimile est exemplum.,dissimile est exemplum,dissimile est exemplum
12196,body,367,2,True,,"Illic enim splendor intra ipsam aquam apparet; hic, qui fit in aere, erumpit et exilit.",illic enim splendor intra ipsam aquam apparet hic qui fit in aere erumpit et exilit,illic enim splendor intra ipsam aquam apparet hic qui fit in aere erumpit et exilit
12196,head,368,0,True,,CAPUT 56,caput,caput
12196,body,369,0,False,,"Heraclitus existimat fulgurationem esse uelut apud nos incipientium ignium conatum et primam flammam incertam, modo intereuntem, modo resurgentem; haec antiqui fulgetra dicebant.",heraclitus existimat fulgurationem esse uelut apud nos incipientium ignium conatum et primam flammam incertam modo intereuntem modo resurgentem haec antiqui fulgetra dicebant,heraclitus existimat fulgurationem esse uelut apud nos incipientium ignium conatum et primam flammam incertam modo intereuntem modo resurgentem haec antiqui fulgetra dicebant
12196,body,369,1,False,,Tonitrua nos pluraliter dicimus; antiqui autem tonitruum dixerunt aut tonum.,tonitrua nos pluraliter dicimus antiqui autem tonitruum dixerunt aut tonum,tonitrua nos pluraliter dicimus antiqui autem tonitruum dixerunt aut tonum
12196,body,369,2,True,,"Hoc apud Caecinam inuenio, facundum uirum et qui habuisset aliquando in eloquentia nomen, nisi illum Ciceronis umbra pressisset.",hoc apud caecinam inuenio facundum uirum et qui habuisset aliquando in eloquentia nomen nisi illum ciceronis umbra pressisset,hoc apud caecinam inuenio facundum uirum et qui habuisset aliquando in eloquentia nomen nisi illum ciceronis umbra pressisset
12196,body,370,0,True,,"Etiamnunc illo uerbo utebantur antiqui quo nos producta una syllaba utimur; dicimus enim, ut splendŽre, sic fulgere; at illis ad significandum hanc e nubibus subitae lucis eruptionem mos erat correpta media syllaba uti, ut dicerent fulgŽre.",etiamnunc illo uerbo utebantur antiqui quo nos producta una syllaba utimur dicimus enim ut splendžre sic fulgere at illis ad significandum hanc e nubibus subitae lucis eruptionem mos erat correpta media syllaba uti ut dicerent fulgžre,etiamnunc illo uerbo utebantur antiqui quo nos producta una syllaba utimur dicimus enim ut splendzre sic fulgere at illis ad significandum hanc e nubibus subitae lucis eruptionem mos erat correpta media syllaba uti ut dicerent fulgzre
12196,head,371,0,True,,CAPUT 57,caput,caput
12196,body,372,0,False,,Quid ipse existimem quaeris; adhuc enim alienis opinionibus commodaui manum. Dicam.,quid ipse existimem quaeris adhuc enim alienis opinionibus commodaui manum dicam,quid ipse existimem quaeris adhuc enim alienis opinionibus commodaui manum dicam
12196,body,372,1,True,,"Fulgurat, cum repentinum late lumen emicuit; id euenit ubi in ignem aer extenuatis nubibus uertitur, nec uires quibus longius prosiliret inuenit.",fulgurat cum repentinum late lumen emicuit id euenit ubi in ignem aer extenuatis nubibus uertitur nec uires quibus longius prosiliret inuenit,fulgurat cum repentinum late lumen emicuit id euenit ubi in ignem aer extenuatis nubibus uertitur nec uires quibus longius prosiliret inuenit
12196,body,373,0,False,,"Non miraris, puto, si aera aut motus extenuat aut extenuatio incendit; sic liquescit excussa glans funda et attritu aeris uelut igne, destillat.",non miraris puto si aera aut motus extenuat aut extenuatio incendit sic liquescit excussa glans funda et attritu aeris uelut igne destillat,non miraris puto si aera aut motus extenuat aut extenuatio incendit sic liquescit excussa glans funda et attritu aeris uelut igne destillat
12196,body,373,1,True,,Ideo plurima aestate sunt fulmina quia plurimum calidi est; facilius autem attritu calidorum ignis existit.,ideo plurima aestate sunt fulmina quia plurimum calidi est facilius autem attritu calidorum ignis existit,ideo plurima aestate sunt fulmina quia plurimum calidi est facilius autem attritu calidorum ignis existit
12196,body,374,0,False,,"Eodem autem modo fit fulgur, quod tantum splendet, et fulmen, quod mittitur.",eodem autem modo fit fulgur quod tantum splendet et fulmen quod mittitur,eodem autem modo fit fulgur quod tantum splendet et fulmen quod mittitur
12196,body,374,1,False,,"Sed illi leuior uis alimentique minus est et, ut breuiter dicam quod sentio, fulmen est fulgur intentum.",sed illi leuior uis alimentique minus est et ut breuiter dicam quod sentio fulmen est fulgur intentum,sed illi leuior uis alimentique minus est et ut breuiter dicam quod sentio fulmen est fulgur intentum
12196,body,374,2,True,,"Ergo ubi calidi fumidique natura emissa terris in nubes incidit et diu in illarum sinu uolutata est, nouissime erumpit et, quia uires non habet, splendor est;",ergo ubi calidi fumidique natura emissa terris in nubes incidit et diu in illarum sinu uolutata est nouissime erumpit et quia uires non habet splendor est,ergo ubi calidi fumidique natura emissa terris in nubes incidit et diu in illarum sinu uolutata est nouissime erumpit et quia uires non habet splendor est
12196,body,375,0,True,,"at ubi illa fulgura plus habuere materiae et malore impetu arserunt, non apparent tantum, sed decidunt.",at ubi illa fulgura plus habuere materiae et malore impetu arserunt non apparent tantum sed decidunt,at ubi illa fulgura plus habuere materiae et malore impetu arserunt non apparent tantum sed decidunt
12196,head,376,0,True,,CAPUT 58,caput,caput
12196,body,377,0,False,,"Quidam existimant utique fulmen reuerti, quidam subsidere ubi alimenta praegrauauerunt et fulmen ictu languidiore delatum est.",quidam existimant utique fulmen reuerti quidam subsidere ubi alimenta praegrauauerunt et fulmen ictu languidiore delatum est,quidam existimant utique fulmen reuerti quidam subsidere ubi alimenta praegrauauerunt et fulmen ictu languidiore delatum est
12196,body,377,1,False,,At quare fulmen subitum apparet nec continuatur assiduus ignis?,at quare fulmen subitum apparet nec continuatur assiduus ignis,at quare fulmen subitum apparet nec continuatur assiduus ignis
12196,body,377,2,False,,"Quia celere mirique motus simul et nubes rumpit et aera incendit, deinde desinit flamma motu quiescente, Non enim assiduus est spiritus cursus, ut ignis possit extendi.",quia celere mirique motus simul et nubes rumpit et aera incendit deinde desinit flamma motu quiescente non enim assiduus est spiritus cursus ut ignis possit extendi,quia celere mirique motus simul et nubes rumpit et aera incendit deinde desinit flamma motu quiescente non enim assiduus est spiritus cursus ut ignis possit extendi
12196,body,377,3,True,,"Sed quotiens fortius ipsa iactatione se accendit, fugiendi impetum capit; deinde, cum euasit et pugna desinit, ex eadem causa modo usque ad terram profertur, modo ante dissoluitur, si minore ui pressus est.",sed quotiens fortius ipsa iactatione se accendit fugiendi impetum capit deinde cum euasit et pugna desinit ex eadem causa modo usque ad terram profertur modo ante dissoluitur si minore ui pressus est,sed quotiens fortius ipsa iactatione se accendit fugiendi impetum capit deinde cum euasit et pugna desinit ex eadem causa modo usque ad terram profertur modo ante dissoluitur si minore ui pressus est
12196,body,378,0,False,,Quare oblique fertur?,quare oblique fertur,quare oblique fertur
12196,body,378,1,True,,"Quia spiritu constat, – spiritus autem obliquus est flexuosusque –, et quia natura ignem sursum uocat, iniuria deorsum premit; incipit autem obliquum. esse iter, dum neutra uis alteri cedit et ignis in superiora nititur, in inferiora deprimitur.",quia spiritu constat spiritus autem obliquus est flexuosusque et quia natura ignem sursum uocat iniuria deorsum premit incipit autem obliquum esse iter dum neutra uis alteri cedit et ignis in superiora nititur in inferiora deprimitur,quia spiritu constat spiritus autem obliquus est flexuosusque et quia natura ignem sursum uocat iniuria deorsum premit incipit autem obliquum esse iter dum neutra uis alteri cedit et ignis in superiora nititur in inferiora deprimitur
12196,body,379,0,False,,Quare frequenter cacumina montium feriuntur?,quare frequenter cacumina montium feriuntur,quare frequenter cacumina montium feriuntur
12196,body,379,1,True,,Quia opposita sunt nubibus et e caelo cadentibus per haec transeundum est.,quia opposita sunt nubibus et e caelo cadentibus per haec transeundum est,quia opposita sunt nubibus et e caelo cadentibus per haec transeundum est
12196,head,380,0,True,,CAPUT 59,caput,caput
12196,body,381,0,False,,"Intelligo quid dudum desideres, quid efflagites.",intelligo quid dudum desideres quid efflagites,intelligo quid dudum desideres quid efflagites
12196,body,381,1,True,,"« Malo, inquis, fulmina non timere quam nosse; itaque alios doce quemadmodum fiant; ego mihi metum illorum excuti uolo, non naturam indicari. »",malo inquis fulmina non timere quam nosse itaque alios doce quemadmodum fiant ego mihi metum illorum excuti uolo non naturam indicari,malo inquis fulmina non timere quam nosse itaque alios doce quemadmodum fiant ego mihi metum illorum excuti uolo non naturam indicari
12196,body,382,0,False,,Sequar quo uocas.,sequar quo uocas,sequar quo uocas
12196,body,382,1,False,,Omnibus enim rebus omnibusque sermonibus aliquid salutare miscendum est.,omnibus enim rebus omnibusque sermonibus aliquid salutare miscendum est,omnibus enim rebus omnibusque sermonibus aliquid salutare miscendum est
12196,body,382,2,True,,"Cum imus per occulta naturae, cum diuina tractamus, uindicandus est a malis suis animus ac subinde firmandus, quod etiam eruditis et hoc unum agentibus necessarium est, non ut effugiamus ictus rerum, – undique enim in in nos tela iaciuntur, – sed ut fortiter constanterque patiamur.",cum imus per occulta naturae cum diuina tractamus uindicandus est a malis suis animus ac subinde firmandus quod etiam eruditis et hoc unum agentibus necessarium est non ut effugiamus ictus rerum undique enim in in nos tela iaciuntur sed ut fortiter constanterque patiamur,cum imus per occulta naturae cum diuina tractamus uindicandus est a malis suis animus ac subinde firmandus quod etiam eruditis et hoc unum agentibus necessarium est non ut effugiamus ictus rerum undique enim in in nos tela iaciuntur sed ut fortiter constanterque patiamur
12196,body,383,0,False,,"Inuicti esse possumus, inconcussi non possumus.",inuicti esse possumus inconcussi non possumus,inuicti esse possumus inconcussi non possumus
12196,body,383,1,False,,"Quamquam interim spes subit, inconcussos quoque esse nos posse. Quemadmodum? inquis.",quamquam interim spes subit inconcussos quoque esse nos posse quemadmodum inquis,quamquam interim spes subit inconcussos quoque esse nos posse quemadmodum inquis
12196,body,383,2,True,,"Contemne mortem, et omnia quae ad mortem ducunt contempta sunt, siue illa bella sunt, siue naufragia, seu morsus ferarum, seu ruinarum subito lapsu procidentium pondera.",contemne mortem et omnia quae ad mortem ducunt contempta sunt siue illa bella sunt siue naufragia seu morsus ferarum seu ruinarum subito lapsu procidentium pondera,contemne mortem et omnia quae ad mortem ducunt contempta sunt siue illa bella sunt siue naufragia seu morsus ferarum seu ruinarum subito lapsu procidentium pondera
12196,body,384,0,False,,Numquid facere amplius possunt quam ut corpus ab animo resoluant?,numquid facere amplius possunt quam ut corpus ab animo resoluant,numquid facere amplius possunt quam ut corpus ab animo resoluant
12196,body,384,1,False,,"Haec nulla diligentia euitat, nulla felicitas donat, nulla potentia euincit.",haec nulla diligentia euitat nulla felicitas donat nulla potentia euincit,haec nulla diligentia euitat nulla felicitas donat nulla potentia euincit
12196,body,384,2,True,,Alia uaria sorte disponuntur; mors omnes aeque uocat; iratis diis propitiisque moriendum est.,alia uaria sorte disponuntur mors omnes aeque uocat iratis diis propitiisque moriendum est,alia uaria sorte disponuntur mors omnes aeque uocat iratis diis propitiisque moriendum est
12196,body,385,0,False,,Animus ex ipsa desperatione sumatur.,animus ex ipsa desperatione sumatur,animus ex ipsa desperatione sumatur
12196,body,385,1,False,,"Ignauissima animalia, quae natura ad fugam genuit, ubi exitus non patet, temptant pugnam corpore imbelli.",ignauissima animalia quae natura ad fugam genuit ubi exitus non patet temptant pugnam corpore imbelli,ignauissima animalia quae natura ad fugam genuit ubi exitus non patet temptant pugnam corpore imbelli
12196,body,385,2,True,,"Nullus perniciosior hostis est quam quem audacem angustiae faciunt, longeque uiolentius semper ex necessitate quam ex uirtute corrigitur, aut certe paria conantur animus magnus ac perditus.",nullus perniciosior hostis est quam quem audacem angustiae faciunt longeque uiolentius semper ex necessitate quam ex uirtute corrigitur aut certe paria conantur animus magnus ac perditus,nullus perniciosior hostis est quam quem audacem angustiae faciunt longeque uiolentius semper ex necessitate quam ex uirtute corrigitur aut certe paria conantur animus magnus ac perditus
12196,body,386,0,False,,"Cogitemus nos, quantum ad mortem, perditos esse.",cogitemus nos quantum ad mortem perditos esse,cogitemus nos quantum ad mortem perditos esse
12196,body,386,1,False,,Et sumus.,et sumus,et sumus
12196,body,386,2,False,,"Ita est, Lucili; omnes reseruamur ad mortem.",ita est lucili omnes reseruamur ad mortem,ita est lucili omnes reseruamur ad mortem
12196,body,386,3,True,,"Totum hune quem uides populum, totumque quem usquam cogitas esse, cito natura reuocabit et condet, nec de re sed de die quaeritur; eodem citius tardiusue ueniendum est.",totum hune quem uides populum totumque quem usquam cogitas esse cito natura reuocabit et condet nec de re sed de die quaeritur eodem citius tardiusue ueniendum est,totum hune quem uides populum totumque quem usquam cogitas esse cito natura reuocabit et condet nec de re sed de die quaeritur eodem citius tardiusue ueniendum est
12196,body,387,0,False,,Quid ergo?,quid ergo,quid ergo
12196,body,387,1,False,,Non tibi timidissimus omnium uidetur et insipientissimus qui magno ambitu iogat moram mortis?,non tibi timidissimus omnium uidetur et insipientissimus qui magno ambitu iogat moram mortis,non tibi timidissimus omnium uidetur et insipientissimus qui magno ambitu iogat moram mortis
12196,body,387,2,False,,"Nonne contemneres eum qui, inter perituros constitutus, beneficii looo peteret ut ultimus ceruicem praeberet?",nonne contemneres eum qui inter perituros constitutus beneficii looo peteret ut ultimus ceruicem praeberet,nonne contemneres eum qui inter perituros constitutus beneficii looo peteret ut ultimus ceruicem praeberet
12196,body,387,3,True,,Idem facimus; magno aestimamus mori tardius.,idem facimus magno aestimamus mori tardius,idem facimus magno aestimamus mori tardius
12196,body,388,0,False,,"In omnes constitutum est capitale supplicium, et quidem constitutione iustissima, quod maximum solet esse solacium extrema passuris; quorum enim causa, sors eadem est.",in omnes constitutum est capitale supplicium et quidem constitutione iustissima quod maximum solet esse solacium extrema passuris quorum enim causa sors eadem est,in omnes constitutum est capitale supplicium et quidem constitutione iustissima quod maximum solet esse solacium extrema passuris quorum enim causa sors eadem est
12196,body,388,1,True,,Sequeremur traditi a iudice aut magistratu et carnifici nostro praestaremus obsequium; quid interest utrum ad mortem iussi eamus an ultronei?,sequeremur traditi a iudice aut magistratu et carnifici nostro praestaremus obsequium quid interest utrum ad mortem iussi eamus an ultronei,sequeremur traditi a iudice aut magistratu et carnifici nostro praestaremus obsequium quid interest utrum ad mortem iussi eamus an ultronei
12196,body,389,0,False,,"0 te dementem et oblitum fragilitatis tuae, si tunc mortem times cum tonat! Itane?",te dementem et oblitum fragilitatis tuae si tunc mortem times cum tonat itane,te dementem et oblitum fragilitatis tuae si tunc mortem times cum tonat itane
12196,body,389,1,False,,In hoc salus tua uertitur?,in hoc salus tua uertitur,in hoc salus tua uertitur
12196,body,389,2,False,,Viues si fulmen effugeris?,viues si fulmen effugeris,uiues si fulmen effugeris
12196,body,389,3,True,,"Petet te gladius, petet lapis, petet bilis; non maximum ex periculis tuis sed speciosissimum fulmen est.",petet te gladius petet lapis petet bilis non maximum ex periculis tuis sed speciosissimum fulmen est,petet te gladius petet lapis petet bilis non maximum ex periculis tuis sed speciosissimum fulmen est
12196,body,390,0,True,,"Male scilicet actum erit tecum, si sensum mortis tuae celeritas infinita praeueniet, si mors tua procuratur, si ne tunc quidem, cum expiras, superuacuus sed alicuius magnae rei signum es. Male scilicet tecum agitur, si cum fulmine conderis.",male scilicet actum erit tecum si sensum mortis tuae celeritas infinita praeueniet si mors tua procuratur si ne tunc quidem cum expiras superuacuus sed alicuius magnae rei signum es male scilicet tecum agitur si cum fulmine conderis,male scilicet actum erit tecum si sensum mortis tuae celeritas infinita praeueniet si mors tua procuratur si ne tunc quidem cum expiras superuacuus sed alicuius magnae rei signum es male scilicet tecum agitur si cum fulmine conderis
12196,body,391,0,False,,"Sed pauescis ad caeli fragorem et ad inane nubilum trepidas et, quotiens aliquid effulsit, expiras.",sed pauescis ad caeli fragorem et ad inane nubilum trepidas et quotiens aliquid effulsit expiras,sed pauescis ad caeli fragorem et ad inane nubilum trepidas et quotiens aliquid effulsit expiras
12196,body,391,1,False,,Quid ergo?,quid ergo,quid ergo
12196,body,391,2,False,,honestius putas deiectione perire quam fulmine?,honestius putas deiectione perire quam fulmine,honestius putas deiectione perire quam fulmine
12196,body,391,3,True,,"Eo itaque fortior aduersus caeli minas surge et, cum undique mundus exarserit, cogita nihil habere te tanta morte perdendum.",eo itaque fortior aduersus caeli minas surge et cum undique mundus exarserit cogita nihil habere te tanta morte perdendum,eo itaque fortior aduersus caeli minas surge et cum undique mundus exarserit cogita nihil habere te tanta morte perdendum
12196,body,392,0,True,,"Quodsi tibi parari credis illam caeli confusionem, illam tempestatum discordiam, si propter te ingestae illisaeque nubes strepunt, si in tuum exitium tanta uis ignium excutitur, at tu solacii loco numera tanti esse mortem tuam.",quodsi tibi parari credis illam caeli confusionem illam tempestatum discordiam si propter te ingestae illisaeque nubes strepunt si in tuum exitium tanta uis ignium excutitur at tu solacii loco numera tanti esse mortem tuam,quodsi tibi parari credis illam caeli confusionem illam tempestatum discordiam si propter te ingestae illisaeque nubes strepunt si in tuum exitium tanta uis ignium excutitur at tu solacii loco numera tanti esse mortem tuam
12196,body,393,0,False,,Sed non erit huic cogitationi locus; casus iste donat metum.,sed non erit huic cogitationi locus casus iste donat metum,sed non erit huic cogitationi locus casus iste donat metum
12196,body,393,1,False,,Est inter cetera hoc quoque commodum eius quod expectationem suam antecedit.,est inter cetera hoc quoque commodum eius quod expectationem suam antecedit,est inter cetera hoc quoque commodum eius quod expectationem suam antecedit
12196,body,393,2,True,,"Nemo umquam timuit fulmen, nisi qui effugit.",nemo umquam timuit fulmen nisi qui effugit,nemo umquam timuit fulmen nisi qui effugit
12196,head,394,0,True,,"Liber III, De aquis terrestribus",liber iii de aquis terrestribus,liber iii de aquis terrestribus
12196,head,395,0,True,,PRAEFATIO,praefatio,praefatio
12196,body,396,0,True,,"Non praeterit me, Lucili uirorum optime, quam magnarum rerum fundamenta ponam senex, qui mundum circuire constitui et causas secretaque eius eruere atque aliis noscenda producere: quando tam multa consequar, tam sparsa colligam, tam occulta perspiciam?",non praeterit me lucili uirorum optime quam magnarum rerum fundamenta ponam senex qui mundum circuire constitui et causas secretaque eius eruere atque aliis noscenda producere quando tam multa consequar tam sparsa colligam tam occulta perspiciam,non praeterit me lucili uirorum optime quam magnarum rerum fundamenta ponam senex qui mundum circuire constitui et causas secretaque eius eruere atque aliis noscenda producere quando tam multa consequar tam sparsa colligam tam occulta perspiciam
12196,body,397,0,False,,Premit a tergo senectus et obicit annos inter uana studia consumptos.,premit a tergo senectus et obicit annos inter uana studia consumptos,premit a tergo senectus et obicit annos inter uana studia consumptos
12196,body,397,1,True,,"Tanto magis urgeamus et damna aetatis male exemptae labor sarciat; nox ad diem accedat, occupationes recidantur, patrimonii longe a domino iacentis cura soluatur, sibi totus animus uacet et ad contemplationem sui saltem in ipso fine respiciat.",tanto magis urgeamus et damna aetatis male exemptae labor sarciat nox ad diem accedat occupationes recidantur patrimonii longe a domino iacentis cura soluatur sibi totus animus uacet et ad contemplationem sui saltem in ipso fine respiciat,tanto magis urgeamus et damna aetatis male exemptae labor sarciat nox ad diem accedat occupationes recidantur patrimonii longe a domino iacentis cura soluatur sibi totus animus uacet et ad contemplationem sui saltem in ipso fine respiciat
12196,body,398,0,False,,"Faciet ac sibi instabit et cotidie breuitatem temporis metietur; quicquid amissum est, id diligenti usu praesentis uitae recolliget: fidelissimus est ad honesta ex paenitentia transitus.",faciet ac sibi instabit et cotidie breuitatem temporis metietur quicquid amissum est id diligenti usu praesentis uitae recolliget fidelissimus est ad honesta ex paenitentia transitus,faciet ac sibi instabit et cotidie breuitatem temporis metietur quicquid amissum est id diligenti usu praesentis uitae recolliget fidelissimus est ad honesta ex paenitentia transitus
12196,body,398,1,False,,"Libet igitur mihi exclamare illum poetae incliti uersum: ""tollimus ingentes animos et maxima paruo tempore molimur.",libet igitur mihi exclamare illum poetae incliti uersum tollimus ingentes animos et maxima paruo tempore molimur,libet igitur mihi exclamare illum poetae incliti uersum tollimus ingentes animos et maxima paruo tempore molimur
12196,body,398,2,True,,""" Hoc dicerem, si puer iuuenisque molirer (nullum enim non tam magnis rebus tempus angustum est): nunc uero ad rem seriam, grauem, immensam post meridianas horas accessimus.",hoc dicerem si puer iuuenisque molirer nullum enim non tam magnis rebus tempus angustum est nunc uero ad rem seriam grauem immensam post meridianas horas accessimus,hoc dicerem si puer iuuenisque molirer nullum enim non tam magnis rebus tempus angustum est nunc uero ad rem seriam grauem immensam post meridianas horas accessimus
12196,body,399,0,False,,"Faciamus quod in itinere fieri solet: qui tardius exierunt, uelocitate pensant moram.",faciamus quod in itinere fieri solet qui tardius exierunt uelocitate pensant moram,faciamus quod in itinere fieri solet qui tardius exierunt uelocitate pensant moram
12196,body,399,1,False,,"Festinemus et opus nescio an superabile, magnum certe, sine aetatis excusatione tractemus.",festinemus et opus nescio an superabile magnum certe sine aetatis excusatione tractemus,festinemus et opus nescio an superabile magnum certe sine aetatis excusatione tractemus
12196,body,399,2,True,,"Crescit animus, quotiens coepti magnitudinem attendit, et cogitat quantum proposito, non quantum sibi supersit.",crescit animus quotiens coepti magnitudinem attendit et cogitat quantum proposito non quantum sibi supersit,crescit animus quotiens coepti magnitudinem attendit et cogitat quantum proposito non quantum sibi supersit
12196,body,400,0,False,,"Consumpsere se quidam, dum acta regum externorum componunt quaeque passi inuicem ausique sunt populi.",consumpsere se quidam dum acta regum externorum componunt quaeque passi inuicem ausique sunt populi,consumpsere se quidam dum acta regum externorum componunt quaeque passi inuicem ausique sunt populi
12196,body,400,1,False,,Quanto satius est sua mala extinguere quam aliena posteris tradere!,quanto satius est sua mala extinguere quam aliena posteris tradere,quanto satius est sua mala extinguere quam aliena posteris tradere
12196,body,400,2,True,,"Quanto potius deorum opera celebrare quam Philippi aut Alexandri latrocinia ceterorumque, qui exitio gentium clari non minores fuere pestes mortalium quam inundatio, qua planum omne perfusum est, quam conflagratio, qua magna pars animantium exarsit!",quanto potius deorum opera celebrare quam philippi aut alexandri latrocinia ceterorumque qui exitio gentium clari non minores fuere pestes mortalium quam inundatio qua planum omne perfusum est quam conflagratio qua magna pars animantium exarsit,quanto potius deorum opera celebrare quam philippi aut alexandri latrocinia ceterorumque qui exitio gentium clari non minores fuere pestes mortalium quam inundatio qua planum omne perfusum est quam conflagratio qua magna pars animantium exarsit
12196,body,401,0,True,,"Quemadmodum Hannibal Alpes superiecerit scribunt, quemadmodum confirmatum Hispaniae cladibus bellum Italiae inopinatus intulerit fractisque rebus, etiam post Carthaginem pertinax, reges pererrauerit contra Romanos ducem promittens, exercitum petens; quemadmodum non desierit omnibus angulis bellum senex quaerere: adeo sine patria pati poterat, sine hoste non poterat!",quemadmodum hannibal alpes superiecerit scribunt quemadmodum confirmatum hispaniae cladibus bellum italiae inopinatus intulerit fractisque rebus etiam post carthaginem pertinax reges pererrauerit contra romanos ducem promittens exercitum petens quemadmodum non desierit omnibus angulis bellum senex quaerere adeo sine patria pati poterat sine hoste non poterat,quemadmodum hannibal alpes superiecerit scribunt quemadmodum confirmatum hispaniae cladibus bellum italiae inopinatus intulerit fractisque rebus etiam post carthaginem pertinax reges pererrauerit contra romanos ducem promittens exercitum petens quemadmodum non desierit omnibus angulis bellum senex quaerere adeo sine patria pati poterat sine hoste non poterat
12196,body,402,0,False,,"Quanto satius est quid faciendum sit quam quid factum quaerere, ac docere eos, qui sua permisere fortunae, nihil stabile ab illa datum esse, munus eius omne aura fluere mobilius!",quanto satius est quid faciendum sit quam quid factum quaerere ac docere eos qui sua permisere fortunae nihil stabile ab illa datum esse munus eius omne aura fluere mobilius,quanto satius est quid faciendum sit quam quid factum quaerere ac docere eos qui sua permisere fortunae nihil stabile ab illa datum esse munus eius omne aura fluere mobilius
12196,body,402,1,True,,"Nescit enim quiescere, gaudet laetis tristia substituere, utique miscere; itaque secundis nemo confidat, aduersis nemo deficiat: alternae sunt uices rerum.",nescit enim quiescere gaudet laetis tristia substituere utique miscere itaque secundis nemo confidat aduersis nemo deficiat alternae sunt uices rerum,nescit enim quiescere gaudet laetis tristia substituere utique miscere itaque secundis nemo confidat aduersis nemo deficiat alternae sunt uices rerum
12196,body,403,0,False,,Quid exultas?,quid exultas,quid exultas
12196,body,403,1,False,,"Ista, quibus eueheris in summum, nescis ubi te relictura sint: habebunt suum, non tuum finem.",ista quibus eueheris in summum nescis ubi te relictura sint habebunt suum non tuum finem,ista quibus eueheris in summum nescis ubi te relictura sint habebunt suum non tuum finem
12196,body,403,2,False,,Quid iaces?,quid iaces,quid iaces
12196,body,403,3,True,,"Ad imum delatus es: nunc locus est resurgendi; in melius aduersa, in deterius optata flectuntur.",ad imum delatus es nunc locus est resurgendi in melius aduersa in deterius optata flectuntur,ad imum delatus es nunc locus est resurgendi in melius aduersa in deterius optata flectuntur
12196,body,404,0,False,,"Ita concipienda est animo uarietas non priuatarum tantum domuum, quas leuis casus impellit, sed publicarum.",ita concipienda est animo uarietas non priuatarum tantum domuum quas leuis casus impellit sed publicarum,ita concipienda est animo uarietas non priuatarum tantum domuum quas leuis casus impellit sed publicarum
12196,body,404,1,True,,"Regna ex infimo coorta supra imperantes constiterunt, uetera imperia in ipso flore ceciderunt; iniri non potest numerus, quam multa ab aliis fracta sint: nunc cum maxime deus extruit alia, alia summittit, nec molliter ponit sed ex fastigio suo nullas habitura reliquias iactat.",regna ex infimo coorta supra imperantes constiterunt uetera imperia in ipso flore ceciderunt iniri non potest numerus quam multa ab aliis fracta sint nunc cum maxime deus extruit alia alia summittit nec molliter ponit sed ex fastigio suo nullas habitura reliquias iactat,regna ex infimo coorta supra imperantes constiterunt uetera imperia in ipso flore ceciderunt iniri non potest numerus quam multa ab aliis fracta sint nunc cum maxime deus extruit alia alia summittit nec molliter ponit sed ex fastigio suo nullas habitura reliquias iactat
12196,body,405,0,False,,"Magna ista, quia parui sumus, credimus: multis rebus non ex natura sua sed ex humilitate nostra magnitudo est.",magna ista quia parui sumus credimus multis rebus non ex natura sua sed ex humilitate nostra magnitudo est,magna ista quia parui sumus credimus multis rebus non ex natura sua sed ex humilitate nostra magnitudo est
12196,body,405,1,False,,Quid praecipuum in rebus humanis est?,quid praecipuum in rebus humanis est,quid praecipuum in rebus humanis est
12196,body,405,2,True,,"Non classibus maria complesse nec in Rubri maris litore signa fixisse nec, deficiente ad iniurias terra, errasse in oceano ignota quaerentem, sed animo omne uidisse et, qua maior nulla uictoria est, uitia domuisse: innumerabiles sunt qui populos, qui urbes habuerunt in potestate, paucissimi qui se.",non classibus maria complesse nec in rubri maris litore signa fixisse nec deficiente ad iniurias terra errasse in oceano ignota quaerentem sed animo omne uidisse et qua maior nulla uictoria est uitia domuisse innumerabiles sunt qui populos qui urbes habuerunt in potestate paucissimi qui se,non classibus maria complesse nec in rubri maris litore signa fixisse nec deficiente ad iniurias terra errasse in oceano ignota quaerentem sed animo omne uidisse et qua maior nulla uictoria est uitia domuisse innumerabiles sunt qui populos qui urbes habuerunt in potestate paucissimi qui se
12196,body,406,0,False,,Quid est praecipuum?,quid est praecipuum,quid est praecipuum
12196,body,406,1,False,,"Erigere animum supra minas et promissa fortunae; nihil dignum putare, quod speres.",erigere animum supra minas et promissa fortunae nihil dignum putare quod speres,erigere animum supra minas et promissa fortunae nihil dignum putare quod speres
12196,body,406,2,False,,"Quid enim habet, quod concupiscas?",quid enim habet quod concupiscas,quid enim habet quod concupiscas
12196,body,406,3,True,,"qui a diuinorum conuersatione quotiens ad humana recideris, non aliter caligabis quam quorum oculi in densam umbram ex claro sole redierunt.",qui a diuinorum conuersatione quotiens ad humana recideris non aliter caligabis quam quorum oculi in densam umbram ex claro sole redierunt,qui a diuinorum conuersatione quotiens ad humana recideris non aliter caligabis quam quorum oculi in densam umbram ex claro sole redierunt
12196,body,407,0,False,,Quid est praecipuum?,quid est praecipuum,quid est praecipuum
12196,body,407,1,True,,"Posse laeto animo aduersa tolerare; quicquid acciderit, sic ferre, quasi tibi uolueris accidere (debuisses enim uelle, si scisses omnia ex decreto dei fieri: flere, queri et gemere desciscere est).",posse laeto animo aduersa tolerare quicquid acciderit sic ferre quasi tibi uolueris accidere debuisses enim uelle si scisses omnia ex decreto dei fieri flere queri et gemere desciscere est,posse laeto animo aduersa tolerare quicquid acciderit sic ferre quasi tibi uolueris accidere debuisses enim uelle si scisses omnia ex decreto dei fieri flere queri et gemere desciscere est
12196,body,408,0,False,,Quid est praecipuum?,quid est praecipuum,quid est praecipuum
12196,body,408,1,True,,"Animus contra calamitates fortis et contumax, luxuriae non auersus tantum sed infestus, nec auidus periculi nec fugax, qui sciat fortunam non expectare sed facere et aduersus utramque intrepidus inconfususque prodire, nec illius tumultu nec huius fulgore percussus.",animus contra calamitates fortis et contumax luxuriae non auersus tantum sed infestus nec auidus periculi nec fugax qui sciat fortunam non expectare sed facere et aduersus utramque intrepidus inconfususque prodire nec illius tumultu nec huius fulgore percussus,animus contra calamitates fortis et contumax luxuriae non auersus tantum sed infestus nec auidus periculi nec fugax qui sciat fortunam non expectare sed facere et aduersus utramque intrepidus inconfususque prodire nec illius tumultu nec huius fulgore percussus
12196,body,409,0,False,,Quid est praecipuum?,quid est praecipuum,quid est praecipuum
12196,body,409,1,True,,"Non admittere in animo mala consilia, puras ad caelum manus tollere, nullum bonum petere quod, ut ad te transeat, aliquis dare debet aliquis amittere, optare quod sine aduersario optatur: bonam mentem; cetera magno aestimata mortalibus, etiamsi quis domum casus adtulerit, sic intueri quasi exitura qua uenerint.",non admittere in animo mala consilia puras ad caelum manus tollere nullum bonum petere quod ut ad te transeat aliquis dare debet aliquis amittere optare quod sine aduersario optatur bonam mentem cetera magno aestimata mortalibus etiamsi quis domum casus adtulerit sic intueri quasi exitura qua uenerint,non admittere in animo mala consilia puras ad caelum manus tollere nullum bonum petere quod ut ad te transeat aliquis dare debet aliquis amittere optare quod sine aduersario optatur bonam mentem cetera magno aestimata mortalibus etiamsi quis domum casus adtulerit sic intueri quasi exitura qua uenerint
12196,body,410,0,False,,Quid est praecipuum?,quid est praecipuum,quid est praecipuum
12196,body,410,1,True,,"Altos supra fortuita spiritus tollere, hominis meminisse, ut, siue felix eris, scias hoc non futurum diu, siue infelix, scias hoc te non esse, si non putes.",altos supra fortuita spiritus tollere hominis meminisse ut siue felix eris scias hoc non futurum diu siue infelix scias hoc te non esse si non putes,altos supra fortuita spiritus tollere hominis meminisse ut siue felix eris scias hoc non futurum diu siue infelix scias hoc te non esse si non putes
12196,body,411,0,False,,Quid est praecipuum?,quid est praecipuum,quid est praecipuum
12196,body,411,1,False,,In primis labris animam habere: haec res efficit non e iure Quiritium liberum sed e iure naturae.,in primis labris animam habere haec res efficit non e iure quiritium liberum sed e iure naturae,in primis labris animam habere haec res efficit non e iure quiritium liberum sed e iure naturae
12196,body,411,2,True,,"Liber est autem, qui seruitutem suam effugit: haec est assidua et ineluctabilis et per diem ac noctem aequaliter premens, sine interuallo, sine commeatu.",liber est autem qui seruitutem suam effugit haec est assidua et ineluctabilis et per diem ac noctem aequaliter premens sine interuallo sine commeatu,liber est autem qui seruitutem suam effugit haec est assidua et ineluctabilis et per diem ac noctem aequaliter premens sine interuallo sine commeatu
12196,body,412,0,False,,"Sibi seruire grauissima est seruitus: quam discutere facile est, si desieris multa te poscere, si desieris tibi referre mercedem, si ante oculos et naturam tuam posueris et aetatem, licet prima sit, ac tibi ipse dixeris: ""Quid insanio?",sibi seruire grauissima est seruitus quam discutere facile est si desieris multa te poscere si desieris tibi referre mercedem si ante oculos et naturam tuam posueris et aetatem licet prima sit ac tibi ipse dixeris quid insanio,sibi seruire grauissima est seruitus quam discutere facile est si desieris multa te poscere si desieris tibi referre mercedem si ante oculos et naturam tuam posueris et aetatem licet prima sit ac tibi ipse dixeris quid insanio
12196,body,412,1,False,,quid anhelo?,quid anhelo,quid anhelo
12196,body,412,2,False,,quid sudo?,quid sudo,quid sudo
12196,body,412,3,False,,"quid terram, quid forum uerso?",quid terram quid forum uerso,quid terram quid forum uerso
12196,body,412,4,True,,"Nec multo opus est nec diu. """,nec multo opus est nec diu,nec multo opus est nec diu
12196,body,413,0,False,,"Ad hoc proderit nobis inspicere rerum naturam: primo discedemus a sordidis; deinde animam ipsum, quo sano magnoque opus est, seducemus a corpore; deinde in occultis exercitata subtilitas non erit in aperta deterior.",ad hoc proderit nobis inspicere rerum naturam primo discedemus a sordidis deinde animam ipsum quo sano magnoque opus est seducemus a corpore deinde in occultis exercitata subtilitas non erit in aperta deterior,ad hoc proderit nobis inspicere rerum naturam primo discedemus a sordidis deinde animam ipsum quo sano magnoque opus est seducemus a corpore deinde in occultis exercitata subtilitas non erit in aperta deterior
12196,body,413,1,True,,"Nihil est autem apertius his salutaribus, quae contra nequitiam nostram furoremque discuntur, quae damnamus nec ponimus.",nihil est autem apertius his salutaribus quae contra nequitiam nostram furoremque discuntur quae damnamus nec ponimus,nihil est autem apertius his salutaribus quae contra nequitiam nostram furoremque discuntur quae damnamus nec ponimus
12196,head,414,0,True,,CAPUT 1,caput,caput
12196,body,415,0,True,,"Quaeramus ergo de terrestribus aquis et inuestigemus qua ratione fiant (siue, ut ait Ouidius, ""fons erat illimis nitidis argenteus undis"", siue, ut ait Uergilius, ""unde per ora nouem uasto cum murmure montis it mare praeruptum et pelago premit arua sonanti; siue, ut apud te, lunior carissime, inuenio, ""Elius Siculis de fontibus exilit amnis""; si qua ratio aquas subministrat; quomodo tot flumina ingentia per diem noctemque decurrant; quare alia hibernis aquis intumescant, alia in defectu ceterorum amnium crescant.",quaeramus ergo de terrestribus aquis et inuestigemus qua ratione fiant siue ut ait ouidius fons erat illimis nitidis argenteus undis siue ut ait uergilius unde per ora nouem uasto cum murmure montis it mare praeruptum et pelago premit arua sonanti siue ut apud te lunior carissime inuenio elius siculis de fontibus exilit amnis si qua ratio aquas subministrat quomodo tot flumina ingentia per diem noctemque decurrant quare alia hibernis aquis intumescant alia in defectu ceterorum amnium crescant,quaeramus ergo de terrestribus aquis et inuestigemus qua ratione fiant siue ut ait ouidius fons erat illimis nitidis argenteus undis siue ut ait uergilius unde per ora nouem uasto cum murmure montis it mare praeruptum et pelago premit arua sonanti siue ut apud te lunior carissime inuenio elius siculis de fontibus exilit amnis si qua ratio aquas subministrat quomodo tot flumina ingentia per diem noctemque decurrant quare alia hibernis aquis intumescant alia in defectu ceterorum amnium crescant
12196,body,416,0,False,,"Nilum interim seponemus a turba, propriae naturae ac singularis, et illi suum diem dabimus.",nilum interim seponemus a turba propriae naturae ac singularis et illi suum diem dabimus,nilum interim seponemus a turba propriae naturae ac singularis et illi suum diem dabimus
12196,body,416,1,False,,"Nunc uulgares aquas persequamur, tam frigidas quam calentes: in quibus [calentibus] quaerendum erit, utrum calidae nascantur an fiant.",nunc uulgares aquas persequamur tam frigidas quam calentes in quibus calentibus quaerendum erit utrum calidae nascantur an fiant,nunc uulgares aquas persequamur tam frigidas quam calentes in quibus calentibus quaerendum erit utrum calidae nascantur an fiant
12196,body,416,2,True,,"De ceteris quoque disseremus, quas insignes aut sapor aut aliqua reddit utilitas: quaedam enim oculos, quaedam neruos iuuant; quaedam inueterata et desperata a medicis uitia percurant; quaedam medentur ulceribus; quaedam interiora potu fouent et pulmonis ac uiscerum querelas leuant; quaedam supprimunt sanguinem: tam uarius singulis usus quam gustus est.",de ceteris quoque disseremus quas insignes aut sapor aut aliqua reddit utilitas quaedam enim oculos quaedam neruos iuuant quaedam inueterata et desperata a medicis uitia percurant quaedam medentur ulceribus quaedam interiora potu fouent et pulmonis ac uiscerum querelas leuant quaedam supprimunt sanguinem tam uarius singulis usus quam gustus est,de ceteris quoque disseremus quas insignes aut sapor aut aliqua reddit utilitas quaedam enim oculos quaedam neruos iuuant quaedam inueterata et desperata a medicis uitia percurant quaedam medentur ulceribus quaedam interiora potu fouent et pulmonis ac uiscerum querelas leuant quaedam supprimunt sanguinem tam uarius singulis usus quam gustus est
12196,head,417,0,True,,CAPUT 2,caput,caput
12196,body,418,0,False,,Aut stant omnes aquae aut eunt aut colliguntur aut uarias habent uenas.,aut stant omnes aquae aut eunt aut colliguntur aut uarias habent uenas,aut stant omnes aquae aut eunt aut colliguntur aut uarias habent uenas
12196,body,418,1,True,,"Aliae dulces sunt, aliae uarie asperae; quippe interueniunt salsae amaraeque aut medicatae, ex quibus sulphuratas dicimus, ferratas, aluminosas: indicat uim sapor.",aliae dulces sunt aliae uarie asperae quippe interueniunt salsae amaraeque aut medicatae ex quibus sulphuratas dicimus ferratas aluminosas indicat uim sapor,aliae dulces sunt aliae uarie asperae quippe interueniunt salsae amaraeque aut medicatae ex quibus sulphuratas dicimus ferratas aluminosas indicat uim sapor
12196,body,419,0,True,,"Habent praeterea multa discrimina, primum tactus: frigidae calidaeque sunt; deinde ponderis: leues et graues sunt; deinde coloris: purae sunt, turbidae, caeruleae, luridae, deinde salubritatis: sunt enim utiles, sunt mortiferae, sunt quae cogantur in lapidem, quaedam tenues, quaedam pingues; quaedam alunt, quaedam sine ulla bibentis ope transeunt, quaedam haustae fecunditatem afferunt.",habent praeterea multa discrimina primum tactus frigidae calidaeque sunt deinde ponderis leues et graues sunt deinde coloris purae sunt turbidae caeruleae luridae deinde salubritatis sunt enim utiles sunt mortiferae sunt quae cogantur in lapidem quaedam tenues quaedam pingues quaedam alunt quaedam sine ulla bibentis ope transeunt quaedam haustae fecunditatem afferunt,habent praeterea multa discrimina primum tactus frigidae calidaeque sunt deinde ponderis leues et graues sunt deinde coloris purae sunt turbidae caeruleae luridae deinde salubritatis sunt enim utiles sunt mortiferae sunt quae cogantur in lapidem quaedam tenues quaedam pingues quaedam alunt quaedam sine ulla bibentis ope transeunt quaedam haustae fecunditatem afferunt
12196,body,420,0,False,,"Ut stet aqua aut fluat, loci positio eficit: in deuexo fluit, in plano et defosso continetur et stagnat.",ut stet aqua aut fluat loci positio eficit in deuexo fluit in plano et defosso continetur et stagnat,ut stet aqua aut fluat loci positio eficit in deuexo fluit in plano et defosso continetur et stagnat
12196,body,420,1,False,,"Aliquando in aduersum spiritu impellitur: tunc cogitur, non fluit.",aliquando in aduersum spiritu impellitur tunc cogitur non fluit,aliquando in aduersum spiritu impellitur tunc cogitur non fluit
12196,body,420,2,False,,"Colligitur ex imbribus, ex suo fonte natiua est.",colligitur ex imbribus ex suo fonte natiua est,colligitur ex imbribus ex suo fonte natiua est
12196,body,420,3,True,,"Nihil tamen prohibet eodem loco aquam colligi et nasci; quod in Fucino uidemus, in quem montes circumiecti, quicquid fudit pluuia, deriuant, sed et magnae in ipso latentesque uenae sunt: itaque etiam cum hiberni defluxere torrentes, faciem suam seruat.",nihil tamen prohibet eodem loco aquam colligi et nasci quod in fucino uidemus in quem montes circumiecti quicquid fudit pluuia deriuant sed et magnae in ipso latentesque uenae sunt itaque etiam cum hiberni defluxere torrentes faciem suam seruat,nihil tamen prohibet eodem loco aquam colligi et nasci quod in fucino uidemus in quem montes circumiecti quicquid fudit pluuia deriuant sed et magnae in ipso latentesque uenae sunt itaque etiam cum hiberni defluxere torrentes faciem suam seruat
12196,head,421,0,True,,CAPUT 4,caput,caput
12196,body,422,0,False,,"Primum ergo quaeramus quomodo ad continuandos fluminum cursus terra sufficiat, unde tantum aquarum exeat.",primum ergo quaeramus quomodo ad continuandos fluminum cursus terra sufficiat unde tantum aquarum exeat,primum ergo quaeramus quomodo ad continuandos fluminum cursus terra sufficiat unde tantum aquarum exeat
12196,body,422,1,False,,"Miramur, quod accessionem fluminum maria non sentiant; aeque mirandum est, quod detrimentum exeuntium terra non sentit.",miramur quod accessionem fluminum maria non sentiant aeque mirandum est quod detrimentum exeuntium terra non sentit,miramur quod accessionem fluminum maria non sentiant aeque mirandum est quod detrimentum exeuntium terra non sentit
12196,body,422,2,False,,"Quid est, quod illam aut sic impleuerit, ut praebere tantum ex recondito possit, aut subinde sic suppleat?",quid est quod illam aut sic impleuerit ut praebere tantum ex recondito possit aut subinde sic suppleat,quid est quod illam aut sic impleuerit ut praebere tantum ex recondito possit aut subinde sic suppleat
12196,body,422,3,True,,"Quamcumque rationem reddiderimus de flumine, eadem erit riuorum ac fontium.",quamcumque rationem reddiderimus de flumine eadem erit riuorum ac fontium,quamcumque rationem reddiderimus de flumine eadem erit riuorum ac fontium
12196,head,423,0,True,,CAPUT 5,caput,caput
12196,body,424,0,False,,"Quidam iudicant terram quicquid aquarum emisit rursus accipere et ob hoc maria non crescere, quia quod influxit, non in suum uertunt sed protinus reddunt.",quidam iudicant terram quicquid aquarum emisit rursus accipere et ob hoc maria non crescere quia quod influxit non in suum uertunt sed protinus reddunt,quidam iudicant terram quicquid aquarum emisit rursus accipere et ob hoc maria non crescere quia quod influxit non in suum uertunt sed protinus reddunt
12196,body,424,1,True,,"Occulto enim itinere subit terras et palam uenit, secreto reuertitur, colaturque in transitu mare, quod per multiplices terrarum anfractus euerberatum amaritudinem ponit et prauitatem: in tanta soli uarietate saporem exuit et in sinceram aquam transit.",occulto enim itinere subit terras et palam uenit secreto reuertitur colaturque in transitu mare quod per multiplices terrarum anfractus euerberatum amaritudinem ponit et prauitatem in tanta soli uarietate saporem exuit et in sinceram aquam transit,occulto enim itinere subit terras et palam uenit secreto reuertitur colaturque in transitu mare quod per multiplices terrarum anfractus euerberatum amaritudinem ponit et prauitatem in tanta soli uarietate saporem exuit et in sinceram aquam transit
12196,head,425,0,True,,CAPUT 6,caput,caput
12196,body,426,0,True,,"Quidam existimant, quicquid ex imbribus terra concepit, id illam rursus emittere et hoc argumenti loco ponunt, quod paucissima flumina in his sunt locis, quibus rarus est imber.",quidam existimant quicquid ex imbribus terra concepit id illam rursus emittere et hoc argumenti loco ponunt quod paucissima flumina in his sunt locis quibus rarus est imber,quidam existimant quicquid ex imbribus terra concepit id illam rursus emittere et hoc argumenti loco ponunt quod paucissima flumina in his sunt locis quibus rarus est imber
12196,body,427,0,False,,"Ideo siccas aiunt Aethiopiae solitudines esse paucosque inueniri in interiore Africa fontes, quia feruida natura caeli sit et paene semper aestiua; squalidae itaque sine arbore, sine cultore harenae iacent raris imbribus sparsae, quos statim combibunt.",ideo siccas aiunt aethiopiae solitudines esse paucosque inueniri in interiore africa fontes quia feruida natura caeli sit et paene semper aestiua squalidae itaque sine arbore sine cultore harenae iacent raris imbribus sparsae quos statim combibunt,ideo siccas aiunt aethiopiae solitudines esse paucosque inueniri in interiore africa fontes quia feruida natura caeli sit et paene semper aestiua squalidae itaque sine arbore sine cultore harenae iacent raris imbribus sparsae quos statim combibunt
12196,body,427,1,True,,"At contra constat Germaniam Galliamque et proxime ab illis Italiam abundare fluminibus et riuis, quia caelo umido utuntur et ne aestas quidem imbribus caret.",at contra constat germaniam galliamque et proxime ab illis italiam abundare fluminibus et riuis quia caelo umido utuntur et ne aestas quidem imbribus caret,at contra constat germaniam galliamque et proxime ab illis italiam abundare fluminibus et riuis quia caelo umido utuntur et ne aestas quidem imbribus caret
12196,head,428,0,True,,CAPUT 7,caput,caput
12196,body,429,0,False,,Aduersus hoc multa posse dici uides.,aduersus hoc multa posse dici uides,aduersus hoc multa posse dici uides
12196,body,429,1,True,,"Primum ego tibi uinearum diligens fossor affirmo nullam pluuiam esse tam magnam, quae terram ultra decem in altitudinem pedes madefaciat; omnis umor intra primam crustam consumitur nec in inferiora descendit:",primum ego tibi uinearum diligens fossor affirmo nullam pluuiam esse tam magnam quae terram ultra decem in altitudinem pedes madefaciat omnis umor intra primam crustam consumitur nec in inferiora descendit,primum ego tibi uinearum diligens fossor affirmo nullam pluuiam esse tam magnam quae terram ultra decem in altitudinem pedes madefaciat omnis umor intra primam crustam consumitur nec in inferiora descendit
12196,body,430,0,False,,"quomodo ergo imber suggerere potest amnibus uires, qui summam humum tinguit?",quomodo ergo imber suggerere potest amnibus uires qui summam humum tinguit,quomodo ergo imber suggerere potest amnibus uires qui summam humum tinguit
12196,body,430,1,True,,"Pars maior eius per fluminum alueos in mare aufertur; exiguum est quod sorbeat terra, nec id seruat: aut enim arida est et absumit in se quicquid infusum est, aut satiata, si quid supra desiderium cecidit, excludit, et ideo primis imbribus non augentur amnes, quia totos in se terra sitiens trahit.",pars maior eius per fluminum alueos in mare aufertur exiguum est quod sorbeat terra nec id seruat aut enim arida est et absumit in se quicquid infusum est aut satiata si quid supra desiderium cecidit excludit et ideo primis imbribus non augentur amnes quia totos in se terra sitiens trahit,pars maior eius per fluminum alueos in mare aufertur exiguum est quod sorbeat terra nec id seruat aut enim arida est et absumit in se quicquid infusum est aut satiata si quid supra desiderium cecidit excludit et ideo primis imbribus non augentur amnes quia totos in se terra sitiens trahit
12196,body,431,0,False,,"Quid, quod quaedam flumina erumpunt saxis et montibus?",quid quod quaedam flumina erumpunt saxis et montibus,quid quod quaedam flumina erumpunt saxis et montibus
12196,body,431,1,False,,"His quid conferent pluuiae, quae per nudas rupes deferuntur nec habent terram, cui insidant?",his quid conferent pluuiae quae per nudas rupes deferuntur nec habent terram cui insidant,his quid conferent pluuiae quae per nudas rupes deferuntur nec habent terram cui insidant
12196,body,431,2,True,,"Adice quod siccissimis locis putei in altum acti ultra ducentorum aut trecentorum pedum spatium inueniunt aquarum uberes uenas in ea altitudine, in quam aqua non penetrat, ut scias illic non caelestem esse nec collecticium umorem, sed, quod dici solet, uiuam aquam.",adice quod siccissimis locis putei in altum acti ultra ducentorum aut trecentorum pedum spatium inueniunt aquarum uberes uenas in ea altitudine in quam aqua non penetrat ut scias illic non caelestem esse nec collecticium umorem sed quod dici solet uiuam aquam,adice quod siccissimis locis putei in altum acti ultra ducentorum aut trecentorum pedum spatium inueniunt aquarum uberes uenas in ea altitudine in quam aqua non penetrat ut scias illic non caelestem esse nec collecticium umorem sed quod dici solet uiuam aquam
12196,body,432,0,True,,"Illo quoque argumento haec opinio refellitur, quod quidam fontes in summo montis cacumine redundant: apparet illos sursum agi aut ibi concipi, cum omnis pluuialis aqua decurrat.",illo quoque argumento haec opinio refellitur quod quidam fontes in summo montis cacumine redundant apparet illos sursum agi aut ibi concipi cum omnis pluuialis aqua decurrat,illo quoque argumento haec opinio refellitur quod quidam fontes in summo montis cacumine redundant apparet illos sursum agi aut ibi concipi cum omnis pluuialis aqua decurrat
12196,head,433,0,True,,CAPUT 8,caput,caput
12196,body,434,0,False,,"Quidam existimant, quemadmodum in exteriore parte terrarum uastae paludes iacent magnique et nauigabiles lacus, quemadmodum ingenti spatio maria porrecta sunt infusa uallibus, sic interiora terrarum abundare aquis dulcibus nec minus illas late stagnare quam apud nos oceanum et sinus eius, immo eo latius, quo plus terra in altum patet.",quidam existimant quemadmodum in exteriore parte terrarum uastae paludes iacent magnique et nauigabiles lacus quemadmodum ingenti spatio maria porrecta sunt infusa uallibus sic interiora terrarum abundare aquis dulcibus nec minus illas late stagnare quam apud nos oceanum et sinus eius immo eo latius quo plus terra in altum patet,quidam existimant quemadmodum in exteriore parte terrarum uastae paludes iacent magnique et nauigabiles lacus quemadmodum ingenti spatio maria porrecta sunt infusa uallibus sic interiora terrarum abundare aquis dulcibus nec minus illas late stagnare quam apud nos oceanum et sinus eius immo eo latius quo plus terra in altum patet
12196,body,434,1,True,,"Ergo ex illa profunda copia isti amnes egeruntur: quos quid miraris, si terra detractos non sentit, cum adiectos maria non sentiant?",ergo ex illa profunda copia isti amnes egeruntur quos quid miraris si terra detractos non sentit cum adiectos maria non sentiant,ergo ex illa profunda copia isti amnes egeruntur quos quid miraris si terra detractos non sentit cum adiectos maria non sentiant
12196,head,435,0,True,,CAPUT 9,caput,caput
12196,body,436,0,True,,"Quibusdam haec placet causa: aiunt habere terram intra se recessus cauos et multum spiritus, qui necessario frigescit umbra graui pressus, deinde piger et immotus in aquam, cum se desiit ferre, conuertitur: quemadmodum supra nos mutatio aeris imbrem facit, ita infra terras flumen aut riuum;",quibusdam haec placet causa aiunt habere terram intra se recessus cauos et multum spiritus qui necessario frigescit umbra graui pressus deinde piger et immotus in aquam cum se desiit ferre conuertitur quemadmodum supra nos mutatio aeris imbrem facit ita infra terras flumen aut riuum,quibusdam haec placet causa aiunt habere terram intra se recessus cauos et multum spiritus qui necessario frigescit umbra graui pressus deinde piger et immotus in aquam cum se desiit ferre conuertitur quemadmodum supra nos mutatio aeris imbrem facit ita infra terras flumen aut riuum
12196,body,437,0,True,,"supra nos non potest stare segnis diu et grauis (aliquando enim sole tenuatur, aliquando uentis expanditur, itaque interualla magna imbribus sunt), sub terra uero quicquid est, quod illum in aquam conuertat, idem semper est, umbra perpetua, frigus aeternum, inexercitata densitas; semper ergo praebebit fonti aut flumini causas.",supra nos non potest stare segnis diu et grauis aliquando enim sole tenuatur aliquando uentis expanditur itaque interualla magna imbribus sunt sub terra uero quicquid est quod illum in aquam conuertat idem semper est umbra perpetua frigus aeternum inexercitata densitas semper ergo praebebit fonti aut flumini causas,supra nos non potest stare segnis diu et grauis aliquando enim sole tenuatur aliquando uentis expanditur itaque interualla magna imbribus sunt sub terra uero quicquid est quod illum in aquam conuertat idem semper est umbra perpetua frigus aeternum inexercitata densitas semper ergo praebebit fonti aut flumini causas
12196,body,438,0,False,,Placet nobis terram esse mutabilem.,placet nobis terram esse mutabilem,placet nobis terram esse mutabilem
12196,body,438,1,True,,"Haec quoque quicquid efflauit, quia non libero aere concipitur, crassescit protinus et in umorem conuertitur: habes primam aquarum sub terra nascentium causam.",haec quoque quicquid efflauit quia non libero aere concipitur crassescit protinus et in umorem conuertitur habes primam aquarum sub terra nascentium causam,haec quoque quicquid efflauit quia non libero aere concipitur crassescit protinus et in umorem conuertitur habes primam aquarum sub terra nascentium causam
12196,head,439,0,True,,CAPUT 10,caput,caput
12196,body,440,0,False,,"Adicias etiam licet quod fiunt omnia ex omnibus, ex aqua aer, ex aere aqua, ignis ex aere, ex igne aer: quare ergo non ex terra fiat aqua?",adicias etiam licet quod fiunt omnia ex omnibus ex aqua aer ex aere aqua ignis ex aere ex igne aer quare ergo non ex terra fiat aqua,adicias etiam licet quod fiunt omnia ex omnibus ex aqua aer ex aere aqua ignis ex aere ex igne aer quare ergo non ex terra fiat aqua
12196,body,440,1,False,,"quae si in alia mutabilis, est etiam in aquam, immo maxime in hanc: utraque enim cognata res est, utraque grauis, utraque densa, utraque in extremum mundi compulsa.",quae si in alia mutabilis est etiam in aquam immo maxime in hanc utraque enim cognata res est utraque grauis utraque densa utraque in extremum mundi compulsa,quae si in alia mutabilis est etiam in aquam immo maxime in hanc utraque enim cognata res est utraque grauis utraque densa utraque in extremum mundi compulsa
12196,body,440,2,True,,Ex aqua terra fit: cur non aqua fiat e terra?,ex aqua terra fit cur non aqua fiat e terra,ex aqua terra fit cur non aqua fiat e terra
12196,body,441,0,False,,At magna flumina sunt.,at magna flumina sunt,at magna flumina sunt
12196,body,441,1,False,,"Cum uideris quanta sint, rursus ex quanto prodeant adspice.",cum uideris quanta sint rursus ex quanto prodeant adspice,cum uideris quanta sint rursus ex quanto prodeant adspice
12196,body,441,2,False,,"Miraris, cum labantur assidue, quaedam uero concitata rapiantur, quod praesto sit illis aqua semper noua: quid, si mireris, quod, cum uenti totum aera impellant, non deficit spiritus sed per dies noctesque aequaliter fluit, nec (ut flumina) certo alueo fertur sed per uastum caeli spatium lato impetu uadit?",miraris cum labantur assidue quaedam uero concitata rapiantur quod praesto sit illis aqua semper noua quid si mireris quod cum uenti totum aera impellant non deficit spiritus sed per dies noctesque aequaliter fluit nec ut flumina certo alueo fertur sed per uastum caeli spatium lato impetu uadit,miraris cum labantur assidue quaedam uero concitata rapiantur quod praesto sit illis aqua semper noua quid si mireris quod cum uenti totum aera impellant non deficit spiritus sed per dies noctesque aequaliter fluit nec ut flumina certo alueo fertur sed per uastum caeli spatium lato impetu uadit
12196,body,441,3,True,,"Quid, si ullam undam superesse mireris, quae superueniat tot fluctibus fractis?",quid si ullam undam superesse mireris quae superueniat tot fluctibus fractis,quid si ullam undam superesse mireris quae superueniat tot fluctibus fractis
12196,body,442,0,True,,"Nihil deficit quod in se redit: omnium elementorum alterni recursus sunt; quicquid alteri perit, in alterum transit, et natura partes suas uelut in ponderibus constitutas examinat, ne portionum aequitate turbata mundus praeponderet.",nihil deficit quod in se redit omnium elementorum alterni recursus sunt quicquid alteri perit in alterum transit et natura partes suas uelut in ponderibus constitutas examinat ne portionum aequitate turbata mundus praeponderet,nihil deficit quod in se redit omnium elementorum alterni recursus sunt quicquid alteri perit in alterum transit et natura partes suas uelut in ponderibus constitutas examinat ne portionum aequitate turbata mundus praeponderet
12196,body,443,0,False,,"Omnia in omnibus sunt: non tantum aer in ignem transit sed numquam sine igne est (detrahe illi calorem: rigescet, stabit, durabitur); transit aer in umorem sed nihilominus non sine umore est; et aera et aquam facit terra sed non magis umquam sine aqua est quam sine aere.",omnia in omnibus sunt non tantum aer in ignem transit sed numquam sine igne est detrahe illi calorem rigescet stabit durabitur transit aer in umorem sed nihilominus non sine umore est et aera et aquam facit terra sed non magis umquam sine aqua est quam sine aere,omnia in omnibus sunt non tantum aer in ignem transit sed numquam sine igne est detrahe illi calorem rigescet stabit durabitur transit aer in umorem sed nihilominus non sine umore est et aera et aquam facit terra sed non magis umquam sine aqua est quam sine aere
12196,body,443,1,True,,"Et ideo facilior est inuicem transitus, quia illis, in quae transeundum est, iam mixta sunt.",et ideo facilior est inuicem transitus quia illis in quae transeundum est iam mixta sunt,et ideo facilior est inuicem transitus quia illis in quae transeundum est iam mixta sunt
12196,body,444,0,True,,"Habet ergo terra umorem, hunc exprimit; habet aera, hunc umbra hiberni frigoris densat, ut faciat umorem; ipsa quoque mutabilis est in umorem: natura sua utitur.",habet ergo terra umorem hunc exprimit habet aera hunc umbra hiberni frigoris densat ut faciat umorem ipsa quoque mutabilis est in umorem natura sua utitur,habet ergo terra umorem hunc exprimit habet aera hunc umbra hiberni frigoris densat ut faciat umorem ipsa quoque mutabilis est in umorem natura sua utitur
12196,head,445,0,True,,CAPUT 11,caput,caput
12196,body,446,0,False,,Quid ergo?,quid ergo,quid ergo
12196,body,446,1,False,,", inquit, si perpetuae sunt causae, quibus flumina oriuntur ac fontes, quare aliquando siccantur, aliquando quibus non fuerunt locis exeunt?",inquit si perpetuae sunt causae quibus flumina oriuntur ac fontes quare aliquando siccantur aliquando quibus non fuerunt locis exeunt,inquit si perpetuae sunt causae quibus flumina oriuntur ac fontes quare aliquando siccantur aliquando quibus non fuerunt locis exeunt
12196,body,446,2,True,,"Saepe motu terrarum itinera turbantur et ruina interscindit cursum aquis, quae retentae nouos exitus quaerunt et aliquo impetum faciunt aut ipsius quassatione terrae aliunde alio transferuntur.",saepe motu terrarum itinera turbantur et ruina interscindit cursum aquis quae retentae nouos exitus quaerunt et aliquo impetum faciunt aut ipsius quassatione terrae aliunde alio transferuntur,saepe motu terrarum itinera turbantur et ruina interscindit cursum aquis quae retentae nouos exitus quaerunt et aliquo impetum faciunt aut ipsius quassatione terrae aliunde alio transferuntur
12196,body,447,0,False,,"Apud nos solet euenire, ut amisso canali suo flumina primum refundantur, deinde quia perdiderunt uiam faciant.",apud nos solet euenire ut amisso canali suo flumina primum refundantur deinde quia perdiderunt uiam faciant,apud nos solet euenire ut amisso canali suo flumina primum refundantur deinde quia perdiderunt uiam faciant
12196,body,447,1,True,,"Hoc ait accidisse Theophrastus in Coryco monte, in quo post terrarum tremorem noua uis fontium emersit.",hoc ait accidisse theophrastus in coryco monte in quo post terrarum tremorem noua uis fontium emersit,hoc ait accidisse theophrastus in coryco monte in quo post terrarum tremorem noua uis fontium emersit
12196,body,448,0,True,,"Sicut alias quoque causas interuenire opinatur, quae aliter euocent aquas aut cursu suo deiciant et auertant; fuit aliquando aquarum inops Haemus, sed cum Gallorum gens a Cassandro obsessa in illum se contulisset et suas cecidisset, ingens aquarum copia apparuit, quas uidelicet in alimentum suum nemora ducebant; quibus euersis umor, qui desiit in arbusta consumi, superfusus est.",sicut alias quoque causas interuenire opinatur quae aliter euocent aquas aut cursu suo deiciant et auertant fuit aliquando aquarum inops haemus sed cum gallorum gens a cassandro obsessa in illum se contulisset et suas cecidisset ingens aquarum copia apparuit quas uidelicet in alimentum suum nemora ducebant quibus euersis umor qui desiit in arbusta consumi superfusus est,sicut alias quoque causas interuenire opinatur quae aliter euocent aquas aut cursu suo deiciant et auertant fuit aliquando aquarum inops haemus sed cum gallorum gens a cassandro obsessa in illum se contulisset et suas cecidisset ingens aquarum copia apparuit quas uidelicet in alimentum suum nemora ducebant quibus euersis umor qui desiit in arbusta consumi superfusus est
12196,body,449,0,False,,Idem ait et circa Magnesiam accidisse.,idem ait et circa magnesiam accidisse,idem ait et circa magnesiam accidisse
12196,body,449,1,False,,"Sed pace Theophrasti dixisse liceat: non est hoc simile ueri, quia fere aquosissima sunt quaecumque umbrosissima; quod non eueniret, si aquas arbusta siccarent, quibus alimentum ex proximo est (fluminum uero uis ex intimo manat ultraque concipitur quam radicibus euagari licet).",sed pace theophrasti dixisse liceat non est hoc simile ueri quia fere aquosissima sunt quaecumque umbrosissima quod non eueniret si aquas arbusta siccarent quibus alimentum ex proximo est fluminum uero uis ex intimo manat ultraque concipitur quam radicibus euagari licet,sed pace theophrasti dixisse liceat non est hoc simile ueri quia fere aquosissima sunt quaecumque umbrosissima quod non eueniret si aquas arbusta siccarent quibus alimentum ex proximo est fluminum uero uis ex intimo manat ultraque concipitur quam radicibus euagari licet
12196,body,449,2,True,,"Deinde succisae arbores plus umoris desiderant: non enim tantum id, quo uiuant, sed quo crescant trahunt.",deinde succisae arbores plus umoris desiderant non enim tantum id quo uiuant sed quo crescant trahunt,deinde succisae arbores plus umoris desiderant non enim tantum id quo uiuant sed quo crescant trahunt
12196,body,450,0,False,,"Idem ait circa Arcadiam, quae urbs in Creta insula fuit, fontes et riuos substitisse, quia desierit coli terra diruta urbe, postea uero quam cultores receperit, aquas quoque recepisse.",idem ait circa arcadiam quae urbs in creta insula fuit fontes et riuos substitisse quia desierit coli terra diruta urbe postea uero quam cultores receperit aquas quoque recepisse,idem ait circa arcadiam quae urbs in creta insula fuit fontes et riuos substitisse quia desierit coli terra diruta urbe postea uero quam cultores receperit aquas quoque recepisse
12196,body,450,1,False,,"Causam siccitatis hanc ponit, quod obduruerit constricta tellus nec potuerit imbres inagitata transmittere.",causam siccitatis hanc ponit quod obduruerit constricta tellus nec potuerit imbres inagitata transmittere,causam siccitatis hanc ponit quod obduruerit constricta tellus nec potuerit imbres inagitata transmittere
12196,body,450,2,True,,Quomodo ergo plurimos uidemus in locis desertissimis fontes?,quomodo ergo plurimos uidemus in locis desertissimis fontes,quomodo ergo plurimos uidemus in locis desertissimis fontes
12196,body,451,0,False,,"Plura denique inuenimus, quae propter aquas coli coeperunt quam quae aquas habere coeperint, quia colebantur.",plura denique inuenimus quae propter aquas coli coeperunt quam quae aquas habere coeperint quia colebantur,plura denique inuenimus quae propter aquas coli coeperunt quam quae aquas habere coeperint quia colebantur
12196,body,451,1,False,,"Non esse enim pluuialem hanc, quae uastissima flumina a fonte statim magnis apta nauigiis defert, ex hoc intellegas licet, quod per hiemem aestatemque par est a capite deiectus.",non esse enim pluuialem hanc quae uastissima flumina a fonte statim magnis apta nauigiis defert ex hoc intellegas licet quod per hiemem aestatemque par est a capite deiectus,non esse enim pluuialem hanc quae uastissima flumina a fonte statim magnis apta nauigiis defert ex hoc intellegas licet quod per hiemem aestatemque par est a capite deiectus
12196,body,451,2,True,,"Pluuia potest facere torrentem, non potest amnem aequali inter ripas suas tenore labentem, quem non faciunt imbres sed incitant.",pluuia potest facere torrentem non potest amnem aequali inter ripas suas tenore labentem quem non faciunt imbres sed incitant,pluuia potest facere torrentem non potest amnem aequali inter ripas suas tenore labentem quem non faciunt imbres sed incitant
12196,head,452,0,True,,CAPUT 12,caput,caput
12196,body,453,0,False,,"Paulo repetamus hoc altius, si uidetur, et scies te non habere quod quaeras, cum ad ueram amnium originem accesseris.",paulo repetamus hoc altius si uidetur et scies te non habere quod quaeras cum ad ueram amnium originem accesseris,paulo repetamus hoc altius si uidetur et scies te non habere quod quaeras cum ad ueram amnium originem accesseris
12196,body,453,1,False,,Flumen nempe facit copia cursusque aquae perennis.,flumen nempe facit copia cursusque aquae perennis,flumen nempe facit copia cursusque aquae perennis
12196,body,453,2,True,,Ergo quaeris a me quomodo aqua fiat: interrogabo inuicem quomodo aer fiat aut terra.,ergo quaeris a me quomodo aqua fiat interrogabo inuicem quomodo aer fiat aut terra,ergo quaeris a me quomodo aqua fiat interrogabo inuicem quomodo aer fiat aut terra
12196,body,454,0,False,,"Sed si in rerum natura elementa sunt quattuor, non potes interrogare unde aqua sit: quarta enim pars naturae est.",sed si in rerum natura elementa sunt quattuor non potes interrogare unde aqua sit quarta enim pars naturae est,sed si in rerum natura elementa sunt quattuor non potes interrogare unde aqua sit quarta enim pars naturae est
12196,body,454,1,True,,"Quid ergo miraris, si rerum naturae tam magna portio potest aliquid ex se semper effundere?",quid ergo miraris si rerum naturae tam magna portio potest aliquid ex se semper effundere,quid ergo miraris si rerum naturae tam magna portio potest aliquid ex se semper effundere
12196,body,455,0,False,,"Quomodo aer, et ipse quarta pars mundi, uentos et auras mouet, sic aqua riuos et flumina: si uentus est fluens aer, et flumen est fluens aqua.",quomodo aer et ipse quarta pars mundi uentos et auras mouet sic aqua riuos et flumina si uentus est fluens aer et flumen est fluens aqua,quomodo aer et ipse quarta pars mundi uentos et auras mouet sic aqua riuos et flumina si uentus est fluens aer et flumen est fluens aqua
12196,body,455,1,True,,"Satis et multum illi uirium dedi, cum dixi: ""elementum est"": intellegis quod ab illo proficiscitur non posse deficere.",satis et multum illi uirium dedi cum dixi elementum est intellegis quod ab illo proficiscitur non posse deficere,satis et multum illi uirium dedi cum dixi elementum est intellegis quod ab illo proficiscitur non posse deficere
12196,head,456,0,True,,CAPUT 13,caput,caput
12196,body,457,0,False,,"Adiciam, ut Thales ait, ""ualentissimum elementum est.",adiciam ut thales ait ualentissimum elementum est,adiciam ut thales ait ualentissimum elementum est
12196,body,457,1,False,,""" Hoc fuisse primum putat, ex hoc surrexisse omnia.",hoc fuisse primum putat ex hoc surrexisse omnia,hoc fuisse primum putat ex hoc surrexisse omnia
12196,body,457,2,True,,"Sed nos quoque aut in eadem sententia aut in uicinia eius sumus: dicimus enim ignem esse qui occupet mundum et in se cuncta conuertat, hunc euanidum languentemque considere et nihil relinqui aliud in rerum natura igne restincto quam umorem, in hoc futuri mundi spem latere:",sed nos quoque aut in eadem sententia aut in uicinia eius sumus dicimus enim ignem esse qui occupet mundum et in se cuncta conuertat hunc euanidum languentemque considere et nihil relinqui aliud in rerum natura igne restincto quam umorem in hoc futuri mundi spem latere,sed nos quoque aut in eadem sententia aut in uicinia eius sumus dicimus enim ignem esse qui occupet mundum et in se cuncta conuertat hunc euanidum languentemque considere et nihil relinqui aliud in rerum natura igne restincto quam umorem in hoc futuri mundi spem latere
12196,body,458,0,False,,"ita ignis exitus mundi est, umor primordium.",ita ignis exitus mundi est umor primordium,ita ignis exitus mundi est umor primordium
12196,body,458,1,False,,"Miraris ex hoc posse amnes semper exire, qui pro omnibus fuit et ex quo sunt omnia?",miraris ex hoc posse amnes semper exire qui pro omnibus fuit et ex quo sunt omnia,miraris ex hoc posse amnes semper exire qui pro omnibus fuit et ex quo sunt omnia
12196,body,458,2,True,,"Hic umor in diductione rerum ad quartas redactus est, sic positus, ut sufficere fluminibus edendis, ut riuis, ut fontibus posset.",hic umor in diductione rerum ad quartas redactus est sic positus ut sufficere fluminibus edendis ut riuis ut fontibus posset,hic umor in diductione rerum ad quartas redactus est sic positus ut sufficere fluminibus edendis ut riuis ut fontibus posset
12196,head,459,0,True,,CAPUT 14,caput,caput
12196,body,460,0,False,,Quae sequitur Thaletis inepta sententia est.,quae sequitur thaletis inepta sententia est,quae sequitur thaletis inepta sententia est
12196,body,460,1,True,,"Ait enim terrarum orbem aqua sustineri et uehi more nauigii mobilitateque eius fluctuare tunc, cum dicitur tremere: non est ergo mirum, si abundat umor ad flumina profundenda, cum mundus in umore sit totus.",ait enim terrarum orbem aqua sustineri et uehi more nauigii mobilitateque eius fluctuare tunc cum dicitur tremere non est ergo mirum si abundat umor ad flumina profundenda cum mundus in umore sit totus,ait enim terrarum orbem aqua sustineri et uehi more nauigii mobilitateque eius fluctuare tunc cum dicitur tremere non est ergo mirum si abundat umor ad flumina profundenda cum mundus in umore sit totus
12196,body,461,0,False,,Hanc ueterem et rudem sententiam explode: nec est quod credas in hunc orbem aquam subire per rimas et facere sentinam.,hanc ueterem et rudem sententiam explode nec est quod credas in hunc orbem aquam subire per rimas et facere sentinam,hanc ueterem et rudem sententiam explode nec est quod credas in hunc orbem aquam subire per rimas et facere sentinam
12196,body,461,1,True,,"Aegyptii quattuor elementa fecerunt, deinde ex singulis bina paria: aera marem iudicant qua uentus est, feminam qua nebulosus et iners; aquam uirilem uocant mare, muliebrem omnem aliam; ignem uocant masculum, qua ardet flamma, et feminam, qua lucet innoxius tactu; terram fortiorem marem uocant, saxa cautesque, feminae nomen assignant huic tractabili et cultae.",aegyptii quattuor elementa fecerunt deinde ex singulis bina paria aera marem iudicant qua uentus est feminam qua nebulosus et iners aquam uirilem uocant mare muliebrem omnem aliam ignem uocant masculum qua ardet flamma et feminam qua lucet innoxius tactu terram fortiorem marem uocant saxa cautesque feminae nomen assignant huic tractabili et cultae,aegyptii quattuor elementa fecerunt deinde ex singulis bina paria aera marem iudicant qua uentus est feminam qua nebulosus et iners aquam uirilem uocant mare muliebrem omnem aliam ignem uocant masculum qua ardet flamma et feminam qua lucet innoxius tactu terram fortiorem marem uocant saxa cautesque feminae nomen assignant huic tractabili et cultae
12196,body,462,0,False,,"Mare unum est, ab initio scilicet ita constitutum; habet suas uenas, quibus impletur atque aestuat.",mare unum est ab initio scilicet ita constitutum habet suas uenas quibus impletur atque aestuat,mare unum est ab initio scilicet ita constitutum habet suas uenas quibus impletur atque aestuat
12196,body,462,1,False,,"Quomodo maris sic et huius aquae mitioris uasta in occulto uis est, quam nullius fluminis cursus exhauriet.",quomodo maris sic et huius aquae mitioris uasta in occulto uis est quam nullius fluminis cursus exhauriet,quomodo maris sic et huius aquae mitioris uasta in occulto uis est quam nullius fluminis cursus exhauriet
12196,body,462,2,True,,"Abdita est uirium ratio: tantum ex illa, quantum semper fluere ‹pos›sit, emittitur.",abdita est uirium ratio tantum ex illa quantum semper fluere possit emittitur,abdita est uirium ratio tantum ex illa quantum semper fluere possit emittitur
12196,head,463,0,True,,CAPUT 15,caput,caput
12196,body,464,0,False,,"Quaedam ex istis sunt, quibus assentire possumus.",quaedam ex istis sunt quibus assentire possumus,quaedam ex istis sunt quibus assentire possumus
12196,body,464,1,False,,"Sed hoc amplius censeo: placet natura regi terram et quidem ad nostrorum corporum exemplar, in quibus et uenae sunt et arteriae, illae sanguinis, hae spiritus receptacula.",sed hoc amplius censeo placet natura regi terram et quidem ad nostrorum corporum exemplar in quibus et uenae sunt et arteriae illae sanguinis hae spiritus receptacula,sed hoc amplius censeo placet natura regi terram et quidem ad nostrorum corporum exemplar in quibus et uenae sunt et arteriae illae sanguinis hae spiritus receptacula
12196,body,464,2,True,,"In terra quoque sunt alia itinera per quae aqua, alia per quae spiritus currit; adeoque ad similitudinem illa humanorum corporum natura formauit, ut maiores quoque nostri aquarum appellauerint uenas.",in terra quoque sunt alia itinera per quae aqua alia per quae spiritus currit adeoque ad similitudinem illa humanorum corporum natura formauit ut maiores quoque nostri aquarum appellauerint uenas,in terra quoque sunt alia itinera per quae aqua alia per quae spiritus currit adeoque ad similitudinem illa humanorum corporum natura formauit ut maiores quoque nostri aquarum appellauerint uenas
12196,body,465,0,True,,"Sed quemadmodum in nobis non tantum sanguis est sed multa genera umoris, alia necessarii, alia corrupti ac paulo pinguioris (in capite cerebrum, in ossibus medullae, muci saliuaeque et lacrimae et quiddam additum articulis, per quod citius flectantur ex lubrico), sic in terra quoque sunt umoris genera complura, quaedam quae mature durantur,",sed quemadmodum in nobis non tantum sanguis est sed multa genera umoris alia necessarii alia corrupti ac paulo pinguioris in capite cerebrum in ossibus medullae muci saliuaeque et lacrimae et quiddam additum articulis per quod citius flectantur ex lubrico sic in terra quoque sunt umoris genera complura quaedam quae mature durantur,sed quemadmodum in nobis non tantum sanguis est sed multa genera umoris alia necessarii alia corrupti ac paulo pinguioris in capite cerebrum in ossibus medullae muci saliuaeque et lacrimae et quiddam additum articulis per quod citius flectantur ex lubrico sic in terra quoque sunt umoris genera complura quaedam quae mature durantur
12196,body,466,0,False,,"(hinc est omnis metallorum fructus, ex quibus petit aurum argentumque auaritia), et quae in lapidem ex liquore uertuntur; in quaedam uero terra umorque putrescunt, sicut bitumen et cetera huic similia.",hinc est omnis metallorum fructus ex quibus petit aurum argentumque auaritia et quae in lapidem ex liquore uertuntur in quaedam uero terra umorque putrescunt sicut bitumen et cetera huic similia,hinc est omnis metallorum fructus ex quibus petit aurum argentumque auaritia et quae in lapidem ex liquore uertuntur in quaedam uero terra umorque putrescunt sicut bitumen et cetera huic similia
12196,body,466,1,True,,Haec est causa aquarum secundum legem naturae uoluntatemque nascentium.,haec est causa aquarum secundum legem naturae uoluntatemque nascentium,haec est causa aquarum secundum legem naturae uoluntatemque nascentium
12196,body,467,0,True,,"Ceterum, ut in nostris corporibus, ita in illa saepe umores uitia concipiunt: aut ictus aut quassatio aliqua aut loci senium aut frigus aut aestus corrupere naturam; et sulphuratio contraxit umorem, qui modo diuturnus est, modo breuis.",ceterum ut in nostris corporibus ita in illa saepe umores uitia concipiunt aut ictus aut quassatio aliqua aut loci senium aut frigus aut aestus corrupere naturam et sulphuratio contraxit umorem qui modo diuturnus est modo breuis,ceterum ut in nostris corporibus ita in illa saepe umores uitia concipiunt aut ictus aut quassatio aliqua aut loci senium aut frigus aut aestus corrupere naturam et sulphuratio contraxit umorem qui modo diuturnus est modo breuis
12196,body,468,0,True,,"Ergo ut in corporibus nostris sanguis, cum percussa uena est, tam diu manat donec omnis effluxit aut donec uenae scissura subsedit atque iter elusit, uel aliqua alia causa retro dedit sanguinem, ita in terra solutis ac patefactis uenis riuus aut flumen effunditur.",ergo ut in corporibus nostris sanguis cum percussa uena est tam diu manat donec omnis effluxit aut donec uenae scissura subsedit atque iter elusit uel aliqua alia causa retro dedit sanguinem ita in terra solutis ac patefactis uenis riuus aut flumen effunditur,ergo ut in corporibus nostris sanguis cum percussa uena est tam diu manat donec omnis effluxit aut donec uenae scissura subsedit atque iter elusit uel aliqua alia causa retro dedit sanguinem ita in terra solutis ac patefactis uenis riuus aut flumen effunditur
12196,body,469,0,True,,"Interest quanta aperta sit uena: quae modo consumpta aqua deficit, modo excaecatur aliquo impedimenta, modo coit uelut in cicatricem comprimitque quam perfecerat uiam; modo illa uis terrae, quam esse mutabilem diximus, desinit posse alimenta in umorem conuertere.",interest quanta aperta sit uena quae modo consumpta aqua deficit modo excaecatur aliquo impedimenta modo coit uelut in cicatricem comprimitque quam perfecerat uiam modo illa uis terrae quam esse mutabilem diximus desinit posse alimenta in umorem conuertere,interest quanta aperta sit uena quae modo consumpta aqua deficit modo excaecatur aliquo impedimenta modo coit uelut in cicatricem comprimitque quam perfecerat uiam modo illa uis terrae quam esse mutabilem diximus desinit posse alimenta in umorem conuertere
12196,body,470,0,True,,"Aliquando autem exhausta replentur modo per se uiribus recollectis, modo aliunde translatis: saepe enim inania apposita plenis umorem in se auocauerunt; saepe terra, si facilis est in tabem, ipsa soluitur et umescit; ‹saepe› idem euenit sub terra quod in nubibus, ut spissetur ‹aer› grauiorque, quam ut manere in natura sua possit, gignat umorem; saepe colligitur roris modo tenuis et dispersus liquor, qui ex multis in unum locis confluit (sudorem aquileges uocant, quia guttae quaedam uel pressura loci eliduntur uel aestu euocantur).",aliquando autem exhausta replentur modo per se uiribus recollectis modo aliunde translatis saepe enim inania apposita plenis umorem in se auocauerunt saepe terra si facilis est in tabem ipsa soluitur et umescit saepe idem euenit sub terra quod in nubibus ut spissetur aer grauiorque quam ut manere in natura sua possit gignat umorem saepe colligitur roris modo tenuis et dispersus liquor qui ex multis in unum locis confluit sudorem aquileges uocant quia guttae quaedam uel pressura loci eliduntur uel aestu euocantur,aliquando autem exhausta replentur modo per se uiribus recollectis modo aliunde translatis saepe enim inania apposita plenis umorem in se auocauerunt saepe terra si facilis est in tabem ipsa soluitur et umescit saepe idem euenit sub terra quod in nubibus ut spissetur aer grauiorque quam ut manere in natura sua possit gignat umorem saepe colligitur roris modo tenuis et dispersus liquor qui ex multis in unum locis confluit sudorem aquileges uocant quia guttae quaedam uel pressura loci eliduntur uel aestu euocantur
12196,body,471,0,True,,"Haec tenuis unda uix fonti sufficit: et ex magnis caueis magnisque conceptibus excidunt amnes, nonnumquam leuiter emissi, si aqua pondere suo se tantum detulit, nonnumquam uehementer et cum sono, si illam spiritus intermixtus eiecit.",haec tenuis unda uix fonti sufficit et ex magnis caueis magnisque conceptibus excidunt amnes nonnumquam leuiter emissi si aqua pondere suo se tantum detulit nonnumquam uehementer et cum sono si illam spiritus intermixtus eiecit,haec tenuis unda uix fonti sufficit et ex magnis caueis magnisque conceptibus excidunt amnes nonnumquam leuiter emissi si aqua pondere suo se tantum detulit nonnumquam uehementer et cum sono si illam spiritus intermixtus eiecit
12196,head,472,0,True,,CAPUT 16,caput,caput
12196,body,473,0,False,,Sed quare quidam fontes senis horis pleni senisque sicci sunt?,sed quare quidam fontes senis horis pleni senisque sicci sunt,sed quare quidam fontes senis horis pleni senisque sicci sunt
12196,body,473,1,True,,"Superuacuum est nominare singula flumina, quae certis mensibus magna certis angusta sunt, et occasionem singulis quaerere, cum possim eandem causam omnibus reddere.",superuacuum est nominare singula flumina quae certis mensibus magna certis angusta sunt et occasionem singulis quaerere cum possim eandem causam omnibus reddere,superuacuum est nominare singula flumina quae certis mensibus magna certis angusta sunt et occasionem singulis quaerere cum possim eandem causam omnibus reddere
12196,body,474,0,False,,"Quemadmodum quartana ad horam uenit, quemadmodum ad tempus podagra respondet, quemadmodum purgatio, si nihil obstitit, statum diem seruat, quemadmodum praesto est ad mensem suum partus, sic aquae interualla habent, quibus se retrahant et quibus redeant.",quemadmodum quartana ad horam uenit quemadmodum ad tempus podagra respondet quemadmodum purgatio si nihil obstitit statum diem seruat quemadmodum praesto est ad mensem suum partus sic aquae interualla habent quibus se retrahant et quibus redeant,quemadmodum quartana ad horam uenit quemadmodum ad tempus podagra respondet quemadmodum purgatio si nihil obstitit statum diem seruat quemadmodum praesto est ad mensem suum partus sic aquae interualla habent quibus se retrahant et quibus redeant
12196,body,474,1,True,,"Quaedam autem interualla minora sunt et ideo notabilia, quaedam maiora nec minus certa.",quaedam autem interualla minora sunt et ideo notabilia quaedam maiora nec minus certa,quaedam autem interualla minora sunt et ideo notabilia quaedam maiora nec minus certa
12196,body,475,0,False,,"Ecquid hic mirum est, cum uideas ordinem rerum et naturam per constituta procedere?",ecquid hic mirum est cum uideas ordinem rerum et naturam per constituta procedere,ecquid hic mirum est cum uideas ordinem rerum et naturam per constituta procedere
12196,body,475,1,True,,"Hiems numquam aberrauit, aestas suo tempore incaluit, autumni uerisque, unde solet, facta mutatio est; tam solstitium quam aequinoctium suos dies rettulit.",hiems numquam aberrauit aestas suo tempore incaluit autumni uerisque unde solet facta mutatio est tam solstitium quam aequinoctium suos dies rettulit,hiems numquam aberrauit aestas suo tempore incaluit autumni uerisque unde solet facta mutatio est tam solstitium quam aequinoctium suos dies rettulit
12196,body,476,0,False,,Sunt et sub terra minus nota nobis iura naturae sed non minus certa: crede infra quicquid uides supra.,sunt et sub terra minus nota nobis iura naturae sed non minus certa crede infra quicquid uides supra,sunt et sub terra minus nota nobis iura naturae sed non minus certa crede infra quicquid uides supra
12196,body,476,1,True,,"Sunt et illic specus uasti ingentesque recessus ac spatia suspensis hinc et inde montibus laxa; sunt abrupti in infinitum hiatus, qui saepe illapsas urbes receperunt et ingentem ruinam in alto condiderunt",sunt et illic specus uasti ingentesque recessus ac spatia suspensis hinc et inde montibus laxa sunt abrupti in infinitum hiatus qui saepe illapsas urbes receperunt et ingentem ruinam in alto condiderunt,sunt et illic specus uasti ingentesque recessus ac spatia suspensis hinc et inde montibus laxa sunt abrupti in infinitum hiatus qui saepe illapsas urbes receperunt et ingentem ruinam in alto condiderunt
12196,body,477,0,False,,"(haec spiritu plena sunt, nihil enim usquam inane est); et stagna obsessa tenebris et lacus ampli.",haec spiritu plena sunt nihil enim usquam inane est et stagna obsessa tenebris et lacus ampli,haec spiritu plena sunt nihil enim usquam inane est et stagna obsessa tenebris et lacus ampli
12196,body,477,1,True,,"Animalia quoque illis innascuntur, sed tarda et informia ut in aere caeco pinguique concepta et aquis torpentibus situ; pleraque ex his caeca ut talpae et subterranei mures, quibus deest lumen, quia superuacuum est; inde, ut Theophrastus affirmat, pisces quibusdam locis eruuntur.",animalia quoque illis innascuntur sed tarda et informia ut in aere caeco pinguique concepta et aquis torpentibus situ pleraque ex his caeca ut talpae et subterranei mures quibus deest lumen quia superuacuum est inde ut theophrastus affirmat pisces quibusdam locis eruuntur,animalia quoque illis innascuntur sed tarda et informia ut in aere caeco pinguique concepta et aquis torpentibus situ pleraque ex his caeca ut talpae et subterranei mures quibus deest lumen quia superuacuum est inde ut theophrastus affirmat pisces quibusdam locis eruuntur
12196,head,478,0,True,,CAPUT 17,caput,caput
12196,body,479,0,False,,"Multa hoc loco tibi in mentem ueniunt quibus urbane in re incredibili fabulae dicas, ""non cum retibus aliquem nec cum hamis sed cum dolabra ire piscatum!",multa hoc loco tibi in mentem ueniunt quibus urbane in re incredibili fabulae dicas non cum retibus aliquem nec cum hamis sed cum dolabra ire piscatum,multa hoc loco tibi in mentem ueniunt quibus urbane in re incredibili fabulae dicas non cum retibus aliquem nec cum hamis sed cum dolabra ire piscatum
12196,body,479,1,False,,Expecto ut aliquis in mari uenetur.,expecto ut aliquis in mari uenetur,expecto ut aliquis in mari uenetur
12196,body,479,2,False,,""" Quid est autem quare non pisces in terram transeant, si nos maria transimus?",quid est autem quare non pisces in terram transeant si nos maria transimus,quid est autem quare non pisces in terram transeant si nos maria transimus
12196,body,479,3,True,,Permutabimus sedes!,permutabimus sedes,permutabimus sedes
12196,body,480,0,False,,"Hoc miraris accidere: quanto incredibiliora sunt opera luxuriae, quotiens naturam aut mentitur aut uincit?",hoc miraris accidere quanto incredibiliora sunt opera luxuriae quotiens naturam aut mentitur aut uincit,hoc miraris accidere quanto incredibiliora sunt opera luxuriae quotiens naturam aut mentitur aut uincit
12196,body,480,1,True,,"In cubili natant pisces, et sub ipsa mensa capitur qui statim transferatur in mensam: parum uidetur recens mullus, nisi qui in conuiuae manu moritur; uitreis ollis inclusi afferuntur et obseruatur morientium color, quem in multas mutationes mors luctante spiritu uertit; alios necant in garo et condiunt uiuos.",in cubili natant pisces et sub ipsa mensa capitur qui statim transferatur in mensam parum uidetur recens mullus nisi qui in conuiuae manu moritur uitreis ollis inclusi afferuntur et obseruatur morientium color quem in multas mutationes mors luctante spiritu uertit alios necant in garo et condiunt uiuos,in cubili natant pisces et sub ipsa mensa capitur qui statim transferatur in mensam parum uidetur recens mullus nisi qui in conuiuae manu moritur uitreis ollis inclusi afferuntur et obseruatur morientium color quem in multas mutationes mors luctante spiritu uertit alios necant in garo et condiunt uiuos
12196,body,481,0,False,,"Hi sunt qui fabulas putant piscem uiuere posse sub terra et effodi, non capi!",hi sunt qui fabulas putant piscem uiuere posse sub terra et effodi non capi,hi sunt qui fabulas putant piscem uiuere posse sub terra et effodi non capi
12196,body,481,1,True,,"Quam incredibile illis uideretur, si audirent natare in garo piscem nec cenae causa occidi sed super cenam, cum multum in deliciis fuit et oculos ante quam gulam pauit?",quam incredibile illis uideretur si audirent natare in garo piscem nec cenae causa occidi sed super cenam cum multum in deliciis fuit et oculos ante quam gulam pauit,quam incredibile illis uideretur si audirent natare in garo piscem nec cenae causa occidi sed super cenam cum multum in deliciis fuit et oculos ante quam gulam pauit
12196,head,482,0,True,,CAPUT 18,caput,caput
12196,body,483,0,False,,Permitte mihi quaestione seposita castigare luxuriam.,permitte mihi quaestione seposita castigare luxuriam,permitte mihi quaestione seposita castigare luxuriam
12196,body,483,1,False,,"Nihil est, inquis, mullo expirante illis formosius: ipsa colluctatione animae deficientis rubor primum, deinde pallor subfunditur, squamaeque uariantur et ‹in› incertas facies inter uitam ac mortem coloris est uagatio.",nihil est inquis mullo expirante illis formosius ipsa colluctatione animae deficientis rubor primum deinde pallor subfunditur squamaeque uariantur et in incertas facies inter uitam ac mortem coloris est uagatio,nihil est inquis mullo expirante illis formosius ipsa colluctatione animae deficientis rubor primum deinde pallor subfunditur squamaeque uariantur et in incertas facies inter uitam ac mortem coloris est uagatio
12196,body,483,2,True,,Languor somniculosae inertisque luxuriae quam‹quam› sero experrectus circumscribi se et fraudari tanto bono sensit: hoc adhuc tam pulchro spectaculo piscatores fruebantur.,languor somniculosae inertisque luxuriae quamquam sero experrectus circumscribi se et fraudari tanto bono sensit hoc adhuc tam pulchro spectaculo piscatores fruebantur,languor somniculosae inertisque luxuriae quamquam sero experrectus circumscribi se et fraudari tanto bono sensit hoc adhuc tam pulchro spectaculo piscatores fruebantur
12196,body,484,0,False,,""" Quo coctum piscem?",quo coctum piscem,quo coctum piscem
12196,body,484,1,False,,quo exanimem?,quo exanimem,quo exanimem
12196,body,484,2,False,,In ipso ferculo expiret.,in ipso ferculo expiret,in ipso ferculo expiret
12196,body,484,3,True,,""" Mirabamur tantum illis inesse fastidium, ut nollent attingere nisi eodem die captum, qui, ut aiunt, saperet ipsum mare: ideo cursu aduehebatur, ideo gerulis cum anhelitu et clamore properantibus dabatur uia.",mirabamur tantum illis inesse fastidium ut nollent attingere nisi eodem die captum qui ut aiunt saperet ipsum mare ideo cursu aduehebatur ideo gerulis cum anhelitu et clamore properantibus dabatur uia,mirabamur tantum illis inesse fastidium ut nollent attingere nisi eodem die captum qui ut aiunt saperet ipsum mare ideo cursu aduehebatur ideo gerulis cum anhelitu et clamore properantibus dabatur uia
12196,body,485,0,False,,Quo peruenere deliciae?,quo peruenere deliciae,quo peruenere deliciae
12196,body,485,1,False,,Iam pro putrido his est piscis occisus.,iam pro putrido his est piscis occisus,iam pro putrido his est piscis occisus
12196,body,485,2,False,,"""Hodie eductus est.",hodie eductus est,hodie eductus est
12196,body,485,3,False,,""" – ""Nescio de re magna tibi credere: ipsi oportet me credere; huc afferatur, coram me animam agat.",nescio de re magna tibi credere ipsi oportet me credere huc afferatur coram me animam agat,nescio de re magna tibi credere ipsi oportet me credere huc afferatur coram me animam agat
12196,body,485,4,True,,""" Ad hunc fastum peruenit uenter delicatorum, ut gustare non possint, nisi quem in ipso conuiuio natantem palpitantemque uiderunt: tantum ad sollertiam luxuriae pereuntis accedit, tantoque subtilius cotidie et elegantius aliquid excogitat furor usitata contemnens!",ad hunc fastum peruenit uenter delicatorum ut gustare non possint nisi quem in ipso conuiuio natantem palpitantemque uiderunt tantum ad sollertiam luxuriae pereuntis accedit tantoque subtilius cotidie et elegantius aliquid excogitat furor usitata contemnens,ad hunc fastum peruenit uenter delicatorum ut gustare non possint nisi quem in ipso conuiuio natantem palpitantemque uiderunt tantum ad sollertiam luxuriae pereuntis accedit tantoque subtilius cotidie et elegantius aliquid excogitat furor usitata contemnens
12196,body,486,0,False,,"Illa audiebamus: ""Nihil est melius saxatili mullo,"" at nunc audimus: ""Nihil est moriente formosius; da mihi in manus uitreum, in quo exsultet et trepidet.",illa audiebamus nihil est melius saxatili mullo at nunc audimus nihil est moriente formosius da mihi in manus uitreum in quo exsultet et trepidet,illa audiebamus nihil est melius saxatili mullo at nunc audimus nihil est moriente formosius da mihi in manus uitreum in quo exsultet et trepidet
12196,body,486,1,True,,""" Ubi multum diuque laudatus est, ex illo perlucido uiuario extrahitur.",ubi multum diuque laudatus est ex illo perlucido uiuario extrahitur,ubi multum diuque laudatus est ex illo perlucido uiuario extrahitur
12196,body,487,0,False,,"Tunc, ut quisque peritior est, monstrat: ""Uide quomodo exarserit rubor omni acrior minio!",tunc ut quisque peritior est monstrat uide quomodo exarserit rubor omni acrior minio,tunc ut quisque peritior est monstrat uide quomodo exarserit rubor omni acrior minio
12196,body,487,1,False,,uide quas per latera uenas agat!,uide quas per latera uenas agat,uide quas per latera uenas agat
12196,body,487,2,False,,ecce sanguineum putes uentrem!,ecce sanguineum putes uentrem,ecce sanguineum putes uentrem
12196,body,487,3,False,,quam lucidum quiddam caeruleumque sub ipso tempore effulsit!,quam lucidum quiddam caeruleumque sub ipso tempore effulsit,quam lucidum quiddam caeruleumque sub ipso tempore effulsit
12196,body,487,4,True,,"iam porrigitur et pallet et in unum colorem componitur. """,iam porrigitur et pallet et in unum colorem componitur,iam porrigitur et pallet et in unum colorem componitur
12196,body,488,0,False,,"Ex his nemo morienti amico assidet, nemo uidere mortem patris sui sustinet, quam optauit.",ex his nemo morienti amico assidet nemo uidere mortem patris sui sustinet quam optauit,ex his nemo morienti amico assidet nemo uidere mortem patris sui sustinet quam optauit
12196,body,488,1,False,,Quotusquisque funus domesticum ad rogum prosequitur?,quotusquisque funus domesticum ad rogum prosequitur,quotusquisque funus domesticum ad rogum prosequitur
12196,body,488,2,True,,"Fratrum propinquorumque extrema hora deseritur; ad mortem mulli concurritur: ""Nihil est enim illa formosius. """,fratrum propinquorumque extrema hora deseritur ad mortem mulli concurritur nihil est enim illa formosius,fratrum propinquorumque extrema hora deseritur ad mortem mulli concurritur nihil est enim illa formosius
12196,body,489,0,True,,Non tempero mihi quin utar interdum temerarie uerbis et proprietatis modum excedam: non sunt ad popinam dentibus et uentre et ore contenti: oculis quoque gulosi sunt.,non tempero mihi quin utar interdum temerarie uerbis et proprietatis modum excedam non sunt ad popinam dentibus et uentre et ore contenti oculis quoque gulosi sunt,non tempero mihi quin utar interdum temerarie uerbis et proprietatis modum excedam non sunt ad popinam dentibus et uentre et ore contenti oculis quoque gulosi sunt
12196,head,490,0,True,,CAPUT 19,caput,caput
12196,body,491,0,True,,"Sed ut ad propositum reuertar, accipe argumentum, magnam uira aquarum in subterraneis occuli fertilem foedorum situ piscium: si quando erupit, effert secum immensam animalium turbam, horridam aspici et turpem ac noxiam gustu.",sed ut ad propositum reuertar accipe argumentum magnam uira aquarum in subterraneis occuli fertilem foedorum situ piscium si quando erupit effert secum immensam animalium turbam horridam aspici et turpem ac noxiam gustu,sed ut ad propositum reuertar accipe argumentum magnam uira aquarum in subterraneis occuli fertilem foedorum situ piscium si quando erupit effert secum immensam animalium turbam horridam aspici et turpem ac noxiam gustu
12196,body,492,0,False,,"Certe cum in Caria circa Idymum urbem talis exiluisset unda, perierunt quicumque illos ederant pisces, quos ignoto ante eam diem caelo nouus amnis ostendit.",certe cum in caria circa idymum urbem talis exiluisset unda perierunt quicumque illos ederant pisces quos ignoto ante eam diem caelo nouus amnis ostendit,certe cum in caria circa idymum urbem talis exiluisset unda perierunt quicumque illos ederant pisces quos ignoto ante eam diem caelo nouus amnis ostendit
12196,body,492,1,True,,"Nec id mirum: erant enim pinguia et differta ut ex longo otio corpora, ceterum inexercitata et tenebris saginata et lucis expertia, ex qua salubritas ducitur.",nec id mirum erant enim pinguia et differta ut ex longo otio corpora ceterum inexercitata et tenebris saginata et lucis expertia ex qua salubritas ducitur,nec id mirum erant enim pinguia et differta ut ex longo otio corpora ceterum inexercitata et tenebris saginata et lucis expertia ex qua salubritas ducitur
12196,body,493,0,True,,"Nasci autem posse pisces in illo terrarum profundo sit indicium, quod anguillae latebrosis locis nascuntur, grauis et ipsae cibus ob ignauiam, utique si altitudo illas luti penitus abscondit.",nasci autem posse pisces in illo terrarum profundo sit indicium quod anguillae latebrosis locis nascuntur grauis et ipsae cibus ob ignauiam utique si altitudo illas luti penitus abscondit,nasci autem posse pisces in illo terrarum profundo sit indicium quod anguillae latebrosis locis nascuntur grauis et ipsae cibus ob ignauiam utique si altitudo illas luti penitus abscondit
12196,body,494,0,False,,"Habet ergo non tantum uenas aquarum terra, ex quibus conriuatis flumina effici possint, sed amnes magnitudinis uastae, quorum aliis semper in occulto cursus est, donec aliquo sinu terrae deuorentur, alii sub aliquo lacu emergunt.",habet ergo non tantum uenas aquarum terra ex quibus conriuatis flumina effici possint sed amnes magnitudinis uastae quorum aliis semper in occulto cursus est donec aliquo sinu terrae deuorentur alii sub aliquo lacu emergunt,habet ergo non tantum uenas aquarum terra ex quibus conriuatis flumina effici possint sed amnes magnitudinis uastae quorum aliis semper in occulto cursus est donec aliquo sinu terrae deuorentur alii sub aliquo lacu emergunt
12196,body,494,1,False,,Nam quis ignorat esse quaedam stagna sine fundo?,nam quis ignorat esse quaedam stagna sine fundo,nam quis ignorat esse quaedam stagna sine fundo
12196,body,494,2,False,,Quorsus hoc pertinet?,quorsus hoc pertinet,quorsus hoc pertinet
12196,body,494,3,True,,"ut appareat hanc aquam magnis amnibus aeternam esse materiam, cuius non tanguntur extrema sicut fluminum fontes.",ut appareat hanc aquam magnis amnibus aeternam esse materiam cuius non tanguntur extrema sicut fluminum fontes,ut appareat hanc aquam magnis amnibus aeternam esse materiam cuius non tanguntur extrema sicut fluminum fontes
12196,head,495,0,True,,CAPUT 20,caput,caput
12196,body,496,0,False,,At quare aquis sapor uarius?,at quare aquis sapor uarius,at quare aquis sapor uarius
12196,body,496,1,True,,"Propter quattuor causas: ex solo prima est, per quod fertur; secunda ex eodem, si mutatione eius nascitur; tertia ex spiritu, qui in aquam transfiguratus est; quarta ex uitio, quod saepe concipiunt corruptae per iniuriam.",propter quattuor causas ex solo prima est per quod fertur secunda ex eodem si mutatione eius nascitur tertia ex spiritu qui in aquam transfiguratus est quarta ex uitio quod saepe concipiunt corruptae per iniuriam,propter quattuor causas ex solo prima est per quod fertur secunda ex eodem si mutatione eius nascitur tertia ex spiritu qui in aquam transfiguratus est quarta ex uitio quod saepe concipiunt corruptae per iniuriam
12196,body,497,0,False,,"Hae causae saporem dant aquis uarium, hae medicatam potentiam, hae grauera spiritum odoremque pestiferum, hae leuitatem grauitatemque, ‹hae› aut calorem aut nimium rigorem.",hae causae saporem dant aquis uarium hae medicatam potentiam hae grauera spiritum odoremque pestiferum hae leuitatem grauitatemque hae aut calorem aut nimium rigorem,hae causae saporem dant aquis uarium hae medicatam potentiam hae grauera spiritum odoremque pestiferum hae leuitatem grauitatemque hae aut calorem aut nimium rigorem
12196,body,497,1,True,,Interest utrum loca sulphure an nitro an bitumine plena transierint; hac ratione corruptae cum uitae periculo bibuntur.,interest utrum loca sulphure an nitro an bitumine plena transierint hac ratione corruptae cum uitae periculo bibuntur,interest utrum loca sulphure an nitro an bitumine plena transierint hac ratione corruptae cum uitae periculo bibuntur
12196,body,498,0,False,,"Illinc illud, de quo Ouidius ait ""flumen habent Cicones, quod potum saxea reddit uiscera, quod tactis inducit marmora rebus;"" medicatum est et eius naturae habet limum, ut corpora adglutinet et obduret.",illinc illud de quo ouidius ait flumen habent cicones quod potum saxea reddit uiscera quod tactis inducit marmora rebus medicatum est et eius naturae habet limum ut corpora adglutinet et obduret,illinc illud de quo ouidius ait flumen habent cicones quod potum saxea reddit uiscera quod tactis inducit marmora rebus medicatum est et eius naturae habet limum ut corpora adglutinet et obduret
12196,body,498,1,True,,"Quemadmodum Puteolanus puluis, si aquam attigit, saxum est, sic e contrario haec aqua, si solidum tetigit, haeret et affigitur.",quemadmodum puteolanus puluis si aquam attigit saxum est sic e contrario haec aqua si solidum tetigit haeret et affigitur,quemadmodum puteolanus puluis si aquam attigit saxum est sic e contrario haec aqua si solidum tetigit haeret et affigitur
12196,body,499,0,False,,"Inde est quod res abiectae in Uelinum lacum lapideae subinde extrahuntur; quod in Italia quibusdam locis euenit: siue uirgam siue frondem demerseris, lapidem post paucos dies extrahis; circumfunditur enim corpori limus adliniturque paulatim.",inde est quod res abiectae in uelinum lacum lapideae subinde extrahuntur quod in italia quibusdam locis euenit siue uirgam siue frondem demerseris lapidem post paucos dies extrahis circumfunditur enim corpori limus adliniturque paulatim,inde est quod res abiectae in uelinum lacum lapideae subinde extrahuntur quod in italia quibusdam locis euenit siue uirgam siue frondem demerseris lapidem post paucos dies extrahis circumfunditur enim corpori limus adliniturque paulatim
12196,body,499,1,True,,"Hoc minus tibi uidebitur mirum, si notaueris Albulas et fere sulphuratam aquam circa canales suos riuosque durari.",hoc minus tibi uidebitur mirum si notaueris albulas et fere sulphuratam aquam circa canales suos riuosque durari,hoc minus tibi uidebitur mirum si notaueris albulas et fere sulphuratam aquam circa canales suos riuosque durari
12196,body,500,0,True,,"Aliam naturam habent [causam] illi lacus, ""quos quisquis faucibus hausit"", ut idem poeta ait, ""aut furit aut patitur mirum grauitate soporem;"" similem habent uim mero, sed uehementiorem (nam quemadmodum ebrietas, donec exsiccetur, dementia est et nimia grauitate defertur in somnum, sic huius aquae sulphurea uis habens quoddam acrius ex aere noxio uirus mentem aut furore mouet aut sopore opprimit).",aliam naturam habent causam illi lacus quos quisquis faucibus hausit ut idem poeta ait aut furit aut patitur mirum grauitate soporem similem habent uim mero sed uehementiorem nam quemadmodum ebrietas donec exsiccetur dementia est et nimia grauitate defertur in somnum sic huius aquae sulphurea uis habens quoddam acrius ex aere noxio uirus mentem aut furore mouet aut sopore opprimit,aliam naturam habent causam illi lacus quos quisquis faucibus hausit ut idem poeta ait aut furit aut patitur mirum grauitate soporem similem habent uim mero sed uehementiorem nam quemadmodum ebrietas donec exsiccetur dementia est et nimia grauitate defertur in somnum sic huius aquae sulphurea uis habens quoddam acrius ex aere noxio uirus mentem aut furore mouet aut sopore opprimit
12196,body,501,0,True,,"Hoc habet mali ""Lynceius amnis, quem quicumque parum moderato gutture traxit, haut aliter titubat, quam si mera uina bibisset. """,hoc habet mali lynceius amnis quem quicumque parum moderato gutture traxit haut aliter titubat quam si mera uina bibisset,hoc habet mali lynceius amnis quem quicumque parum moderato gutture traxit haut aliter titubat quam si mera uina bibisset
12196,head,502,0,True,,CAPUT 21,caput,caput
12196,body,503,0,False,,"In quosdam specus qui despexere, moriuntur; tam uelox malum est, ut transuolantes aues deiciat: talis est aer, talis locus, ex quo letalis aqua destillat.",in quosdam specus qui despexere moriuntur tam uelox malum est ut transuolantes aues deiciat talis est aer talis locus ex quo letalis aqua destillat,in quosdam specus qui despexere moriuntur tam uelox malum est ut transuolantes aues deiciat talis est aer talis locus ex quo letalis aqua destillat
12196,body,503,1,True,,"Quod si remissior fuit aeris et loci pestis, ipsa quoque temperatior noxa nihil amplius quam temptat neruos uelut ebrietate torpentes.",quod si remissior fuit aeris et loci pestis ipsa quoque temperatior noxa nihil amplius quam temptat neruos uelut ebrietate torpentes,quod si remissior fuit aeris et loci pestis ipsa quoque temperatior noxa nihil amplius quam temptat neruos uelut ebrietate torpentes
12196,body,504,0,False,,"Nec miror, si locus atque aer aquas inficit similesque regionibus reddit, per quas et ex quibus ueniunt: pabuli sapor apparet in lacte, et uini uis existit in aceto.",nec miror si locus atque aer aquas inficit similesque regionibus reddit per quas et ex quibus ueniunt pabuli sapor apparet in lacte et uini uis existit in aceto,nec miror si locus atque aer aquas inficit similesque regionibus reddit per quas et ex quibus ueniunt pabuli sapor apparet in lacte et uini uis existit in aceto
12196,body,504,1,True,,"Nulla res est, quae non eius, quo nascitur, notas reddat.",nulla res est quae non eius quo nascitur notas reddat,nulla res est quae non eius quo nascitur notas reddat
12196,head,505,0,True,,CAPUT 22,caput,caput
12196,body,506,0,False,,"Aliud est aquarum genus, quod nobis placet coepisse cum mundo: siue ille aeternus est, haec quoque fuit semper, siue initium aliquod est illi, haec quoque cum toto disposita est.",aliud est aquarum genus quod nobis placet coepisse cum mundo siue ille aeternus est haec quoque fuit semper siue initium aliquod est illi haec quoque cum toto disposita est,aliud est aquarum genus quod nobis placet coepisse cum mundo siue ille aeternus est haec quoque fuit semper siue initium aliquod est illi haec quoque cum toto disposita est
12196,body,506,1,False,,Quae sit haec quaeris?,quae sit haec quaeris,quae sit haec quaeris
12196,body,506,2,False,,Oceanus et quodcumque ex illo mare terras interluit.,oceanus et quodcumque ex illo mare terras interluit,oceanus et quodcumque ex illo mare terras interluit
12196,body,506,3,True,,"Iudicant quidam flumina quoque, quorum inenarrabilis natura est, cum ipso mundo traxisse principia, ut Histrum, ut Nilum, uastos amnes magisque insignes, quam ut dici possit eandem illis originem quam ceteris esse.",iudicant quidam flumina quoque quorum inenarrabilis natura est cum ipso mundo traxisse principia ut histrum ut nilum uastos amnes magisque insignes quam ut dici possit eandem illis originem quam ceteris esse,iudicant quidam flumina quoque quorum inenarrabilis natura est cum ipso mundo traxisse principia ut histrum ut nilum uastos amnes magisque insignes quam ut dici possit eandem illis originem quam ceteris esse
12196,head,507,0,True,,CAPUT 23,caput,caput
12196,body,508,0,True,,"Haec est ergo aquarum diuisio, ut quibusdam uidetur: prosiliunt ex superioribus caelestes, quas nubila excutiunt; ex terrenis aliae sunt ut ita dicam supernatantes, quae in summa humo repunt, aliae abditae, quarum reddita est ratio.",haec est ergo aquarum diuisio ut quibusdam uidetur prosiliunt ex superioribus caelestes quas nubila excutiunt ex terrenis aliae sunt ut ita dicam supernatantes quae in summa humo repunt aliae abditae quarum reddita est ratio,haec est ergo aquarum diuisio ut quibusdam uidetur prosiliunt ex superioribus caelestes quas nubila excutiunt ex terrenis aliae sunt ut ita dicam supernatantes quae in summa humo repunt aliae abditae quarum reddita est ratio
12196,head,509,0,True,,CAPUT 24,caput,caput
12196,body,510,0,False,,"Quare quaedam aquae caleant, quaedam etiam ferueant in tantum, ut non possint esse usui, nisi aut in aperto euanuerunt aut mixtura frigidae intepuerunt, plures causae redduntur.",quare quaedam aquae caleant quaedam etiam ferueant in tantum ut non possint esse usui nisi aut in aperto euanuerunt aut mixtura frigidae intepuerunt plures causae redduntur,quare quaedam aquae caleant quaedam etiam ferueant in tantum ut non possint esse usui nisi aut in aperto euanuerunt aut mixtura frigidae intepuerunt plures causae redduntur
12196,body,510,1,True,,"Empedocles existimat ignibus, quos multis locis terra opertos tegit, aquam calescere, si subiecti sunt ei solo, per quod aquis transcursus est.",empedocles existimat ignibus quos multis locis terra opertos tegit aquam calescere si subiecti sunt ei solo per quod aquis transcursus est,empedocles existimat ignibus quos multis locis terra opertos tegit aquam calescere si subiecti sunt ei solo per quod aquis transcursus est
12196,body,511,0,True,,"Facere solemus dracones et miliaria et complures formas, in quibus aere tenui fistulas struimus per decliue circumdatas, ut saepe eundem ignem ambiens aqua per tantum fluat spatii, quantum efficiendo calori sat est: frigida itaque intrat, effluit calida.",facere solemus dracones et miliaria et complures formas in quibus aere tenui fistulas struimus per decliue circumdatas ut saepe eundem ignem ambiens aqua per tantum fluat spatii quantum efficiendo calori sat est frigida itaque intrat effluit calida,facere solemus dracones et miliaria et complures formas in quibus aere tenui fistulas struimus per decliue circumdatas ut saepe eundem ignem ambiens aqua per tantum fluat spatii quantum efficiendo calori sat est frigida itaque intrat effluit calida
12196,body,512,0,True,,"Idem sub terra Empedocles existimat fieri, quem non falli crede Baianis, quibus balnearia sine igne calefiunt: spiritus in illa feruens loco aestuante infunditur; hic per tubos lapsus non aliter quam igne subdito parietes et uasa balnei calefacit, omnis denique frigida transitu mutatur in calidam nec trahit saporem e uaporario, quia clausa praelabitur.",idem sub terra empedocles existimat fieri quem non falli crede baianis quibus balnearia sine igne calefiunt spiritus in illa feruens loco aestuante infunditur hic per tubos lapsus non aliter quam igne subdito parietes et uasa balnei calefacit omnis denique frigida transitu mutatur in calidam nec trahit saporem e uaporario quia clausa praelabitur,idem sub terra empedocles existimat fieri quem non falli crede baianis quibus balnearia sine igne calefiunt spiritus in illa feruens loco aestuante infunditur hic per tubos lapsus non aliter quam igne subdito parietes et uasa balnei calefacit omnis denique frigida transitu mutatur in calidam nec trahit saporem e uaporario quia clausa praelabitur
12196,body,513,0,False,,"Quidam existimant per loca sulphure plena uel nitro euntes aquas calorem beneficio materiae, per quam fluunt, trahere: quod ipso odore gustuque testantur; reddunt enim qualitatem eius, qua caluere, materiae.",quidam existimant per loca sulphure plena uel nitro euntes aquas calorem beneficio materiae per quam fluunt trahere quod ipso odore gustuque testantur reddunt enim qualitatem eius qua caluere materiae,quidam existimant per loca sulphure plena uel nitro euntes aquas calorem beneficio materiae per quam fluunt trahere quod ipso odore gustuque testantur reddunt enim qualitatem eius qua caluere materiae
12196,body,513,1,True,,"Quod ne accidere mireris, uiuae calci aquam infunde: feruebit.",quod ne accidere mireris uiuae calci aquam infunde feruebit,quod ne accidere mireris uiuae calci aquam infunde feruebit
12196,head,514,0,True,,CAPUT 25,caput,caput
12196,body,515,0,False,,Quaedam aquae mortiferae sunt nec odore notabiles nec sapore.,quaedam aquae mortiferae sunt nec odore notabiles nec sapore,quaedam aquae mortiferae sunt nec odore notabiles nec sapore
12196,body,515,1,False,,"Circa Nonacrin in Arcadia Styx appellata ab incolis aduenas fallit, quia non facie, non odore suspecta est: qualia sunt magnorum artificum uenena, quae deprehendi nisi morte non possunt.",circa nonacrin in arcadia styx appellata ab incolis aduenas fallit quia non facie non odore suspecta est qualia sunt magnorum artificum uenena quae deprehendi nisi morte non possunt,circa nonacrin in arcadia styx appellata ab incolis aduenas fallit quia non facie non odore suspecta est qualia sunt magnorum artificum uenena quae deprehendi nisi morte non possunt
12196,body,515,2,True,,"Haec autem, de qua paulo ante rettuli, aqua summa celeritate corrumpit, nec remedio locus est, quia protinus hausta duratur, nec aliter quam gypsum sub umore constringtur et alligat uiscera.",haec autem de qua paulo ante rettuli aqua summa celeritate corrumpit nec remedio locus est quia protinus hausta duratur nec aliter quam gypsum sub umore constringtur et alligat uiscera,haec autem de qua paulo ante rettuli aqua summa celeritate corrumpit nec remedio locus est quia protinus hausta duratur nec aliter quam gypsum sub umore constringtur et alligat uiscera
12196,body,516,0,True,,"Est aeque a noxia aqua in Thessalia circa Tempe, quam et fera et pecus omne deuitat; per ferrum et aes exit, tanta uis illi est etiam dura mordendi; nec arbusta quidem ulla alit et herbas necat.",est aeque a noxia aqua in thessalia circa tempe quam et fera et pecus omne deuitat per ferrum et aes exit tanta uis illi est etiam dura mordendi nec arbusta quidem ulla alit et herbas necat,est aeque a noxia aqua in thessalia circa tempe quam et fera et pecus omne deuitat per ferrum et aes exit tanta uis illi est etiam dura mordendi nec arbusta quidem ulla alit et herbas necat
12196,body,517,0,False,,"Quibusdam fluminibus uis inest mira: alia enim sunt, quae pota inficiunt greges ouium intraque certum tempus, quae fuere nigra, albam ferunt lanam, quae albae uenerant, nigrae abeunt.",quibusdam fluminibus uis inest mira alia enim sunt quae pota inficiunt greges ouium intraque certum tempus quae fuere nigra albam ferunt lanam quae albae uenerant nigrae abeunt,quibusdam fluminibus uis inest mira alia enim sunt quae pota inficiunt greges ouium intraque certum tempus quae fuere nigra albam ferunt lanam quae albae uenerant nigrae abeunt
12196,body,517,1,True,,"Hoc in Boeotia amnes duo efficiunt, quorum alteri ab effectu Melas nomen est: uterque ex eodem lacu exeunt diuersa facturi.",hoc in boeotia amnes duo efficiunt quorum alteri ab effectu melas nomen est uterque ex eodem lacu exeunt diuersa facturi,hoc in boeotia amnes duo efficiunt quorum alteri ab effectu melas nomen est uterque ex eodem lacu exeunt diuersa facturi
12196,body,518,0,False,,"In Macedonia quoque, ut ait Theophrastus, qui facere albas oues uolunt, ‹ad Haliacmonem› adducunt, quem ut diutius potauere, non aliter quam infectae mutantur; at si illis lana opus fuit pulla, paratus gratuitus infector est: ad Peneion eundem gregem appellunt.",in macedonia quoque ut ait theophrastus qui facere albas oues uolunt ad haliacmonem adducunt quem ut diutius potauere non aliter quam infectae mutantur at si illis lana opus fuit pulla paratus gratuitus infector est ad peneion eundem gregem appellunt,in macedonia quoque ut ait theophrastus qui facere albas oues uolunt ad haliacmonem adducunt quem ut diutius potauere non aliter quam infectae mutantur at si illis lana opus fuit pulla paratus gratuitus infector est ad peneion eundem gregem appellunt
12196,body,518,1,True,,"Auctores bonos habeo esse in Galatia flumen, quod idem in omnibus efficiat, esse in Cappadocia quo poto equis nec ulli praeterea animali color mutetur et spargatur albo cutis.",auctores bonos habeo esse in galatia flumen quod idem in omnibus efficiat esse in cappadocia quo poto equis nec ulli praeterea animali color mutetur et spargatur albo cutis,auctores bonos habeo esse in galatia flumen quod idem in omnibus efficiat esse in cappadocia quo poto equis nec ulli praeterea animali color mutetur et spargatur albo cutis
12196,body,519,0,False,,"Quosdam lacus esse, qui nandi imperitos ferant, notum est: erat in Sicilia, est adhuc in Syria stagnum, in quo natant lateres et mergi proiecta non possunt, licet grauia sint.",quosdam lacus esse qui nandi imperitos ferant notum est erat in sicilia est adhuc in syria stagnum in quo natant lateres et mergi proiecta non possunt licet grauia sint,quosdam lacus esse qui nandi imperitos ferant notum est erat in sicilia est adhuc in syria stagnum in quo natant lateres et mergi proiecta non possunt licet grauia sint
12196,body,519,1,False,,"Huius rei palam causa est: quamcumque uis rem expende et contra aquam statue, dummodo utriusque par sit modus: si aqua grauior est, leuiorem rem, quam ipsa est, fert, et tanto supra se extollet quanto erit leuior; grauiora descendent.",huius rei palam causa est quamcumque uis rem expende et contra aquam statue dummodo utriusque par sit modus si aqua grauior est leuiorem rem quam ipsa est fert et tanto supra se extollet quanto erit leuior grauiora descendent,huius rei palam causa est quamcumque uis rem expende et contra aquam statue dummodo utriusque par sit modus si aqua grauior est leuiorem rem quam ipsa est fert et tanto supra se extollet quanto erit leuior grauiora descendent
12196,body,519,2,True,,"At si aquae et eius rei, quam contra pensabis, par pondus erit, nec pessum ibit nec extabit sed exaequabitur aquae et natabit quidem sed paene mersa ac nulla eminens parte.",at si aquae et eius rei quam contra pensabis par pondus erit nec pessum ibit nec extabit sed exaequabitur aquae et natabit quidem sed paene mersa ac nulla eminens parte,at si aquae et eius rei quam contra pensabis par pondus erit nec pessum ibit nec extabit sed exaequabitur aquae et natabit quidem sed paene mersa ac nulla eminens parte
12196,body,520,0,False,,"Hoc est cur quaedam tigna supra aquam paene tota efferantur, quaedam ad medium submissa sint, quaedam ad aequilibrium aquae descendant.",hoc est cur quaedam tigna supra aquam paene tota efferantur quaedam ad medium submissa sint quaedam ad aequilibrium aquae descendant,hoc est cur quaedam tigna supra aquam paene tota efferantur quaedam ad medium submissa sint quaedam ad aequilibrium aquae descendant
12196,body,520,1,False,,"Namque cum utriusque pondus par est, neutra res alteri cedit, grauiora descendunt, leuiora gestantur.",namque cum utriusque pondus par est neutra res alteri cedit grauiora descendunt leuiora gestantur,namque cum utriusque pondus par est neutra res alteri cedit grauiora descendunt leuiora gestantur
12196,body,520,2,True,,"Graue autem et leue est non aestimatione nostra, sed comparatione eius, quo uehi debet.",graue autem et leue est non aestimatione nostra sed comparatione eius quo uehi debet,graue autem et leue est non aestimatione nostra sed comparatione eius quo uehi debet
12196,body,521,0,False,,"Itaque ubi aqua grauior est hominis corpore aut saxo, non sinit id, quo non uincitur, mergi: sic euenit, ut in quibusdam stagnis ne lapides quidem pessum eant.",itaque ubi aqua grauior est hominis corpore aut saxo non sinit id quo non uincitur mergi sic euenit ut in quibusdam stagnis ne lapides quidem pessum eant,itaque ubi aqua grauior est hominis corpore aut saxo non sinit id quo non uincitur mergi sic euenit ut in quibusdam stagnis ne lapides quidem pessum eant
12196,body,521,1,False,,De solidis et duris loquor.,de solidis et duris loquor,de solidis et duris loquor
12196,body,521,2,True,,"Sunt enim multi pumicosi et leues, ex quibus quae constant insulae in Lydia, natant: Theophrastus est auctor.",sunt enim multi pumicosi et leues ex quibus quae constant insulae in lydia natant theophrastus est auctor,sunt enim multi pumicosi et leues ex quibus quae constant insulae in lydia natant theophrastus est auctor
12196,body,522,0,False,,"Ipse ad Cutilias natantem insulam uidi, et alia in Uadimonis lacu uehitur (lacus in Statoniensi est).",ipse ad cutilias natantem insulam uidi et alia in uadimonis lacu uehitur lacus in statoniensi est,ipse ad cutilias natantem insulam uidi et alia in uadimonis lacu uehitur lacus in statoniensi est
12196,body,522,1,True,,"Cutiliarum insula et arbores habet et herbas nutrit: tamen aqua sustinetur et in hanc atque illam partem non uento tantum sed aura compellitur, nec umquam illi per diem ac noctem uno loco statio est: adeo mouetur leui flatu.",cutiliarum insula et arbores habet et herbas nutrit tamen aqua sustinetur et in hanc atque illam partem non uento tantum sed aura compellitur nec umquam illi per diem ac noctem uno loco statio est adeo mouetur leui flatu,cutiliarum insula et arbores habet et herbas nutrit tamen aqua sustinetur et in hanc atque illam partem non uento tantum sed aura compellitur nec umquam illi per diem ac noctem uno loco statio est adeo mouetur leui flatu
12196,body,523,0,False,,"Huic duplex causa est: aquae grauitas medicatae et ob hoc ponderosae, et ipsius insulae materia uectabilis, quae non est corporis solidi, quamuis arbores alat.",huic duplex causa est aquae grauitas medicatae et ob hoc ponderosae et ipsius insulae materia uectabilis quae non est corporis solidi quamuis arbores alat,huic duplex causa est aquae grauitas medicatae et ob hoc ponderosae et ipsius insulae materia uectabilis quae non est corporis solidi quamuis arbores alat
12196,body,523,1,True,,Fortasse enim leues truncos frondesque in lacu sparsas pinguis umor apprehendit ac uinxit.,fortasse enim leues truncos frondesque in lacu sparsas pinguis umor apprehendit ac uinxit,fortasse enim leues truncos frondesque in lacu sparsas pinguis umor apprehendit ac uinxit
12196,body,524,0,True,,"Itaque etiam si qua in illa saxa sunt, inuenies exesa et fistulosa, qualia sunt quae duratus umor eficit, utique circa medicatorum fontium ‹ripas› riuosque, ubi purgamenta aquarum coaluerunt et spuma solidatur: necessario leue est quod ex uentoso inanique concretum est.",itaque etiam si qua in illa saxa sunt inuenies exesa et fistulosa qualia sunt quae duratus umor eficit utique circa medicatorum fontium ripas riuosque ubi purgamenta aquarum coaluerunt et spuma solidatur necessario leue est quod ex uentoso inanique concretum est,itaque etiam si qua in illa saxa sunt inuenies exesa et fistulosa qualia sunt quae duratus umor eficit utique circa medicatorum fontium ripas riuosque ubi purgamenta aquarum coaluerunt et spuma solidatur necessario leue est quod ex uentoso inanique concretum est
12196,body,525,0,False,,"Quorundam causa non potest reddi: quare aqua Nilotica fecundiores feminas faciat, adeo ut quarundam uiscera longa sterilitate praeclusa ad conceptum relaxauerit; quare quaedam in Lycia aquae conceptum feminarum custodiant, quas solent petere, quibus parum tenax uulua est.",quorundam causa non potest reddi quare aqua nilotica fecundiores feminas faciat adeo ut quarundam uiscera longa sterilitate praeclusa ad conceptum relaxauerit quare quaedam in lycia aquae conceptum feminarum custodiant quas solent petere quibus parum tenax uulua est,quorundam causa non potest reddi quare aqua nilotica fecundiores feminas faciat adeo ut quarundam uiscera longa sterilitate praeclusa ad conceptum relaxauerit quare quaedam in lycia aquae conceptum feminarum custodiant quas solent petere quibus parum tenax uulua est
12196,body,525,1,False,,"Quod ad me attinet, pono ista inter temere uulgata.",quod ad me attinet pono ista inter temere uulgata,quod ad me attinet pono ista inter temere uulgata
12196,body,525,2,True,,"Creditum est quasdam aquas scabiem afferre corporibus, quasdam uitiliginem et foedam ex albo uarietatem, siue infusa siue pota sit: quod uitium dicunt habere aquam ex rore collectam.",creditum est quasdam aquas scabiem afferre corporibus quasdam uitiliginem et foedam ex albo uarietatem siue infusa siue pota sit quod uitium dicunt habere aquam ex rore collectam,creditum est quasdam aquas scabiem afferre corporibus quasdam uitiliginem et foedam ex albo uarietatem siue infusa siue pota sit quod uitium dicunt habere aquam ex rore collectam
12196,body,526,0,False,,"Quis non grauissimas esse aquas credat, quae in crystallum coeunt?",quis non grauissimas esse aquas credat quae in crystallum coeunt,quis non grauissimas esse aquas credat quae in crystallum coeunt
12196,body,526,1,False,,"Contra autem est: tenuissimis enim hoc euenit, quas frigus ob ipsam tenuitatem facillime gelat.",contra autem est tenuissimis enim hoc euenit quas frigus ob ipsam tenuitatem facillime gelat,contra autem est tenuissimis enim hoc euenit quas frigus ob ipsam tenuitatem facillime gelat
12196,body,526,2,False,,"Unde autem fiat eiusmodi lapis, apud Graecos ex ipso nomine apparet: G–krustallon enim appellant aeque hunc perlucidum lapidem quam illam glaciem, ex qua fieri lapis creditur.",unde autem fiat eiusmodi lapis apud graecos ex ipso nomine apparet gkrustallon enim appellant aeque hunc perlucidum lapidem quam illam glaciem ex qua fieri lapis creditur,unde autem fiat eiusmodi lapis apud graecos ex ipso nomine apparet gkrustallon enim appellant aeque hunc perlucidum lapidem quam illam glaciem ex qua fieri lapis creditur
12196,body,526,3,True,,"Aqua enim caelestis minimum in se terreni habens cum induruit, longioris frigoris pertinacia spissatur magis ac magis, donec omni aere excluso in se tota compressa est, et umor qui fuerat, lapis effectus est.",aqua enim caelestis minimum in se terreni habens cum induruit longioris frigoris pertinacia spissatur magis ac magis donec omni aere excluso in se tota compressa est et umor qui fuerat lapis effectus est,aqua enim caelestis minimum in se terreni habens cum induruit longioris frigoris pertinacia spissatur magis ac magis donec omni aere excluso in se tota compressa est et umor qui fuerat lapis effectus est
12196,head,527,0,True,,CAPUT 26,caput,caput
12196,body,528,0,False,,"Aestate quaedam flumina augentur ut Nilus, cuius alias ratio reddetur.",aestate quaedam flumina augentur ut nilus cuius alias ratio reddetur,aestate quaedam flumina augentur ut nilus cuius alias ratio reddetur
12196,body,528,1,False,,Theophrastus est auctor in Ponto quoque quosdam amnes crescere tempore aestiuo.,theophrastus est auctor in ponto quoque quosdam amnes crescere tempore aestiuo,theophrastus est auctor in ponto quoque quosdam amnes crescere tempore aestiuo
12196,body,528,2,True,,"Quattuor esse iudicant causas: aut quia tunc maxime in umorem mutabilis terra sit, aut quia maiores in remoto imbres sint, quorum aqua per secretos cuniculos reddita tacite suffunditur.",quattuor esse iudicant causas aut quia tunc maxime in umorem mutabilis terra sit aut quia maiores in remoto imbres sint quorum aqua per secretos cuniculos reddita tacite suffunditur,quattuor esse iudicant causas aut quia tunc maxime in umorem mutabilis terra sit aut quia maiores in remoto imbres sint quorum aqua per secretos cuniculos reddita tacite suffunditur
12196,body,529,0,False,,"Tertia, si crebrioribus uentis ostium caeditur et reuerberatus fluctu amnis resistit, qui crescere uidetur, quia non effunditur.",tertia si crebrioribus uentis ostium caeditur et reuerberatus fluctu amnis resistit qui crescere uidetur quia non effunditur,tertia si crebrioribus uentis ostium caeditur et reuerberatus fluctu amnis resistit qui crescere uidetur quia non effunditur
12196,body,529,1,True,,"Quarta siderum ratio est: haec enim quibusdam mensibus magis urgent et exhauriunt flumina; cum longius recesserunt, minus consumunt atque trahunt: ita quod impendio solebat, id incremento accidit.",quarta siderum ratio est haec enim quibusdam mensibus magis urgent et exhauriunt flumina cum longius recesserunt minus consumunt atque trahunt ita quod impendio solebat id incremento accidit,quarta siderum ratio est haec enim quibusdam mensibus magis urgent et exhauriunt flumina cum longius recesserunt minus consumunt atque trahunt ita quod impendio solebat id incremento accidit
12196,body,530,0,False,,Quaedam flumina palam in aliquem specum decidunt et sic ex oculis auferuntur.,quaedam flumina palam in aliquem specum decidunt et sic ex oculis auferuntur,quaedam flumina palam in aliquem specum decidunt et sic ex oculis auferuntur
12196,body,530,1,False,,Quaedam consumuntur paulatim et intercidunt; eadem ex interuallo reuertuntur recipiuntque et nomen et cursum.,quaedam consumuntur paulatim et intercidunt eadem ex interuallo reuertuntur recipiuntque et nomen et cursum,quaedam consumuntur paulatim et intercidunt eadem ex interuallo reuertuntur recipiuntque et nomen et cursum
12196,body,530,2,False,,"Causa manifesta est: sub terra uacat locus, omnis autem natura umor ad inferius et ad marie defertur.",causa manifesta est sub terra uacat locus omnis autem natura umor ad inferius et ad marie defertur,causa manifesta est sub terra uacat locus omnis autem natura umor ad inferius et ad marie defertur
12196,body,530,3,True,,"Illo itaque recepta flumina cursus egere secreto, sed cum primum aliquid solidi quod obstaret occurrit, perrupta parte, quae minus ad exitum repugnauit, repetiere cursum suum.",illo itaque recepta flumina cursus egere secreto sed cum primum aliquid solidi quod obstaret occurrit perrupta parte quae minus ad exitum repugnauit repetiere cursum suum,illo itaque recepta flumina cursus egere secreto sed cum primum aliquid solidi quod obstaret occurrit perrupta parte quae minus ad exitum repugnauit repetiere cursum suum
12196,body,531,0,False,,"""Sic ubi terreno Lycus est potatus hiatu, existit procul hinc alioque renascitur ore.",sic ubi terreno lycus est potatus hiatu existit procul hinc alioque renascitur ore,sic ubi terreno lycus est potatus hiatu existit procul hinc alioque renascitur ore
12196,body,531,1,False,,"Sic modo combibitur, tacito modo gurgite lapsus redditur Argolicis ingens Erasinus in undis.",sic modo combibitur tacito modo gurgite lapsus redditur argolicis ingens erasinus in undis,sic modo combibitur tacito modo gurgite lapsus redditur argolicis ingens erasinus in undis
12196,body,531,2,True,,""" Idem et in Oriente Tigris facit: absorbetur et desideratus diu tandem longe remoto loco, non tamen dubius an idem sit, emergit.",idem et in oriente tigris facit absorbetur et desideratus diu tandem longe remoto loco non tamen dubius an idem sit emergit,idem et in oriente tigris facit absorbetur et desideratus diu tandem longe remoto loco non tamen dubius an idem sit emergit
12196,body,532,0,False,,"Quidam fontes certo tempore purgamenta eiectant, ut Arethusa in Sicilia quinta quaque aestate per Olympia.",quidam fontes certo tempore purgamenta eiectant ut arethusa in sicilia quinta quaque aestate per olympia,quidam fontes certo tempore purgamenta eiectant ut arethusa in sicilia quinta quaque aestate per olympia
12196,body,532,1,True,,"Inde opinio est Alpheon ex Achaia eo usque penetrare et agere sub mare cursum nec ante quam in Syracusano litore emergere, ideoque his diebus, quibus Olympia sunt, uictimarum stercus secundo traditum flumini illic redundare.",inde opinio est alpheon ex achaia eo usque penetrare et agere sub mare cursum nec ante quam in syracusano litore emergere ideoque his diebus quibus olympia sunt uictimarum stercus secundo traditum flumini illic redundare,inde opinio est alpheon ex achaia eo usque penetrare et agere sub mare cursum nec ante quam in syracusano litore emergere ideoque his diebus quibus olympia sunt uictimarum stercus secundo traditum flumini illic redundare
12196,body,533,0,False,,"Hoc et a te creditum est, ut in prima parte ‹dixi›, Lucili carissime, et a Uergilio, qui alloquitur Arethusam: ""sic tibi, cum fluctus subter labere Sicanos, Doris amara suas non intermisceat undas.",hoc et a te creditum est ut in prima parte dixi lucili carissime et a uergilio qui alloquitur arethusam sic tibi cum fluctus subter labere sicanos doris amara suas non intermisceat undas,hoc et a te creditum est ut in prima parte dixi lucili carissime et a uergilio qui alloquitur arethusam sic tibi cum fluctus subter labere sicanos doris amara suas non intermisceat undas
12196,body,533,1,True,,""" Est in Chersoneso Rhodiorum fons, qui post magnum interuallum temporis foeda quaedam turbidus ex intimo fundat, donec liberatus eliquatusque est.",est in chersoneso rhodiorum fons qui post magnum interuallum temporis foeda quaedam turbidus ex intimo fundat donec liberatus eliquatusque est,est in chersoneso rhodiorum fons qui post magnum interuallum temporis foeda quaedam turbidus ex intimo fundat donec liberatus eliquatusque est
12196,body,534,0,False,,"Hoc quibusdam locis fontes faciunt, ut non tantum lutum sed folia testasque et quicquid putre iacuit expellant.",hoc quibusdam locis fontes faciunt ut non tantum lutum sed folia testasque et quicquid putre iacuit expellant,hoc quibusdam locis fontes faciunt ut non tantum lutum sed folia testasque et quicquid putre iacuit expellant
12196,body,534,1,False,,"Ubique autem facit mare, cui haec natura est, ut omne immundum stercorosumque litoribus impingat.",ubique autem facit mare cui haec natura est ut omne immundum stercorosumque litoribus impingat,ubique autem facit mare cui haec natura est ut omne immundum stercorosumque litoribus impingat
12196,body,534,2,True,,"Quaedam uero partes maris certis temporibus hoc faciunt, ut circa Messenen et Mylas fimo quiddam simile turbulenta uis maris profert feruetque et aestuat non sine colore foedo, unde illic stabulare Solis boues fabula est.",quaedam uero partes maris certis temporibus hoc faciunt ut circa messenen et mylas fimo quiddam simile turbulenta uis maris profert feruetque et aestuat non sine colore foedo unde illic stabulare solis boues fabula est,quaedam uero partes maris certis temporibus hoc faciunt ut circa messenen et mylas fimo quiddam simile turbulenta uis maris profert feruetque et aestuat non sine colore foedo unde illic stabulare solis boues fabula est
12196,body,535,0,False,,"Sed difficilis ratio est quorundam, utique ubi tempus eius rei, de qua quaeritur, inobseruatum incertum est.",sed difficilis ratio est quorundam utique ubi tempus eius rei de qua quaeritur inobseruatum incertum est,sed difficilis ratio est quorundam utique ubi tempus eius rei de qua quaeritur inobseruatum incertum est
12196,body,535,1,False,,Itaque proxima quidem inueniri et uicina non potest causa; ceterum publica est illa: omnis aquarum stantium clausarumque natura se purgat.,itaque proxima quidem inueniri et uicina non potest causa ceterum publica est illa omnis aquarum stantium clausarumque natura se purgat,itaque proxima quidem inueniri et uicina non potest causa ceterum publica est illa omnis aquarum stantium clausarumque natura se purgat
12196,body,535,2,False,,"Nam in his, quibus cursus est, non possunt uitia consistere, quae secunda uis defert et exportat; illae, quae non emittunt quicquid insedit, magis minusue aestuant.",nam in his quibus cursus est non possunt uitia consistere quae secunda uis defert et exportat illae quae non emittunt quicquid insedit magis minusue aestuant,nam in his quibus cursus est non possunt uitia consistere quae secunda uis defert et exportat illae quae non emittunt quicquid insedit magis minusue aestuant
12196,body,535,3,True,,"Mare uero cadauera stramentaque et naufragorum reliqua similia ex intimo trahit, nec tantum tempestate fluctuque sed tranquillum quoque placidumque purgatur.",mare uero cadauera stramentaque et naufragorum reliqua similia ex intimo trahit nec tantum tempestate fluctuque sed tranquillum quoque placidumque purgatur,mare uero cadauera stramentaque et naufragorum reliqua similia ex intimo trahit nec tantum tempestate fluctuque sed tranquillum quoque placidumque purgatur
12196,head,536,0,True,,CAPUT 27,caput,caput
12196,body,537,0,True,,"Sed monet me locus, ut quaeram, cum fatalis dies diluuii uenerit, quemadmodum magna pars terrarum undis obruatur: utrum oceani uiribus fiat et externum in nos pelagus exurgat, an crebri sine intermissione imbres et elisa aestate hiems pertinax immensam uim aquarum ruptis nubibus deiciat, an flumina tellus largius fundat aperiatque fontes nouos, an non sit una tanto malo causa sed omnis ratio consentiat et simul imbres cadant, flumina increscant, maria sedibus suis excita procurrant et omnia uno agmine ad exitium humani generis incumbant.",sed monet me locus ut quaeram cum fatalis dies diluuii uenerit quemadmodum magna pars terrarum undis obruatur utrum oceani uiribus fiat et externum in nos pelagus exurgat an crebri sine intermissione imbres et elisa aestate hiems pertinax immensam uim aquarum ruptis nubibus deiciat an flumina tellus largius fundat aperiatque fontes nouos an non sit una tanto malo causa sed omnis ratio consentiat et simul imbres cadant flumina increscant maria sedibus suis excita procurrant et omnia uno agmine ad exitium humani generis incumbant,sed monet me locus ut quaeram cum fatalis dies diluuii uenerit quemadmodum magna pars terrarum undis obruatur utrum oceani uiribus fiat et externum in nos pelagus exurgat an crebri sine intermissione imbres et elisa aestate hiems pertinax immensam uim aquarum ruptis nubibus deiciat an flumina tellus largius fundat aperiatque fontes nouos an non sit una tanto malo causa sed omnis ratio consentiat et simul imbres cadant flumina increscant maria sedibus suis excita procurrant et omnia uno agmine ad exitium humani generis incumbant
12196,body,538,0,False,,"Ita est: nihil difficile naturae est, utique ubi in finem sui properat.",ita est nihil difficile naturae est utique ubi in finem sui properat,ita est nihil difficile naturae est utique ubi in finem sui properat
12196,body,538,1,False,,Ad originem rerum parce utitur uiribus dispensatque se incrementis fallentibus; subito ad ruinam toto impetu uenit.,ad originem rerum parce utitur uiribus dispensatque se incrementis fallentibus subito ad ruinam toto impetu uenit,ad originem rerum parce utitur uiribus dispensatque se incrementis fallentibus subito ad ruinam toto impetu uenit
12196,body,538,2,False,,"Quam longo tempore opus est, ut conceptus ad puerperium perduret infans, quantis laboribus tener educatur, quam diligenti nutrimento obnoxium nouissime corpus adolescit!",quam longo tempore opus est ut conceptus ad puerperium perduret infans quantis laboribus tener educatur quam diligenti nutrimento obnoxium nouissime corpus adolescit,quam longo tempore opus est ut conceptus ad puerperium perduret infans quantis laboribus tener educatur quam diligenti nutrimento obnoxium nouissime corpus adolescit
12196,body,538,3,False,,At quam nullo negotio soluitur!,at quam nullo negotio soluitur,at quam nullo negotio soluitur
12196,body,538,4,True,,"Urbes constituit aetas, hora dissoluit; momento fit cinis, diu silua; magna tutela stant ac uigent omnia, cito ac repente dissiliunt.",urbes constituit aetas hora dissoluit momento fit cinis diu silua magna tutela stant ac uigent omnia cito ac repente dissiliunt,urbes constituit aetas hora dissoluit momento fit cinis diu silua magna tutela stant ac uigent omnia cito ac repente dissiliunt
12196,body,539,0,False,,"Quicquid ex hoc statu rerum natura flexerit, in exitium mortalium satis est.",quicquid ex hoc statu rerum natura flexerit in exitium mortalium satis est,quicquid ex hoc statu rerum natura flexerit in exitium mortalium satis est
12196,body,539,1,False,,"Ergo cum affuerit illa necessitas temporis, multas simul fata causas mouent.",ergo cum affuerit illa necessitas temporis multas simul fata causas mouent,ergo cum affuerit illa necessitas temporis multas simul fata causas mouent
12196,body,539,2,True,,"Neque enim sine concussione mundi tanta mutatio est, ut quidam putant, inter quos Fabianus est.",neque enim sine concussione mundi tanta mutatio est ut quidam putant inter quos fabianus est,neque enim sine concussione mundi tanta mutatio est ut quidam putant inter quos fabianus est
12196,body,540,0,False,,Primo immodici cadunt imbres et sine ullis solibus triste nubilo caelum est nebulaque continua et ex umido spissa caligo numquam exiccantibus uentis.,primo immodici cadunt imbres et sine ullis solibus triste nubilo caelum est nebulaque continua et ex umido spissa caligo numquam exiccantibus uentis,primo immodici cadunt imbres et sine ullis solibus triste nubilo caelum est nebulaque continua et ex umido spissa caligo numquam exiccantibus uentis
12196,body,540,1,False,,"Inde uitium satis est, segetum sine fruge surgentium marcor.",inde uitium satis est segetum sine fruge surgentium marcor,inde uitium satis est segetum sine fruge surgentium marcor
12196,body,540,2,True,,"Tunc corruptis quae seruntur manu, palustris omnibus campis herba succrescit.",tunc corruptis quae seruntur manu palustris omnibus campis herba succrescit,tunc corruptis quae seruntur manu palustris omnibus campis herba succrescit
12196,body,541,0,False,,"Mox iniuriam et ualidiora sensere: solutis quippe radicibus arbusta procumbunt, et uitis atque omne uirgultum non tenetur solo, quod molle fluidumque est.",mox iniuriam et ualidiora sensere solutis quippe radicibus arbusta procumbunt et uitis atque omne uirgultum non tenetur solo quod molle fluidumque est,mox iniuriam et ualidiora sensere solutis quippe radicibus arbusta procumbunt et uitis atque omne uirgultum non tenetur solo quod molle fluidumque est
12196,body,541,1,False,,Iam nec gramina aut pabula laeta aquis sustinet.,iam nec gramina aut pabula laeta aquis sustinet,iam nec gramina aut pabula laeta aquis sustinet
12196,body,541,2,True,,Fame laboratur et manus ad antiqua alimenta porrigitur: qua ilex est et quercus excutitur et quaecumque in arduis arbor commissura astricta lapidum stetit.,fame laboratur et manus ad antiqua alimenta porrigitur qua ilex est et quercus excutitur et quaecumque in arduis arbor commissura astricta lapidum stetit,fame laboratur et manus ad antiqua alimenta porrigitur qua ilex est et quercus excutitur et quaecumque in arduis arbor commissura astricta lapidum stetit
12196,body,542,0,False,,"Labant ac madent tecta, et in imum usque receptis aquis fundamenta desidunt ac tota humus stagnat.",labant ac madent tecta et in imum usque receptis aquis fundamenta desidunt ac tota humus stagnat,labant ac madent tecta et in imum usque receptis aquis fundamenta desidunt ac tota humus stagnat
12196,body,542,1,True,,Frustra titubantium fultura temptatur; omne enim firmamentum in lubrica figitur et lutosa humo; nihil stabile est.,frustra titubantium fultura temptatur omne enim firmamentum in lubrica figitur et lutosa humo nihil stabile est,frustra titubantium fultura temptatur omne enim firmamentum in lubrica figitur et lutosa humo nihil stabile est
12196,body,543,0,False,,"Postquam magis magisque ingruunt nimbi et congestae saeculis tabuerunt niues, deuolutus torrens altissimis montibus rapit siluas male haerentes et saxa resolutis remissa compagibus rotat, abluit uillas et intermixtos dominis greges deuehit, uulsisque minoribus tectis, quae in transitu abduxit, tandem in maiora uiolentus aberrat, urbes et implicitos trahit moenibus suis populos, ruinam an naufragium querantur incertos (adeo simul et quod opprimeret et quod mergeret uenit).",postquam magis magisque ingruunt nimbi et congestae saeculis tabuerunt niues deuolutus torrens altissimis montibus rapit siluas male haerentes et saxa resolutis remissa compagibus rotat abluit uillas et intermixtos dominis greges deuehit uulsisque minoribus tectis quae in transitu abduxit tandem in maiora uiolentus aberrat urbes et implicitos trahit moenibus suis populos ruinam an naufragium querantur incertos adeo simul et quod opprimeret et quod mergeret uenit,postquam magis magisque ingruunt nimbi et congestae saeculis tabuerunt niues deuolutus torrens altissimis montibus rapit siluas male haerentes et saxa resolutis remissa compagibus rotat abluit uillas et intermixtos dominis greges deuehit uulsisque minoribus tectis quae in transitu abduxit tandem in maiora uiolentus aberrat urbes et implicitos trahit moenibus suis populos ruinam an naufragium querantur incertos adeo simul et quod opprimeret et quod mergeret uenit
12196,body,543,1,True,,Auctus deinde processu aliis quoque in se torrentibus raptis plana passim populatur; nouissime [in] materia magna gentium elatus onustusque diffunditur.,auctus deinde processu aliis quoque in se torrentibus raptis plana passim populatur nouissime in materia magna gentium elatus onustusque diffunditur,auctus deinde processu aliis quoque in se torrentibus raptis plana passim populatur nouissime in materia magna gentium elatus onustusque diffunditur
12196,body,544,0,False,,Flumina uero suapte natura uasta et tempestatibus rapida alueos reliquerunt.,flumina uero suapte natura uasta et tempestatibus rapida alueos reliquerunt,flumina uero suapte natura uasta et tempestatibus rapida alueos reliquerunt
12196,body,544,1,True,,"Quid tu esse Rhodanum, qui putas Rhenum atque Danuuim, quibus torrens etiam in canali suo cursus est, cum superfusi nouas sibi fecere ripas ac scissa humo simul excessere alueo?",quid tu esse rhodanum qui putas rhenum atque danuuim quibus torrens etiam in canali suo cursus est cum superfusi nouas sibi fecere ripas ac scissa humo simul excessere alueo,quid tu esse rhodanum qui putas rhenum atque danuuim quibus torrens etiam in canali suo cursus est cum superfusi nouas sibi fecere ripas ac scissa humo simul excessere alueo
12196,body,545,0,True,,"Quanta cum praecipitatione uoluuntur, ubi per campestria fluens Rhenus ne spatio quidem languit, sed latissimas uelut per angustum aquas impulit; cum Danuuius non iam radices nec media montium stringit, sed iuga ipsa sollicitat ferens secum madefacta montium latera rupesque disiectas et magnarum promontoria regionum, quae fundamentis laborantibus a continenti recesserunt, deinde non inueniens exitum (omnia enim ipse sibi praecluserat), in orbem redit, ingentemque terrarum ambitum atque urbium uno uertice inuoluit.",quanta cum praecipitatione uoluuntur ubi per campestria fluens rhenus ne spatio quidem languit sed latissimas uelut per angustum aquas impulit cum danuuius non iam radices nec media montium stringit sed iuga ipsa sollicitat ferens secum madefacta montium latera rupesque disiectas et magnarum promontoria regionum quae fundamentis laborantibus a continenti recesserunt deinde non inueniens exitum omnia enim ipse sibi praecluserat in orbem redit ingentemque terrarum ambitum atque urbium uno uertice inuoluit,quanta cum praecipitatione uoluuntur ubi per campestria fluens rhenus ne spatio quidem languit sed latissimas uelut per angustum aquas impulit cum danuuius non iam radices nec media montium stringit sed iuga ipsa sollicitat ferens secum madefacta montium latera rupesque disiectas et magnarum promontoria regionum quae fundamentis laborantibus a continenti recesserunt deinde non inueniens exitum omnia enim ipse sibi praecluserat in orbem redit ingentemque terrarum ambitum atque urbium uno uertice inuoluit
12196,body,546,0,False,,"Interim permanent imbres, fit caelum grauius ac sic diu malum ex malo colligit: quod olim fuerat nubilum, nox est et quidem horrida ac terribilis intercursu luminis diri.",interim permanent imbres fit caelum grauius ac sic diu malum ex malo colligit quod olim fuerat nubilum nox est et quidem horrida ac terribilis intercursu luminis diri,interim permanent imbres fit caelum grauius ac sic diu malum ex malo colligit quod olim fuerat nubilum nox est et quidem horrida ac terribilis intercursu luminis diri
12196,body,546,1,False,,"Crebra enim micant fulmina, procellaeque quatiunt mare tunc primum auctum fluminum accessu et sibi angustum: iam enim promouet litus nec continetur suis finibus; sed prohibent exire torrentes aguntque fluctum retro.",crebra enim micant fulmina procellaeque quatiunt mare tunc primum auctum fluminum accessu et sibi angustum iam enim promouet litus nec continetur suis finibus sed prohibent exire torrentes aguntque fluctum retro,crebra enim micant fulmina procellaeque quatiunt mare tunc primum auctum fluminum accessu et sibi angustum iam enim promouet litus nec continetur suis finibus sed prohibent exire torrentes aguntque fluctum retro
12196,body,546,2,True,,Pars tamen maior ut maligno ostio retenta restagnat et agros in formam unius laci redigit.,pars tamen maior ut maligno ostio retenta restagnat et agros in formam unius laci redigit,pars tamen maior ut maligno ostio retenta restagnat et agros in formam unius laci redigit
12196,body,547,0,False,,"Iam omnia, qua prospici potest, aquis obsidentur: omnis tumulus in profundo latet et immensa ubique altitudo est.",iam omnia qua prospici potest aquis obsidentur omnis tumulus in profundo latet et immensa ubique altitudo est,iam omnia qua prospici potest aquis obsidentur omnis tumulus in profundo latet et immensa ubique altitudo est
12196,body,547,1,False,,Tantum in summis montium iugis uada sunt: in [ea] excelsissima cum liberis coniugibusque fugerunt actis ante se gregibus.,tantum in summis montium iugis uada sunt in ea excelsissima cum liberis coniugibusque fugerunt actis ante se gregibus,tantum in summis montium iugis uada sunt in ea excelsissima cum liberis coniugibusque fugerunt actis ante se gregibus
12196,body,547,2,True,,"Diremptum inter miseros commercium ac transitus, quoniam quicquid submissius erat, id unda compleuit.",diremptum inter miseros commercium ac transitus quoniam quicquid submissius erat id unda compleuit,diremptum inter miseros commercium ac transitus quoniam quicquid submissius erat id unda compleuit
12196,body,548,0,False,,"Editissimis quibusque adhaerebant reliquiae generis humani, quibus in extrema perductis hoc unum solacio fuit, quod transierat in stuporem metus.",editissimis quibusque adhaerebant reliquiae generis humani quibus in extrema perductis hoc unum solacio fuit quod transierat in stuporem metus,editissimis quibusque adhaerebant reliquiae generis humani quibus in extrema perductis hoc unum solacio fuit quod transierat in stuporem metus
12196,body,548,1,True,,"Non uacabat timere mirantibus, nec dolor quidem habebat locum, quippe uim suam perdit in eo, qui ultra sensum mali miser est.",non uacabat timere mirantibus nec dolor quidem habebat locum quippe uim suam perdit in eo qui ultra sensum mali miser est,non uacabat timere mirantibus nec dolor quidem habebat locum quippe uim suam perdit in eo qui ultra sensum mali miser est
12196,body,549,0,True,,"Ergo insularum modo eminent ""montes et sparsas Cycladas augent,"" ut ait ille poetarum ingeniosissimus egregie; sicut illud pro magnitudine rei dixit ""omnia pontus erat, deerant quoque litora ponto,"" ni tantum impetum ingenii et materiae ad pueriles ineptias reduxisset: ""nat lupus inter oues, fuluos uehit unda leones. """,ergo insularum modo eminent montes et sparsas cycladas augent ut ait ille poetarum ingeniosissimus egregie sicut illud pro magnitudine rei dixit omnia pontus erat deerant quoque litora ponto ni tantum impetum ingenii et materiae ad pueriles ineptias reduxisset nat lupus inter oues fuluos uehit unda leones,ergo insularum modo eminent montes et sparsas cycladas augent ut ait ille poetarum ingeniosissimus egregie sicut illud pro magnitudine rei dixit omnia pontus erat deerant quoque litora ponto ni tantum impetum ingenii et materiae ad pueriles ineptias reduxisset nat lupus inter oues fuluos uehit unda leones
12196,body,550,0,False,,Non est res satis sobria lasciuire deuorato orbe terrarum.,non est res satis sobria lasciuire deuorato orbe terrarum,non est res satis sobria lasciuire deuorato orbe terrarum
12196,body,550,1,False,,"Dixit ingentia et tantae confusionis imaginem cepit, cum dixit: ""expatiata ruunt per apertos flumina campos, .",dixit ingentia et tantae confusionis imaginem cepit cum dixit expatiata ruunt per apertos flumina campos,dixit ingentia et tantae confusionis imaginem cepit cum dixit expatiata ruunt per apertos flumina campos
12196,body,550,2,False,,.. pressaeque labant sub gurgite turres.,pressaeque labant sub gurgite turres,pressaeque labant sub gurgite turres
12196,body,550,3,False,,""" Magnifice haec, si non curauerit quid oues et lupi faciant.",magnifice haec si non curauerit quid oues et lupi faciant,magnifice haec si non curauerit quid oues et lupi faciant
12196,body,550,4,False,,Natari autem in diluuio et in illa rapina potest?,natari autem in diluuio et in illa rapina potest,natari autem in diluuio et in illa rapina potest
12196,body,550,5,True,,"aut non eodem impetu pecus omne, quo raptum erat, mersum est?",aut non eodem impetu pecus omne quo raptum erat mersum est,aut non eodem impetu pecus omne quo raptum erat mersum est
12196,body,551,0,False,,Concepisti imaginem quantam debebas obrutis omnibus terris caelo ipso in terram ruente.,concepisti imaginem quantam debebas obrutis omnibus terris caelo ipso in terram ruente,concepisti imaginem quantam debebas obrutis omnibus terris caelo ipso in terram ruente
12196,body,551,1,True,,"Perfer: scies quid deceat, si cogitaueris orbem terrarum natare.",perfer scies quid deceat si cogitaueris orbem terrarum natare,perfer scies quid deceat si cogitaueris orbem terrarum natare
12196,head,552,0,True,,CAPUT 28,caput,caput
12196,body,553,0,False,,Nunc ad propositum reuertamur.,nunc ad propositum reuertamur,nunc ad propositum reuertamur
12196,body,553,1,True,,"Sunt qui existiment immodicis imbribus uexari terras posse, non obrui; magne, impetu magna ferienda sunt; faciet pluuia segetes malas, fructum grande, decutiet, intumescent riuis flumina, sed resident.",sunt qui existiment immodicis imbribus uexari terras posse non obrui magne impetu magna ferienda sunt faciet pluuia segetes malas fructum grande decutiet intumescent riuis flumina sed resident,sunt qui existiment immodicis imbribus uexari terras posse non obrui magne impetu magna ferienda sunt faciet pluuia segetes malas fructum grande decutiet intumescent riuis flumina sed resident
12196,body,554,0,False,,Quibusdam placet moueri mare et illinc causam tantae cladis accersere: non potest torrentium aut imbrium aut fluminum iniuria fieri tam grande naufragium.,quibusdam placet moueri mare et illinc causam tantae cladis accersere non potest torrentium aut imbrium aut fluminum iniuria fieri tam grande naufragium,quibusdam placet moueri mare et illinc causam tantae cladis accersere non potest torrentium aut imbrium aut fluminum iniuria fieri tam grande naufragium
12196,body,554,1,False,,"Ubi instat illa pernicies mutarique humanum genus placuit, fluere assiduos imbres et non esse modum pluuiis concesserim, suppressis aquilonibus et flatu sicciore austris nubes et amnes abundare.",ubi instat illa pernicies mutarique humanum genus placuit fluere assiduos imbres et non esse modum pluuiis concesserim suppressis aquilonibus et flatu sicciore austris nubes et amnes abundare,ubi instat illa pernicies mutarique humanum genus placuit fluere assiduos imbres et non esse modum pluuiis concesserim suppressis aquilonibus et flatu sicciore austris nubes et amnes abundare
12196,body,554,2,True,,"Sed adhuc in damna profectum est: ""sternuntur segetes et deplorata colonis uota iacent longique perit labor irritus anni. """,sed adhuc in damna profectum est sternuntur segetes et deplorata colonis uota iacent longique perit labor irritus anni,sed adhuc in damna profectum est sternuntur segetes et deplorata colonis uota iacent longique perit labor irritus anni
12196,body,555,0,False,,Non laedi terrae debent sed abscondi.,non laedi terrae debent sed abscondi,non laedi terrae debent sed abscondi
12196,body,555,1,False,,"Itaque cum per ista prolusum est, crescunt maria, sed super solitum, et fluctum ultra extremum tempestatis maximae uestigium mittunt.",itaque cum per ista prolusum est crescunt maria sed super solitum et fluctum ultra extremum tempestatis maximae uestigium mittunt,itaque cum per ista prolusum est crescunt maria sed super solitum et fluctum ultra extremum tempestatis maximae uestigium mittunt
12196,body,555,2,False,,"Deinde a tergo uentis surgentibus ingens aequor euoluunt, quod longe a conspectu ueteris litoris frangitur.",deinde a tergo uentis surgentibus ingens aequor euoluunt quod longe a conspectu ueteris litoris frangitur,deinde a tergo uentis surgentibus ingens aequor euoluunt quod longe a conspectu ueteris litoris frangitur
12196,body,555,3,True,,"Deinde ubi litus bis terque prolatum est et pelagus in alieno constitit, uelut admoto malo comminus procurrit aestus ex imo recessu maris.",deinde ubi litus bis terque prolatum est et pelagus in alieno constitit uelut admoto malo comminus procurrit aestus ex imo recessu maris,deinde ubi litus bis terque prolatum est et pelagus in alieno constitit uelut admoto malo comminus procurrit aestus ex imo recessu maris
12196,body,556,0,False,,"Nam ut aeris, ut aetheris, sic huius elementi larga materia est multoque in abdito plenior.",nam ut aeris ut aetheris sic huius elementi larga materia est multoque in abdito plenior,nam ut aeris ut aetheris sic huius elementi larga materia est multoque in abdito plenior
12196,body,556,1,False,,"Haec fatis mota, non aestu (nam aestus fati ministerium est), attollit uaste, sinu fretum agitque ante se. Deinde in miram altitudinem erigitur et illis tutis hominum receptaculis superest.",haec fatis mota non aestu nam aestus fati ministerium est attollit uaste sinu fretum agitque ante se deinde in miram altitudinem erigitur et illis tutis hominum receptaculis superest,haec fatis mota non aestu nam aestus fati ministerium est attollit uaste sinu fretum agitque ante se deinde in miram altitudinem erigitur et illis tutis hominum receptaculis superest
12196,body,556,2,True,,"Nec id aquis arduum est, quoniam aequo terris fastigio ascendunt.",nec id aquis arduum est quoniam aequo terris fastigio ascendunt,nec id aquis arduum est quoniam aequo terris fastigio ascendunt
12196,body,557,0,False,,"Si quis excelsa perlibret, maria paria sunt: nam par undique sibi ipsa tellus est (caua eius et plana inferiora sunt, sed istis adeo in rotundum orbis aequatus est); in parte autem eius et maria sunt, quae in unius aequalitatem pilae coeunt.",si quis excelsa perlibret maria paria sunt nam par undique sibi ipsa tellus est caua eius et plana inferiora sunt sed istis adeo in rotundum orbis aequatus est in parte autem eius et maria sunt quae in unius aequalitatem pilae coeunt,si quis excelsa perlibret maria paria sunt nam par undique sibi ipsa tellus est caua eius et plana inferiora sunt sed istis adeo in rotundum orbis aequatus est in parte autem eius et maria sunt quae in unius aequalitatem pilae coeunt
12196,body,557,1,False,,"Sed quemadmodum campos intuentem quae paulatim deuexa sunt fallunt, sic non intellegimus curuaturas maris et uidetur planum quicquid apparet.",sed quemadmodum campos intuentem quae paulatim deuexa sunt fallunt sic non intellegimus curuaturas maris et uidetur planum quicquid apparet,sed quemadmodum campos intuentem quae paulatim deuexa sunt fallunt sic non intellegimus curuaturas maris et uidetur planum quicquid apparet
12196,body,557,2,True,,"At illud aequale terris est ideoque, ut effluat, non magna mole se tollet, dum satis est illi, ut supra paria ueniat; leuiter exsurgere; nec a litore, ubi inferius est, sed a medio, ubi ille cumulus est, defluit.",at illud aequale terris est ideoque ut effluat non magna mole se tollet dum satis est illi ut supra paria ueniat leuiter exsurgere nec a litore ubi inferius est sed a medio ubi ille cumulus est defluit,at illud aequale terris est ideoque ut effluat non magna mole se tollet dum satis est illi ut supra paria ueniat leuiter exsurgere nec a litore ubi inferius est sed a medio ubi ille cumulus est defluit
12196,body,558,0,False,,"Ergo ut solet aestus aequinoctilis sub ipsum lunae solisque coitum omnibus aliis maior undare, sic hic, qui ad occupandas terras emittitur, solitis maximisque uiolentior, plus aquarum trahit nec, antequam supra cacumina eorum, quos perfusurus est, montium creuit, deuoluitur.",ergo ut solet aestus aequinoctilis sub ipsum lunae solisque coitum omnibus aliis maior undare sic hic qui ad occupandas terras emittitur solitis maximisque uiolentior plus aquarum trahit nec antequam supra cacumina eorum quos perfusurus est montium creuit deuoluitur,ergo ut solet aestus aequinoctilis sub ipsum lunae solisque coitum omnibus aliis maior undare sic hic qui ad occupandas terras emittitur solitis maximisque uiolentior plus aquarum trahit nec antequam supra cacumina eorum quos perfusurus est montium creuit deuoluitur
12196,body,558,1,True,,Per centena milia quibusdam locis aestus excurrit innoxius et ordinem seruat (ad mensuram enim crescit iterumque decrescit):,per centena milia quibusdam locis aestus excurrit innoxius et ordinem seruat ad mensuram enim crescit iterumque decrescit,per centena milia quibusdam locis aestus excurrit innoxius et ordinem seruat ad mensuram enim crescit iterumque decrescit
12196,body,559,0,False,,at illo tempore solutus legibus sine modo fertur.,at illo tempore solutus legibus sine modo fertur,at illo tempore solutus legibus sine modo fertur
12196,body,559,1,False,,Qua ratione?,qua ratione,qua ratione
12196,body,559,2,False,,", inquis: eadem qua conflagratio futura est.",inquis eadem qua conflagratio futura est,inquis eadem qua conflagratio futura est
12196,body,559,3,False,,"Utrumque fit, cum deo uisum ordiri meliora, uetera finiri.",utrumque fit cum deo uisum ordiri meliora uetera finiri,utrumque fit cum deo uisum ordiri meliora uetera finiri
12196,body,559,4,True,,"Aqua et ignis terrenis dominantur; ex his ortus, ex his interitus est: ergo quandoque placuere res nouae mundo, sic in nos mare emittitur desuper, ut feruor ignisque, cum aliud genus exitii placuit.",aqua et ignis terrenis dominantur ex his ortus ex his interitus est ergo quandoque placuere res nouae mundo sic in nos mare emittitur desuper ut feruor ignisque cum aliud genus exitii placuit,aqua et ignis terrenis dominantur ex his ortus ex his interitus est ergo quandoque placuere res nouae mundo sic in nos mare emittitur desuper ut feruor ignisque cum aliud genus exitii placuit
12196,head,560,0,True,,CAPUT 29,caput,caput
12196,body,561,0,False,,"Quidam existimant terram quoque concuti et dirupto solo noua fluminum capita detegere, quae amplius ut e pleno profundant.",quidam existimant terram quoque concuti et dirupto solo noua fluminum capita detegere quae amplius ut e pleno profundant,quidam existimant terram quoque concuti et dirupto solo noua fluminum capita detegere quae amplius ut e pleno profundant
12196,body,561,1,False,,"Berosos, qui Belum interpretatus est, ait ista cursu siderum fieri; adeo quidem affirmat, ut conflagrationi atque diluuio tempus assignet: arsura enim terrena contendit, quandoque omnia sidera, quae nunc diuersos agunt cursus, in Cancrum conuenerint, sic sub eodem posita uestigio, ut recta linea exire per orbes omnium possit; inundationem futuram, cum eadem siderum turba in Capricornum conuenerit.",berosos qui belum interpretatus est ait ista cursu siderum fieri adeo quidem affirmat ut conflagrationi atque diluuio tempus assignet arsura enim terrena contendit quandoque omnia sidera quae nunc diuersos agunt cursus in cancrum conuenerint sic sub eodem posita uestigio ut recta linea exire per orbes omnium possit inundationem futuram cum eadem siderum turba in capricornum conuenerit,berosos qui belum interpretatus est ait ista cursu siderum fieri adeo quidem affirmat ut conflagrationi atque diluuio tempus assignet arsura enim terrena contendit quandoque omnia sidera quae nunc diuersos agunt cursus in cancrum conuenerint sic sub eodem posita uestigio ut recta linea exire per orbes omnium possit inundationem futuram cum eadem siderum turba in capricornum conuenerit
12196,body,561,2,True,,"Illic solstitium, hic bruma conficitur: magnae potentiae signa, quando in ipsa mutatione anni momenta sunt.",illic solstitium hic bruma conficitur magnae potentiae signa quando in ipsa mutatione anni momenta sunt,illic solstitium hic bruma conficitur magnae potentiae signa quando in ipsa mutatione anni momenta sunt
12196,body,562,0,True,,"Et istas ego receperim causas (neque enim ex uno est tanta pernicies), et illam, quae in conflagratione nostris placet, hoc quoque transferendam puto: siue animal est mundus siue corpus natura gubernabile, ut arbores, ut sata, ab initio eius usque ad exitum quicquid facere quicquid pati debeat, inclusum est.",et istas ego receperim causas neque enim ex uno est tanta pernicies et illam quae in conflagratione nostris placet hoc quoque transferendam puto siue animal est mundus siue corpus natura gubernabile ut arbores ut sata ab initio eius usque ad exitum quicquid facere quicquid pati debeat inclusum est,et istas ego receperim causas neque enim ex uno est tanta pernicies et illam quae in conflagratione nostris placet hoc quoque transferendam puto siue animal est mundus siue corpus natura gubernabile ut arbores ut sata ab initio eius usque ad exitum quicquid facere quicquid pati debeat inclusum est
12196,body,563,0,False,,"Ut in semine omnis futuri hominis ratio comprehensa est et legem barbae canorumque nondum natus infans habet (totius enim corporis et sequentis auctus in paruo occultoque liniamenta sunt), sic origo mundi non minus solem et lunam et uices siderum et animalium ortus quam quibus mutarentur terrena continuit.",ut in semine omnis futuri hominis ratio comprehensa est et legem barbae canorumque nondum natus infans habet totius enim corporis et sequentis auctus in paruo occultoque liniamenta sunt sic origo mundi non minus solem et lunam et uices siderum et animalium ortus quam quibus mutarentur terrena continuit,ut in semine omnis futuri hominis ratio comprehensa est et legem barbae canorumque nondum natus infans habet totius enim corporis et sequentis auctus in paruo occultoque liniamenta sunt sic origo mundi non minus solem et lunam et uices siderum et animalium ortus quam quibus mutarentur terrena continuit
12196,body,563,1,True,,"In his fuit inundatio, quae non secus quam hiems, quam aestas, lege mundi uenit.",in his fuit inundatio quae non secus quam hiems quam aestas lege mundi uenit,in his fuit inundatio quae non secus quam hiems quam aestas lege mundi uenit
12196,body,564,0,False,,"Itaque non pluuia istud fiet sed pluuia quoque, non incursu maris maris quoque incursu, non terrae motu sed terrae quoque motu: omnia adiuuabunt naturam, ut naturae constituta peragantur.",itaque non pluuia istud fiet sed pluuia quoque non incursu maris maris quoque incursu non terrae motu sed terrae quoque motu omnia adiuuabunt naturam ut naturae constituta peragantur,itaque non pluuia istud fiet sed pluuia quoque non incursu maris maris quoque incursu non terrae motu sed terrae quoque motu omnia adiuuabunt naturam ut naturae constituta peragantur
12196,body,564,1,True,,"Maximam tamen causam ad se inundandam terra ipsa praestabit, quam diximus esse mutabilem et solui in umorem.",maximam tamen causam ad se inundandam terra ipsa praestabit quam diximus esse mutabilem et solui in umorem,maximam tamen causam ad se inundandam terra ipsa praestabit quam diximus esse mutabilem et solui in umorem
12196,body,565,0,False,,"Ergo quandoque erit terminus rebus humanis, cum partes eius interire debuerint abolerique funditus totae, ut de integro totae rudes innoxiaeque generentur nec supersit in deteriora praeceptor, plus umoris quam semper fuit fiet.",ergo quandoque erit terminus rebus humanis cum partes eius interire debuerint abolerique funditus totae ut de integro totae rudes innoxiaeque generentur nec supersit in deteriora praeceptor plus umoris quam semper fuit fiet,ergo quandoque erit terminus rebus humanis cum partes eius interire debuerint abolerique funditus totae ut de integro totae rudes innoxiaeque generentur nec supersit in deteriora praeceptor plus umoris quam semper fuit fiet
12196,body,565,1,False,,"Nunc enim elementa ad id quod debetur pensa surit: aliquid oportet alteri accedat, ut quae libramento stant, inaequalitas turbet.",nunc enim elementa ad id quod debetur pensa surit aliquid oportet alteri accedat ut quae libramento stant inaequalitas turbet,nunc enim elementa ad id quod debetur pensa surit aliquid oportet alteri accedat ut quae libramento stant inaequalitas turbet
12196,body,565,2,True,,"Accedet umori; nunc enim habet quo ambiat terras, non quo obruat: quicquid illi adieceris, necesse est in alienum locum exundet.",accedet umori nunc enim habet quo ambiat terras non quo obruat quicquid illi adieceris necesse est in alienum locum exundet,accedet umori nunc enim habet quo ambiat terras non quo obruat quicquid illi adieceris necesse est in alienum locum exundet
12196,body,566,0,False,,"Uide ergo ne terra debeat minui, ut ualidiori infirma succumbat.",uide ergo ne terra debeat minui ut ualidiori infirma succumbat,uide ergo ne terra debeat minui ut ualidiori infirma succumbat
12196,body,566,1,False,,"Incipiet ergo putrescere, dehinc laxata ire in umorem et assidua tabe defluere.",incipiet ergo putrescere dehinc laxata ire in umorem et assidua tabe defluere,incipiet ergo putrescere dehinc laxata ire in umorem et assidua tabe defluere
12196,body,566,2,True,,Tunc exilient sub montibus flumina ipsosque impetu quatient; inde aura tacta manabunt;,tunc exilient sub montibus flumina ipsosque impetu quatient inde aura tacta manabunt,tunc exilient sub montibus flumina ipsosque impetu quatient inde aura tacta manabunt
12196,body,567,0,False,,"solum omne aquas reddet, summi scaturient montes.",solum omne aquas reddet summi scaturient montes,solum omne aquas reddet summi scaturient montes
12196,body,567,1,False,,"Quemadmodum in morbum transeunt sana et ulceri uicina consentiunt, ut quaeque proxima terris fluentibus fuerint, ipsa eluentur stillabuntque, deinde current et, hiante pluribus locis saxo, [per] fretum saliet et maria inter se componet.",quemadmodum in morbum transeunt sana et ulceri uicina consentiunt ut quaeque proxima terris fluentibus fuerint ipsa eluentur stillabuntque deinde current et hiante pluribus locis saxo per fretum saliet et maria inter se componet,quemadmodum in morbum transeunt sana et ulceri uicina consentiunt ut quaeque proxima terris fluentibus fuerint ipsa eluentur stillabuntque deinde current et hiante pluribus locis saxo per fretum saliet et maria inter se componet
12196,body,567,2,True,,"Nihil erunt Adria, nihil Siculi aequoris fauces, nihil Charybdis, nihil Scylla: omnes nouum mare fabulas obruet et hic qui terras cingit oceanus extrema sortitus ueniet in medium.",nihil erunt adria nihil siculi aequoris fauces nihil charybdis nihil scylla omnes nouum mare fabulas obruet et hic qui terras cingit oceanus extrema sortitus ueniet in medium,nihil erunt adria nihil siculi aequoris fauces nihil charybdis nihil scylla omnes nouum mare fabulas obruet et hic qui terras cingit oceanus extrema sortitus ueniet in medium
12196,body,568,0,False,,Quid ergo est?,quid ergo est,quid ergo est
12196,body,568,1,False,,"Nihilominus tenebit alienos menses hiems, aestas prohibebitur, et quodcumque terras sidus exsiccat, compresso ardore cessabit.",nihilominus tenebit alienos menses hiems aestas prohibebitur et quodcumque terras sidus exsiccat compresso ardore cessabit,nihilominus tenebit alienos menses hiems aestas prohibebitur et quodcumque terras sidus exsiccat compresso ardore cessabit
12196,body,568,2,False,,"Peribunt tot nomina, Caspium et Rubrum mare, Ambracii et Cretici sinus, Propontis et Pontus; peribit omne discrimen; confundetur quicquid in suas partes natura digessit.",peribunt tot nomina caspium et rubrum mare ambracii et cretici sinus propontis et pontus peribit omne discrimen confundetur quicquid in suas partes natura digessit,peribunt tot nomina caspium et rubrum mare ambracii et cretici sinus propontis et pontus peribit omne discrimen confundetur quicquid in suas partes natura digessit
12196,body,568,3,False,,"Non muri quemquam, non turres tuebuntur.",non muri quemquam non turres tuebuntur,non muri quemquam non turres tuebuntur
12196,body,568,4,True,,"Non proderunt templa supplicibus nec urbium summa, quippe fugientes unda praeueniet et ex ipsis arcibus deferet.",non proderunt templa supplicibus nec urbium summa quippe fugientes unda praeueniet et ex ipsis arcibus deferet,non proderunt templa supplicibus nec urbium summa quippe fugientes unda praeueniet et ex ipsis arcibus deferet
12196,body,569,0,False,,"Alia ab occasu, alia ab oriente concurrent.",alia ab occasu alia ab oriente concurrent,alia ab occasu alia ab oriente concurrent
12196,body,569,1,True,,"Unus humanum genus condet dies; quicquid tam longa fortunae indulgentia excoluit, quicquid supra ceteros extulit, nobilia pariter atque adornata magnarumque gentium regna pessundabit.",unus humanum genus condet dies quicquid tam longa fortunae indulgentia excoluit quicquid supra ceteros extulit nobilia pariter atque adornata magnarumque gentium regna pessundabit,unus humanum genus condet dies quicquid tam longa fortunae indulgentia excoluit quicquid supra ceteros extulit nobilia pariter atque adornata magnarumque gentium regna pessundabit
12196,head,570,0,True,,CAPUT 30,caput,caput
12196,body,571,0,False,,"Sunt omnia, ut dixi, facilia naturae, utique ‹quae› a primo facere constituit, ad quae non subito sed ex denuntiato uenit.",sunt omnia ut dixi facilia naturae utique quae a primo facere constituit ad quae non subito sed ex denuntiato uenit,sunt omnia ut dixi facilia naturae utique quae a primo facere constituit ad quae non subito sed ex denuntiato uenit
12196,body,571,1,True,,"Iam autem a primo die mundi, cum in hunc habitum ex informi unitate discederet, quando mergerentur terrena decretum est; et ne sit quandoque uelut in nouo opere dura molitio, olim ad hoc maria se exercent.",iam autem a primo die mundi cum in hunc habitum ex informi unitate discederet quando mergerentur terrena decretum est et ne sit quandoque uelut in nouo opere dura molitio olim ad hoc maria se exercent,iam autem a primo die mundi cum in hunc habitum ex informi unitate discederet quando mergerentur terrena decretum est et ne sit quandoque uelut in nouo opere dura molitio olim ad hoc maria se exercent
12196,body,572,0,False,,Non uides ut fluctus in litora tamquam exiturus incurrat?,non uides ut fluctus in litora tamquam exiturus incurrat,non uides ut fluctus in litora tamquam exiturus incurrat
12196,body,572,1,False,,Non uides ut aestus fines suos transeat et in possessionem terrarum mare inducat?,non uides ut aestus fines suos transeat et in possessionem terrarum mare inducat,non uides ut aestus fines suos transeat et in possessionem terrarum mare inducat
12196,body,572,2,False,,Non uides ut illi perpetua cum claustris suis pugna sit?,non uides ut illi perpetua cum claustris suis pugna sit,non uides ut illi perpetua cum claustris suis pugna sit
12196,body,572,3,False,,Quid porro?,quid porro,quid porro
12196,body,572,4,True,,"Istinc, unde tantum tumultum uides, metus est, e mari et magno spiritu erumpentibus fluuiis.",istinc unde tantum tumultum uides metus est e mari et magno spiritu erumpentibus fluuiis,istinc unde tantum tumultum uides metus est e mari et magno spiritu erumpentibus fluuiis
12196,body,573,0,False,,"Ubi non umorem natura disposuit, ut undique nos, cum uoluisset, aggredi posset?",ubi non umorem natura disposuit ut undique nos cum uoluisset aggredi posset,ubi non umorem natura disposuit ut undique nos cum uoluisset aggredi posset
12196,body,573,1,False,,"Mentior, nisi eruentibus terram umor occurrit et, quotiens nos aut auaritia defodit aut aliqua causa penetrare altius cogit, eruendi finis aliquando est.",mentior nisi eruentibus terram umor occurrit et quotiens nos aut auaritia defodit aut aliqua causa penetrare altius cogit eruendi finis aliquando est,mentior nisi eruentibus terram umor occurrit et quotiens nos aut auaritia defodit aut aliqua causa penetrare altius cogit eruendi finis aliquando est
12196,body,573,2,True,,"Adice quod immanes sunt in abdito lacus et multum maris conditi, multum fluminum per operta labentium.",adice quod immanes sunt in abdito lacus et multum maris conditi multum fluminum per operta labentium,adice quod immanes sunt in abdito lacus et multum maris conditi multum fluminum per operta labentium
12196,body,574,0,False,,"Undique ergo erit causa diluuio, cum aliae aquae subterfluant terras, aliae circumfluant, quae diu coercitae uincent et amnes amnibus iungent, paludibus stagna.",undique ergo erit causa diluuio cum aliae aquae subterfluant terras aliae circumfluant quae diu coercitae uincent et amnes amnibus iungent paludibus stagna,undique ergo erit causa diluuio cum aliae aquae subterfluant terras aliae circumfluant quae diu coercitae uincent et amnes amnibus iungent paludibus stagna
12196,body,574,1,False,,Omnium tunc mare ora fontium im implebit et maiore hiatu soluet.,omnium tunc mare ora fontium im implebit et maiore hiatu soluet,omnium tunc mare ora fontium im implebit et maiore hiatu soluet
12196,body,574,2,False,,"Quemadmodum corpora nostra ad egestum uenter exhaurit, quemadmodum in sudorem eunt uires, ita tellus liquefiet et aliis causis quiescentibus intra se quo mergatur inueniet.",quemadmodum corpora nostra ad egestum uenter exhaurit quemadmodum in sudorem eunt uires ita tellus liquefiet et aliis causis quiescentibus intra se quo mergatur inueniet,quemadmodum corpora nostra ad egestum uenter exhaurit quemadmodum in sudorem eunt uires ita tellus liquefiet et aliis causis quiescentibus intra se quo mergatur inueniet
12196,body,574,3,True,,Sed magis omma coitura crediderim.,sed magis omma coitura crediderim,sed magis omma coitura crediderim
12196,body,575,0,False,,Nec longa erit mora exitii: temptatur diuelliturque concordia.,nec longa erit mora exitii temptatur diuelliturque concordia,nec longa erit mora exitii temptatur diuelliturque concordia
12196,body,575,1,True,,"Cum semel aliquid ex hac idonea diligentia remiserit mundus, statim undique ex aperto et abdito, superne, ab infimo, aquarum fiet irruptio.",cum semel aliquid ex hac idonea diligentia remiserit mundus statim undique ex aperto et abdito superne ab infimo aquarum fiet irruptio,cum semel aliquid ex hac idonea diligentia remiserit mundus statim undique ex aperto et abdito superne ab infimo aquarum fiet irruptio
12196,body,576,0,False,,"Nihil est tam uiolentum, tam incontinens sui, tam contumax infestumque retinentibus quam magna uis undae: utetur libertate permissa et iubente natura, quae scindit circuitque complebit.",nihil est tam uiolentum tam incontinens sui tam contumax infestumque retinentibus quam magna uis undae utetur libertate permissa et iubente natura quae scindit circuitque complebit,nihil est tam uiolentum tam incontinens sui tam contumax infestumque retinentibus quam magna uis undae utetur libertate permissa et iubente natura quae scindit circuitque complebit
12196,body,576,1,True,,"Ut ignis diuersis locis ortus cito miscet incendium flammis coire properantibus, sic momento se redundantia pluribus locis maria committent.",ut ignis diuersis locis ortus cito miscet incendium flammis coire properantibus sic momento se redundantia pluribus locis maria committent,ut ignis diuersis locis ortus cito miscet incendium flammis coire properantibus sic momento se redundantia pluribus locis maria committent
12196,body,577,0,True,,"Nec ea semper licentia undis erit, sed peracto exitio generis humani extinctisque pariter feris, in quarum homines ingenia transierant, iterum aquas terra sorbebit, terra pelagus stare aut intra terminos suos furere coget, et reiectus e nostris sedibus in sua secreta pelletur oceanus et antiquus ordo reuocabitur.",nec ea semper licentia undis erit sed peracto exitio generis humani extinctisque pariter feris in quarum homines ingenia transierant iterum aquas terra sorbebit terra pelagus stare aut intra terminos suos furere coget et reiectus e nostris sedibus in sua secreta pelletur oceanus et antiquus ordo reuocabitur,nec ea semper licentia undis erit sed peracto exitio generis humani extinctisque pariter feris in quarum homines ingenia transierant iterum aquas terra sorbebit terra pelagus stare aut intra terminos suos furere coget et reiectus e nostris sedibus in sua secreta pelletur oceanus et antiquus ordo reuocabitur
12196,body,578,0,False,,Omne ex integro animal generabitur dabiturque terris homo inscius scelerum et melioribus auspiciis natus.,omne ex integro animal generabitur dabiturque terris homo inscius scelerum et melioribus auspiciis natus,omne ex integro animal generabitur dabiturque terris homo inscius scelerum et melioribus auspiciis natus
12196,body,578,1,False,,"Sed illis quoque innocentia non durabit, nisi dum noui sunt; cito nequitia subrepit.",sed illis quoque innocentia non durabit nisi dum noui sunt cito nequitia subrepit,sed illis quoque innocentia non durabit nisi dum noui sunt cito nequitia subrepit
12196,body,578,2,True,,"Uirtus difficilis inuentu est, rectorem ducemque desiderat: etiam sine magistro uitia discuntur.",uirtus difficilis inuentu est rectorem ducemque desiderat etiam sine magistro uitia discuntur,uirtus difficilis inuentu est rectorem ducemque desiderat etiam sine magistro uitia discuntur
12196,head,579,0,True,,Liber IV De nili incremento,liber iv de nili incremento,liber iu de nili incremento
12196,head,580,0,True,,PRAEFATIO,praefatio,praefatio
12196,body,581,0,False,,"Delectat te, quemadmodum scribis, Lucili uirorum optime, Sicilia et officium procurationis otiosae, delectabitque, si continere id intra fines suos uolueris nec efficere imperium quod est procuratio.",delectat te quemadmodum scribis lucili uirorum optime sicilia et officium procurationis otiosae delectabitque si continere id intra fines suos uolueris nec efficere imperium quod est procuratio,delectat te quemadmodum scribis lucili uirorum optime sicilia et officium procurationis otiosae delectabitque si continere id intra fines suos uolueris nec efficere imperium quod est procuratio
12196,body,581,1,False,,"Facturum hoc te non dubito; scio quam sis ambitioni alienus, quam familiaris otio et litteris.",facturum hoc te non dubito scio quam sis ambitioni alienus quam familiaris otio et litteris,facturum hoc te non dubito scio quam sis ambitioni alienus quam familiaris otio et litteris
12196,body,581,2,True,,Turbam rerum hominumque desiderent qui se pati nesciunt: tibi tecum optime conuenit.,turbam rerum hominumque desiderent qui se pati nesciunt tibi tecum optime conuenit,turbam rerum hominumque desiderent qui se pati nesciunt tibi tecum optime conuenit
12196,body,582,0,False,,Nec est mirum paucis istud contingere.,nec est mirum paucis istud contingere,nec est mirum paucis istud contingere
12196,body,582,1,False,,"Imperiosi nobis ipsi ac molesti sumus; modo amore nostri, modo taedio laboramus; infelicem animum nunc superbia inflamus, nunc cupiditate distendimus; alias uoluptate lassamus, alias sollicitudine exurimus; quod est miserrimum, numquam sumus singuli.",imperiosi nobis ipsi ac molesti sumus modo amore nostri modo taedio laboramus infelicem animum nunc superbia inflamus nunc cupiditate distendimus alias uoluptate lassamus alias sollicitudine exurimus quod est miserrimum numquam sumus singuli,imperiosi nobis ipsi ac molesti sumus modo amore nostri modo taedio laboramus infelicem animum nunc superbia inflamus nunc cupiditate distendimus alias uoluptate lassamus alias sollicitudine exurimus quod est miserrimum numquam sumus singuli
12196,body,582,2,True,,Necesse est itaque assidua sit in tam magno uitiorum contubernio rixa.,necesse est itaque assidua sit in tam magno uitiorum contubernio rixa,necesse est itaque assidua sit in tam magno uitiorum contubernio rixa
12196,body,583,0,False,,"Fac ergo, mi Lucili, quod facere consuesti; a turba te, quantum potes, separa, ne adulatoribus latus praebeas.",fac ergo mi lucili quod facere consuesti a turba te quantum potes separa ne adulatoribus latus praebeas,fac ergo mi lucili quod facere consuesti a turba te quantum potes separa ne adulatoribus latus praebeas
12196,body,583,1,False,,"Artifices sunt ad captandos superiores: par illis, etiamsi bene caueris, non eris.",artifices sunt ad captandos superiores par illis etiamsi bene caueris non eris,artifices sunt ad captandos superiores par illis etiamsi bene caueris non eris
12196,body,583,2,True,,"Sed mihi crede: proditioni, si capieris, ipse te trades.",sed mihi crede proditioni si capieris ipse te trades,sed mihi crede proditioni si capieris ipse te trades
12196,body,584,0,False,,Habent hoc in se naturale blanditiae: etiam cum reiciuntur placent; saepe exclusae nouissime recipiuntur.,habent hoc in se naturale blanditiae etiam cum reiciuntur placent saepe exclusae nouissime recipiuntur,habent hoc in se naturale blanditiae etiam cum reiciuntur placent saepe exclusae nouissime recipiuntur
12196,body,584,1,False,,"Hoc enim ipsum imputant, quod repelluntur, et subigi ne contumelia quidem possunt.",hoc enim ipsum imputant quod repelluntur et subigi ne contumelia quidem possunt,hoc enim ipsum imputant quod repelluntur et subigi ne contumelia quidem possunt
12196,body,584,2,True,,"Incredibile est quod dicturus sum, sed tamen uerum: ea maxime quisque patet, qua petitur; fortasse enim ideo, quia patet, petitur.",incredibile est quod dicturus sum sed tamen uerum ea maxime quisque patet qua petitur fortasse enim ideo quia patet petitur,incredibile est quod dicturus sum sed tamen uerum ea maxime quisque patet qua petitur fortasse enim ideo quia patet petitur
12196,body,585,0,False,,"Sic ergo formare, ut scias non posse te consequi, ut sis impenetrabilis: cum omnia caueris, per ornamenta ferieris.",sic ergo formare ut scias non posse te consequi ut sis impenetrabilis cum omnia caueris per ornamenta ferieris,sic ergo formare ut scias non posse te consequi ut sis impenetrabilis cum omnia caueris per ornamenta ferieris
12196,body,585,1,False,,"Alius adulatione clam utetur, parce, alius ex aperto, palam, rusticitate simulata, quasi simplicitas illa, non ars sit.",alius adulatione clam utetur parce alius ex aperto palam rusticitate simulata quasi simplicitas illa non ars sit,alius adulatione clam utetur parce alius ex aperto palam rusticitate simulata quasi simplicitas illa non ars sit
12196,body,585,2,True,,"Plancus, artifex ante Vitellium maximus, aiebat non esse occulte nec ex dissimulato blandiendum: ""Perit, inquit, procari, si latet. """,plancus artifex ante vitellium maximus aiebat non esse occulte nec ex dissimulato blandiendum perit inquit procari si latet,plancus artifex ante uitellium maximus aiebat non esse occulte nec ex dissimulato blandiendum perit inquit procari si latet
12196,body,586,0,False,,"Plurimum adulator, cum deprehensus est, proficit; plus etiamnunc, si obiurgatus est, si erubuit.",plurimum adulator cum deprehensus est proficit plus etiamnunc si obiurgatus est si erubuit,plurimum adulator cum deprehensus est proficit plus etiamnunc si obiurgatus est si erubuit
12196,body,586,1,False,,"Futuros multos in persona tua Plancos cogita et hoc non esse remedium tanti mali, nolle laudari.",futuros multos in persona tua plancos cogita et hoc non esse remedium tanti mali nolle laudari,futuros multos in persona tua plancos cogita et hoc non esse remedium tanti mali nolle laudari
12196,body,586,2,True,,"Crispus Passienus, quo ego nil cognoui subtilius in omnibus quidem rebus, maxime in distinguendis et curandis uitiis, saepe dicebat adulationi nos non claudere ostium sed operire, et quidem sic, quemadmodum opponi amicae solet: quae, si impulit, grata est; gratior, si effregit.",crispus passienus quo ego nil cognoui subtilius in omnibus quidem rebus maxime in distinguendis et curandis uitiis saepe dicebat adulationi nos non claudere ostium sed operire et quidem sic quemadmodum opponi amicae solet quae si impulit grata est gratior si effregit,crispus passienus quo ego nil cognoui subtilius in omnibus quidem rebus maxime in distinguendis et curandis uitiis saepe dicebat adulationi nos non claudere ostium sed operire et quidem sic quemadmodum opponi amicae solet quae si impulit grata est gratior si effregit
12196,body,587,0,False,,"Demetrium egregium uirum memini dicere cuidam libertino potenti facilem sibi esse ad diuitias uiam, quo die paenituisset bonae mentis.",demetrium egregium uirum memini dicere cuidam libertino potenti facilem sibi esse ad diuitias uiam quo die paenituisset bonae mentis,demetrium egregium uirum memini dicere cuidam libertino potenti facilem sibi esse ad diuitias uiam quo die paenituisset bonae mentis
12196,body,587,1,True,,"""Nec inuidebo, inquit, uobis hac arte, sed docebo eos, quibus quaesito opus est, quemadmodum non dubiam fortunam maris, non emendi uendendique litem subeant, non incertam fidem ruris, incertiorem fori temptent, quemadmodum non solum facili sed etiam hilari uia pecuniam faciant gaudentesque despolient. """,nec inuidebo inquit uobis hac arte sed docebo eos quibus quaesito opus est quemadmodum non dubiam fortunam maris non emendi uendendique litem subeant non incertam fidem ruris incertiorem fori temptent quemadmodum non solum facili sed etiam hilari uia pecuniam faciant gaudentesque despolient,nec inuidebo inquit uobis hac arte sed docebo eos quibus quaesito opus est quemadmodum non dubiam fortunam maris non emendi uendendique litem subeant non incertam fidem ruris incertiorem fori temptent quemadmodum non solum facili sed etiam hilari uia pecuniam faciant gaudentesque despolient
12196,body,588,0,False,,"""Te, inquit, longiorem Fido Annaeo iurabo et Apollonio pycte, quamuis staturam habeas pithecii cum Thraece compositi.",te inquit longiorem fido annaeo iurabo et apollonio pycte quamuis staturam habeas pithecii cum thraece compositi,te inquit longiorem fido annaeo iurabo et apollonio pycte quamuis staturam habeas pithecii cum thraece compositi
12196,body,588,1,True,,"Hominem quidem non esse ullum liberaliorem non mentiar, cum possis uideri omnibus donasse quicquid dereliquisti. """,hominem quidem non esse ullum liberaliorem non mentiar cum possis uideri omnibus donasse quicquid dereliquisti,hominem quidem non esse ullum liberaliorem non mentiar cum possis uideri omnibus donasse quicquid dereliquisti
12196,body,589,0,False,,"Ita est, mi Iunior: quo apertior est adulatio, quo improbior, quo magis frontem suam perfricuit, cecidit alienam, hoc citius expugnat.",ita est mi iunior quo apertior est adulatio quo improbior quo magis frontem suam perfricuit cecidit alienam hoc citius expugnat,ita est mi iunior quo apertior est adulatio quo improbior quo magis frontem suam perfricuit cecidit alienam hoc citius expugnat
12196,body,589,1,True,,"Eo enim iam dementiae uenimus, ut qui parce adulatur, pro maligno sit.",eo enim iam dementiae uenimus ut qui parce adulatur pro maligno sit,eo enim iam dementiae uenimus ut qui parce adulatur pro maligno sit
12196,body,590,0,False,,"Solebam tibi dicere Gallionem si, fratrem meum, quem nemo non parum amat, etiam qui amare plus non potest, alia uitia non nosse, hoc eum odisse.",solebam tibi dicere gallionem si fratrem meum quem nemo non parum amat etiam qui amare plus non potest alia uitia non nosse hoc eum odisse,solebam tibi dicere gallionem si fratrem meum quem nemo non parum amat etiam qui amare plus non potest alia uitia non nosse hoc eum odisse
12196,body,590,1,True,,"Ab omni illum parte temptasti: ingenium suspicere coepisti omnium maximum et dignissimum, quod consecrari mallet quam conteri: pedes abstulit; frugalitatem laudare coepisti, quae sic a nostris moribus resiluit, ut illos nec habere nec damnare uideatur: prima statim uerba praecidit;",ab omni illum parte temptasti ingenium suspicere coepisti omnium maximum et dignissimum quod consecrari mallet quam conteri pedes abstulit frugalitatem laudare coepisti quae sic a nostris moribus resiluit ut illos nec habere nec damnare uideatur prima statim uerba praecidit,ab omni illum parte temptasti ingenium suspicere coepisti omnium maximum et dignissimum quod consecrari mallet quam conteri pedes abstulit frugalitatem laudare coepisti quae sic a nostris moribus resiluit ut illos nec habere nec damnare uideatur prima statim uerba praecidit
12196,body,591,0,True,,"coepisti mirari comitatem et in compositam suauitatem, quae illos quoque quos transit abducit, gratuitum etiam in obuios meritum (nemo enim mortalium uni tam dulcis est quam hic omnibus, cum interim – tanta naturalis boni uis est, ubi artem simulationemque non redolet – nemo non imputari sibi bonitatem publicam petitur): hoc quoque loco blanditiis tuis restitit, ut exclamares inuenisse te inexpugnabilem uirum aduersus insidias, quas nemo non in sinum recipit.",coepisti mirari comitatem et in compositam suauitatem quae illos quoque quos transit abducit gratuitum etiam in obuios meritum nemo enim mortalium uni tam dulcis est quam hic omnibus cum interim tanta naturalis boni uis est ubi artem simulationemque non redolet nemo non imputari sibi bonitatem publicam petitur hoc quoque loco blanditiis tuis restitit ut exclamares inuenisse te inexpugnabilem uirum aduersus insidias quas nemo non in sinum recipit,coepisti mirari comitatem et in compositam suauitatem quae illos quoque quos transit abducit gratuitum etiam in obuios meritum nemo enim mortalium uni tam dulcis est quam hic omnibus cum interim tanta naturalis boni uis est ubi artem simulationemque non redolet nemo non imputari sibi bonitatem publicam petitur hoc quoque loco blanditiis tuis restitit ut exclamares inuenisse te inexpugnabilem uirum aduersus insidias quas nemo non in sinum recipit
12196,body,592,0,False,,"Eo quidem magis hanc eius prudentiam et in euitando ineuitabili malo pertinaciam te suspicere confessus es, quia speraueras posse apertis auribus recipi, quamuis blanda diceres, quia uera dicebas.",eo quidem magis hanc eius prudentiam et in euitando ineuitabili malo pertinaciam te suspicere confessus es quia speraueras posse apertis auribus recipi quamuis blanda diceres quia uera dicebas,eo quidem magis hanc eius prudentiam et in euitando ineuitabili malo pertinaciam te suspicere confessus es quia speraueras posse apertis auribus recipi quamuis blanda diceres quia uera dicebas
12196,body,592,1,False,,Sed eo magis intellexit obstandum: semper enim falsis a uero petitur ueri ‹aucto›ritas.,sed eo magis intellexit obstandum semper enim falsis a uero petitur ueri auctoritas,sed eo magis intellexit obstandum semper enim falsis a uero petitur ueri auctoritas
12196,body,592,2,True,,"Nolo tamen displiceas tibi, quasi male egeris minium et quasi ille aliquid iocorum aut doli suspicatus sit: non deprehendit te sed reppulit.",nolo tamen displiceas tibi quasi male egeris minium et quasi ille aliquid iocorum aut doli suspicatus sit non deprehendit te sed reppulit,nolo tamen displiceas tibi quasi male egeris minium et quasi ille aliquid iocorum aut doli suspicatus sit non deprehendit te sed reppulit
12196,body,593,0,False,,Ad hoc exemplar componere.,ad hoc exemplar componere,ad hoc exemplar componere
12196,body,593,1,False,,"Cum quis ad te adulator accesserit, dicito: ""Vis tu ista uerba, quae iam ab alio magistratu ad alium cum lictoribus transeunt, ferre ad aliquem, qui paria facturus uult quicquid dixerit audire?",cum quis ad te adulator accesserit dicito vis tu ista uerba quae iam ab alio magistratu ad alium cum lictoribus transeunt ferre ad aliquem qui paria facturus uult quicquid dixerit audire,cum quis ad te adulator accesserit dicito uis tu ista uerba quae iam ab alio magistratu ad alium cum lictoribus transeunt ferre ad aliquem qui paria facturus uult quicquid dixerit audire
12196,body,593,2,False,,"Ego nec decipere uolo nec decipi possum: laudari me a uobis, nisi laudaretis etiam malos, uellem"".",ego nec decipere uolo nec decipi possum laudari me a uobis nisi laudaretis etiam malos uellem,ego nec decipere uolo nec decipi possum laudari me a uobis nisi laudaretis etiam malos uellem
12196,body,593,3,False,,"Quid autem necesse est in hoc descendere, ut te petere comminus possint?",quid autem necesse est in hoc descendere ut te petere comminus possint,quid autem necesse est in hoc descendere ut te petere comminus possint
12196,body,593,4,True,,Longum inter uos interuallum sit.,longum inter uos interuallum sit,longum inter uos interuallum sit
12196,body,594,0,False,,"Cum cupieris bene laudari, quare hoc ulli debeas?",cum cupieris bene laudari quare hoc ulli debeas,cum cupieris bene laudari quare hoc ulli debeas
12196,body,594,1,False,,"Ipse te lauda, dic: Liberalibus me studiis tradidi.",ipse te lauda dic liberalibus me studiis tradidi,ipse te lauda dic liberalibus me studiis tradidi
12196,body,594,2,True,,"Quamquam paupertas alia suaderet et ingenium eo duceret ubi praesens studii pretium est, ad gratuita carmina deflexi me et ad salutare philosophiae contuli studium.",quamquam paupertas alia suaderet et ingenium eo duceret ubi praesens studii pretium est ad gratuita carmina deflexi me et ad salutare philosophiae contuli studium,quamquam paupertas alia suaderet et ingenium eo duceret ubi praesens studii pretium est ad gratuita carmina deflexi me et ad salutare philosophiae contuli studium
12196,body,595,0,False,,"Ostendi in omne pectus cadere uirtutem et, eluctatus natalium angustias nec sorte me sed animo mensus, par maximis steti.",ostendi in omne pectus cadere uirtutem et eluctatus natalium angustias nec sorte me sed animo mensus par maximis steti,ostendi in omne pectus cadere uirtutem et eluctatus natalium angustias nec sorte me sed animo mensus par maximis steti
12196,body,595,1,True,,"Non mihi in amicitia Gaetulici Gaius fidem eripuit; non in aliorum persona infeliciter amatorum Messallina et Narcissus, diu publici hostes antequam sui, propositum meum potuerunt euertere: ceruicem pro fide opposui; nullum uerbum mihi, quod non salua bona conscientia procederet, excussum est; pro amicis omnia timui, pro me nihil, nisi ne parum bonus amicus fuissem.",non mihi in amicitia gaetulici gaius fidem eripuit non in aliorum persona infeliciter amatorum messallina et narcissus diu publici hostes antequam sui propositum meum potuerunt euertere ceruicem pro fide opposui nullum uerbum mihi quod non salua bona conscientia procederet excussum est pro amicis omnia timui pro me nihil nisi ne parum bonus amicus fuissem,non mihi in amicitia gaetulici gaius fidem eripuit non in aliorum persona infeliciter amatorum messallina et narcissus diu publici hostes antequam sui propositum meum potuerunt euertere ceruicem pro fide opposui nullum uerbum mihi quod non salua bona conscientia procederet excussum est pro amicis omnia timui pro me nihil nisi ne parum bonus amicus fuissem
12196,body,596,0,False,,Non mihi muliebres fluxere lacrimae; non e manibus ullius supplex pependi; nihil indecorum nec bono nec uiro feci.,non mihi muliebres fluxere lacrimae non e manibus ullius supplex pependi nihil indecorum nec bono nec uiro feci,non mihi muliebres fluxere lacrimae non e manibus ullius supplex pependi nihil indecorum nec bono nec uiro feci
12196,body,596,1,True,,"Periculis meis maior, paratus ire in ea quae minabantur, egi gratias fortunae, quod experiri uoluisset quanti aestimarem fidem (non debebat mihi paruo res tanta constare); ne examinaui quidem diu (neque enim paria pendebant), utrum satius esset me perire pro fide an fidem pro me;",periculis meis maior paratus ire in ea quae minabantur egi gratias fortunae quod experiri uoluisset quanti aestimarem fidem non debebat mihi paruo res tanta constare ne examinaui quidem diu neque enim paria pendebant utrum satius esset me perire pro fide an fidem pro me,periculis meis maior paratus ire in ea quae minabantur egi gratias fortunae quod experiri uoluisset quanti aestimarem fidem non debebat mihi paruo res tanta constare ne examinaui quidem diu neque enim paria pendebant utrum satius esset me perire pro fide an fidem pro me
12196,body,597,0,False,,"non praecipiti impetu in ultimum consilium, quo me eriperem furori potentium, misi.",non praecipiti impetu in ultimum consilium quo me eriperem furori potentium misi,non praecipiti impetu in ultimum consilium quo me eriperem furori potentium misi
12196,body,597,1,True,,"Uidebam apud Gaium tormenta, uidebam ignes, sciebam olim sub illo in eum statum res humanas decidisse, ut inter misericordiae exempla haberentur occisi: non tamen ferro incubui nec in mare aperto ore desilui, ne uiderer pro fide tantum mori posse.",uidebam apud gaium tormenta uidebam ignes sciebam olim sub illo in eum statum res humanas decidisse ut inter misericordiae exempla haberentur occisi non tamen ferro incubui nec in mare aperto ore desilui ne uiderer pro fide tantum mori posse,uidebam apud gaium tormenta uidebam ignes sciebam olim sub illo in eum statum res humanas decidisse ut inter misericordiae exempla haberentur occisi non tamen ferro incubui nec in mare aperto ore desilui ne uiderer pro fide tantum mori posse
12196,body,598,0,False,,"Adice inuictum muneribus animum et in tanto auaritiae certamme numquam suppositam manum lucro; adice uictus parsimoniam, sermonis modestiam se, aduersus minores humanitatem, aduersus maiores reuerentiam.",adice inuictum muneribus animum et in tanto auaritiae certamme numquam suppositam manum lucro adice uictus parsimoniam sermonis modestiam se aduersus minores humanitatem aduersus maiores reuerentiam,adice inuictum muneribus animum et in tanto auaritiae certamme numquam suppositam manum lucro adice uictus parsimoniam sermonis modestiam se aduersus minores humanitatem aduersus maiores reuerentiam
12196,body,598,1,True,,"Post haec ipse te consule, uerane an falsa memoraueris: si uera surit, coram magno teste laudatus es; si falsa, sine teste derisus es.",post haec ipse te consule uerane an falsa memoraueris si uera surit coram magno teste laudatus es si falsa sine teste derisus es,post haec ipse te consule uerane an falsa memoraueris si uera surit coram magno teste laudatus es si falsa sine teste derisus es
12196,body,599,0,False,,Possum et ipse nunc uideri te aut captare aut experiri: utrumlibet crede et omnes timere a me incipe.,possum et ipse nunc uideri te aut captare aut experiri utrumlibet crede et omnes timere a me incipe,possum et ipse nunc uideri te aut captare aut experiri utrumlibet crede et omnes timere a me incipe
12196,body,599,1,False,,"Vergilianum illud exaudi ""nusquam tuta fides"", aut Ouidianum ""qua terra patet, fera regnat Erinys: in facinus iurasse putes"", aut illud Menandri (quis enim non in hoc magnitudinem ingenii sui concitauit, detestatus consensum humani generis tendentis ad uitia?",vergilianum illud exaudi nusquam tuta fides aut ouidianum qua terra patet fera regnat erinys in facinus iurasse putes aut illud menandri quis enim non in hoc magnitudinem ingenii sui concitauit detestatus consensum humani generis tendentis ad uitia,uergilianum illud exaudi nusquam tuta fides aut ouidianum qua terra patet fera regnat erinys in facinus iurasse putes aut illud menandri quis enim non in hoc magnitudinem ingenii sui concitauit detestatus consensum humani generis tendentis ad uitia
12196,body,599,2,True,,"): omnes ait malos uiuere et in scaenam uelut rusticus poeta prosiluit; non senem excipit, non puerum, non feminam, non uirum, et adicit non singulos peccare nec paucos, sed iam scelus esse contextum.",omnes ait malos uiuere et in scaenam uelut rusticus poeta prosiluit non senem excipit non puerum non feminam non uirum et adicit non singulos peccare nec paucos sed iam scelus esse contextum,omnes ait malos uiuere et in scaenam uelut rusticus poeta prosiluit non senem excipit non puerum non feminam non uirum et adicit non singulos peccare nec paucos sed iam scelus esse contextum
12196,body,600,0,False,,Fugiendum ergo et in se recedendum est; immo etiam a se recedendum.,fugiendum ergo et in se recedendum est immo etiam a se recedendum,fugiendum ergo et in se recedendum est immo etiam a se recedendum
12196,body,600,1,True,,"Hoc tibi, etsi diuidimur mari, praestare temptabo, ut subinde te iniecta manu ad meliora perducam, et, ne solitudinem sentias, hinc tecum miscebo sermones: erimus una, qua parte optimi sumus; dabimus inuicem consilia non ex uultu audientis pendentia;",hoc tibi etsi diuidimur mari praestare temptabo ut subinde te iniecta manu ad meliora perducam et ne solitudinem sentias hinc tecum miscebo sermones erimus una qua parte optimi sumus dabimus inuicem consilia non ex uultu audientis pendentia,hoc tibi etsi diuidimur mari praestare temptabo ut subinde te iniecta manu ad meliora perducam et ne solitudinem sentias hinc tecum miscebo sermones erimus una qua parte optimi sumus dabimus inuicem consilia non ex uultu audientis pendentia
12196,body,601,0,True,,"longe te ab ista prouincia abducam, ne forte magnam historiis esse fidem credas et placere tibi incipias, quotiens cogitaueris: ""Hanc ego habeo sub meo iure prouinciam, quae maximarum urbium exercitus et sustinuit et fregit, cum inter Carthaginem et Romam ingentis belli pretium iacuit; quae quattuor Romanorum principum, id est totius imperii, uires contractas in unum locum uidit aluitque, Pompeii fortunam flexit, Caesaris fatigauit, Lepidi transtulit, omnium cepit;",longe te ab ista prouincia abducam ne forte magnam historiis esse fidem credas et placere tibi incipias quotiens cogitaueris hanc ego habeo sub meo iure prouinciam quae maximarum urbium exercitus et sustinuit et fregit cum inter carthaginem et romam ingentis belli pretium iacuit quae quattuor romanorum principum id est totius imperii uires contractas in unum locum uidit aluitque pompeii fortunam flexit caesaris fatigauit lepidi transtulit omnium cepit,longe te ab ista prouincia abducam ne forte magnam historiis esse fidem credas et placere tibi incipias quotiens cogitaueris hanc ego habeo sub meo iure prouinciam quae maximarum urbium exercitus et sustinuit et fregit cum inter carthaginem et romam ingentis belli pretium iacuit quae quattuor romanorum principum id est totius imperii uires contractas in unum locum uidit aluitque pompeii fortunam flexit caesaris fatigauit lepidi transtulit omnium cepit
12196,body,602,0,True,,"quae illi ingenti spectaculo interfuit, ex quo liquere mortalibus posset quam uelox foret ad imum lapsus e summo, quamque diuersa uia magnam potentiam fortuna destrueret: uno enim tempore uidit Pompeium Lepidumque ex maximo fastigio aliter ad extrema deiectos, cum Pompeius alienum exercitum fugeret, Lepidus suum"".",quae illi ingenti spectaculo interfuit ex quo liquere mortalibus posset quam uelox foret ad imum lapsus e summo quamque diuersa uia magnam potentiam fortuna destrueret uno enim tempore uidit pompeium lepidumque ex maximo fastigio aliter ad extrema deiectos cum pompeius alienum exercitum fugeret lepidus suum,quae illi ingenti spectaculo interfuit ex quo liquere mortalibus posset quam uelox foret ad imum lapsus e summo quamque diuersa uia magnam potentiam fortuna destrueret uno enim tempore uidit pompeium lepidumque ex maximo fastigio aliter ad extrema deiectos cum pompeius alienum exercitum fugeret lepidus suum
12196,head,603,0,True,,CAPUT 1,caput,caput
12196,body,604,0,False,,"Itaque, ut totum inde te abducam, quamuis multa habeat Sicilia in se circaque se mirabilia, omnes interim prouinciae tuae quaestiones praeteribo et in diuersum cogitationes tuas abstraham.",itaque ut totum inde te abducam quamuis multa habeat sicilia in se circaque se mirabilia omnes interim prouinciae tuae quaestiones praeteribo et in diuersum cogitationes tuas abstraham,itaque ut totum inde te abducam quamuis multa habeat sicilia in se circaque se mirabilia omnes interim prouinciae tuae quaestiones praeteribo et in diuersum cogitationes tuas abstraham
12196,body,604,1,False,,"Quaeram enim tecum id quod libro superiore distuli, quid ita Nilus aestiuis mensibus abundet.",quaeram enim tecum id quod libro superiore distuli quid ita nilus aestiuis mensibus abundet,quaeram enim tecum id quod libro superiore distuli quid ita nilus aestiuis mensibus abundet
12196,body,604,2,True,,"Cui Danuuium similem habere naturam philosophi tradiderunt, quod et fontis ignoti et aestate quam hieme maior sit.",cui danuuium similem habere naturam philosophi tradiderunt quod et fontis ignoti et aestate quam hieme maior sit,cui danuuium similem habere naturam philosophi tradiderunt quod et fontis ignoti et aestate quam hieme maior sit
12196,body,605,0,False,,"Utrumque apparuit falsum: nam et caput eius in Germania esse comperimus, et aestate quidem incipit crescere sed, adhuc manente intra mensuram suam Nilo, primis caloribus, cum sol uehementior intra extrema ueris niues mollit, quas ante consumit quam tumescere Nilus incipiat; reliquo uero aestatis minuitur et ad hibernam magnitudinem redit atque ex ea demittitur.",utrumque apparuit falsum nam et caput eius in germania esse comperimus et aestate quidem incipit crescere sed adhuc manente intra mensuram suam nilo primis caloribus cum sol uehementior intra extrema ueris niues mollit quas ante consumit quam tumescere nilus incipiat reliquo uero aestatis minuitur et ad hibernam magnitudinem redit atque ex ea demittitur,utrumque apparuit falsum nam et caput eius in germania esse comperimus et aestate quidem incipit crescere sed adhuc manente intra mensuram suam nilo primis caloribus cum sol uehementior intra extrema ueris niues mollit quas ante consumit quam tumescere nilus incipiat reliquo uero aestatis minuitur et ad hibernam magnitudinem redit atque ex ea demittitur
12196,body,605,1,True,,At Nilus ante exortum Caniculae augetur mediis aestibus ultra aequinoctium.,at nilus ante exortum caniculae augetur mediis aestibus ultra aequinoctium,at nilus ante exortum caniculae augetur mediis aestibus ultra aequinoctium
12196,head,606,0,True,,CAPUT 2,caput,caput
12196,body,607,0,False,,"Hunc nobilissimum amnium natura extulit ante humani generis oculos et ita disposuit, ut eo tempore inundaret Aegyptum quo maxime usta feruoribus terra undas altius traheret, tantum usura quantum siccitati annuae sufficere possit.",hunc nobilissimum amnium natura extulit ante humani generis oculos et ita disposuit ut eo tempore inundaret aegyptum quo maxime usta feruoribus terra undas altius traheret tantum usura quantum siccitati annuae sufficere possit,hunc nobilissimum amnium natura extulit ante humani generis oculos et ita disposuit ut eo tempore inundaret aegyptum quo maxime usta feruoribus terra undas altius traheret tantum usura quantum siccitati annuae sufficere possit
12196,body,607,1,True,,"Nam in ea parte, quae in Aethiopiam uergit, aut nulli imbres sunt aut rari et qui insuetam aquis caelestibus terrain non adiuuent.",nam in ea parte quae in aethiopiam uergit aut nulli imbres sunt aut rari et qui insuetam aquis caelestibus terrain non adiuuent,nam in ea parte quae in aethiopiam uergit aut nulli imbres sunt aut rari et qui insuetam aquis caelestibus terrain non adiuuent
12196,body,608,0,False,,"Unam, ut scis, Aegyptus in hoc spem suam habet: proinde aut sterilis annus aut fertilis est, prout ille magnus influxit aut parcior; ""nemo aratorum respicit caelum"".",unam ut scis aegyptus in hoc spem suam habet proinde aut sterilis annus aut fertilis est prout ille magnus influxit aut parcior nemo aratorum respicit caelum,unam ut scis aegyptus in hoc spem suam habet proinde aut sterilis annus aut fertilis est prout ille magnus influxit aut parcior nemo aratorum respicit caelum
12196,body,608,1,True,,"Quare non cum poeta meo iocor et illi Ouidium a suum impingo, qui ait ""nec Pluuio supplicat herba Ioui""?",quare non cum poeta meo iocor et illi ouidium a suum impingo qui ait nec pluuio supplicat herba ioui,quare non cum poeta meo iocor et illi ouidium a suum impingo qui ait nec pluuio supplicat herba ioui
12196,body,609,0,False,,"Unde crescere incipiat si comprehendi posset, causae quoque incrementi inuenirentur: nunc uero magnas solitudines peruagatus et in paludes diffusus ‹flexibusque in›gentibus sparsus circa Philas primum ex uago et errante colligitur.",unde crescere incipiat si comprehendi posset causae quoque incrementi inuenirentur nunc uero magnas solitudines peruagatus et in paludes diffusus flexibusque ingentibus sparsus circa philas primum ex uago et errante colligitur,unde crescere incipiat si comprehendi posset causae quoque incrementi inuenirentur nunc uero magnas solitudines peruagatus et in paludes diffusus flexibusque ingentibus sparsus circa philas primum ex uago et errante colligitur
12196,body,609,1,True,,"Philae insula est aspera et undique prearupta; duobus in unum coituris amnibus bus cingitur, qui Nilo mutantur et eius nomen ferunt; urbem totam complectitur.",philae insula est aspera et undique prearupta duobus in unum coituris amnibus bus cingitur qui nilo mutantur et eius nomen ferunt urbem totam complectitur,philae insula est aspera et undique prearupta duobus in unum coituris amnibus bus cingitur qui nilo mutantur et eius nomen ferunt urbem totam complectitur
12196,body,610,0,False,,"Ab hac Nilus magnus magis quam uiolentus egressus, Aethiopiam harenasque, per quas iter ad commercia Indici maris est, praelabitur.",ab hac nilus magnus magis quam uiolentus egressus aethiopiam harenasque per quas iter ad commercia indici maris est praelabitur,ab hac nilus magnus magis quam uiolentus egressus aethiopiam harenasque per quas iter ad commercia indici maris est praelabitur
12196,body,610,1,True,,"Excipiunt eum Cataractae, nobilis insigni spectaculo locus:",excipiunt eum cataractae nobilis insigni spectaculo locus,excipiunt eum cataractae nobilis insigni spectaculo locus
12196,body,611,0,False,,ibi per arduas excisasque pluribus locis rupes Nilus insurgit et uires suas concitat.,ibi per arduas excisasque pluribus locis rupes nilus insurgit et uires suas concitat,ibi per arduas excisasque pluribus locis rupes nilus insurgit et uires suas concitat
12196,body,611,1,False,,"Frangitur enim occurrentibus saxis et per angusta eluctatus, ubicumque uincit aut uincitur, fluctuat et illic excitatis primum aquis, quas sine tumultu leni alueo duxerat, uiolentus et torrens per malignos transitus prosilit dissimilis sibi, quippe ad id lutosus et turbidus fluit; at ubi scopulos et acuta cautium uerberauit, spumat, et illi non ex natura sua sed ex iniuria loci color est, tandemque eluctatus obstantia in uastam altitudinem subito destitutus cadit cum ingenti circumiacentium regionum strepitu.",frangitur enim occurrentibus saxis et per angusta eluctatus ubicumque uincit aut uincitur fluctuat et illic excitatis primum aquis quas sine tumultu leni alueo duxerat uiolentus et torrens per malignos transitus prosilit dissimilis sibi quippe ad id lutosus et turbidus fluit at ubi scopulos et acuta cautium uerberauit spumat et illi non ex natura sua sed ex iniuria loci color est tandemque eluctatus obstantia in uastam altitudinem subito destitutus cadit cum ingenti circumiacentium regionum strepitu,frangitur enim occurrentibus saxis et per angusta eluctatus ubicumque uincit aut uincitur fluctuat et illic excitatis primum aquis quas sine tumultu leni alueo duxerat uiolentus et torrens per malignos transitus prosilit dissimilis sibi quippe ad id lutosus et turbidus fluit at ubi scopulos et acuta cautium uerberauit spumat et illi non ex natura sua sed ex iniuria loci color est tandemque eluctatus obstantia in uastam altitudinem subito destitutus cadit cum ingenti circumiacentium regionum strepitu
12196,body,611,2,True,,Quem perferre gens ibi a Persis collocata non potuit obtusis assiduo fragore auribus et ob hoc sedibus ad quietiora translatis.,quem perferre gens ibi a persis collocata non potuit obtusis assiduo fragore auribus et ob hoc sedibus ad quietiora translatis,quem perferre gens ibi a persis collocata non potuit obtusis assiduo fragore auribus et ob hoc sedibus ad quietiora translatis
12196,body,612,0,True,,"Inter miracula fluminis incredibilem incolarum audaciam accepi: bini paruula nauigia conscendunt, quorum alter nauem regit, alter exhaurit; deinde multum inter rapidam insaniam Nili et reciprocos fluctus uolutati tandem tenuissimos canales tenent, per quos angusta rupium effugiunt et, cum toto flumine effusi, nauigium ruens manu temperant magnoque spectantium metu in caput missi, cum iam adploraueris mersosque atque obrutos tanta mole credideris, longe ab eo, in quem cediderunt, loco nauigant tormenti modo missi; nec mergit illos cadens unda sed planis aquis tradit.",inter miracula fluminis incredibilem incolarum audaciam accepi bini paruula nauigia conscendunt quorum alter nauem regit alter exhaurit deinde multum inter rapidam insaniam nili et reciprocos fluctus uolutati tandem tenuissimos canales tenent per quos angusta rupium effugiunt et cum toto flumine effusi nauigium ruens manu temperant magnoque spectantium metu in caput missi cum iam adploraueris mersosque atque obrutos tanta mole credideris longe ab eo in quem cediderunt loco nauigant tormenti modo missi nec mergit illos cadens unda sed planis aquis tradit,inter miracula fluminis incredibilem incolarum audaciam accepi bini paruula nauigia conscendunt quorum alter nauem regit alter exhaurit deinde multum inter rapidam insaniam nili et reciprocos fluctus uolutati tandem tenuissimos canales tenent per quos angusta rupium effugiunt et cum toto flumine effusi nauigium ruens manu temperant magnoque spectantium metu in caput missi cum iam adploraueris mersosque atque obrutos tanta mole credideris longe ab eo in quem cediderunt loco nauigant tormenti modo missi nec mergit illos cadens unda sed planis aquis tradit
12196,body,613,0,False,,"Primum incrementum Nili circa insulam, quam modo rettuli Philas uisitur: exiguo ab hac spatio petra diuiditur (Abaton Graeci uocant, nec illam ulli nisi antistites calcant); illa primum saxa auctum fluminis sentiunt.",primum incrementum nili circa insulam quam modo rettuli philas uisitur exiguo ab hac spatio petra diuiditur abaton graeci uocant nec illam ulli nisi antistites calcant illa primum saxa auctum fluminis sentiunt,primum incrementum nili circa insulam quam modo rettuli philas uisitur exiguo ab hac spatio petra diuiditur abaton graeci uocant nec illam ulli nisi antistites calcant illa primum saxa auctum fluminis sentiunt
12196,body,613,1,False,,"Post magnum deinde spatium duo eminent scopuli (Nili uenas uocant incolae) ex quibus magna uis funditur, non tamen quanta operire possit Aegyptum.",post magnum deinde spatium duo eminent scopuli nili uenas uocant incolae ex quibus magna uis funditur non tamen quanta operire possit aegyptum,post magnum deinde spatium duo eminent scopuli nili uenas uocant incolae ex quibus magna uis funditur non tamen quanta operire possit aegyptum
12196,body,613,2,True,,"In haec ora stipem sacerdotes et aurea dona praefecti, cum sollemne uenit sacrum, iaciunt.",in haec ora stipem sacerdotes et aurea dona praefecti cum sollemne uenit sacrum iaciunt,in haec ora stipem sacerdotes et aurea dona praefecti cum sollemne uenit sacrum iaciunt
12196,body,614,0,False,,"Hinc iam manifestus nouarum uirium Nilus alto ac profundo alueo fertur, ne in latitudinem excedat, obiectu montium pressus.",hinc iam manifestus nouarum uirium nilus alto ac profundo alueo fertur ne in latitudinem excedat obiectu montium pressus,hinc iam manifestus nouarum uirium nilus alto ac profundo alueo fertur ne in latitudinem excedat obiectu montium pressus
12196,body,614,1,False,,"Circa Memphim demum liber et per campestria uagus in plura scinditur flumina manuque canalibus factis, ut sit modus in deriuantium potestate, per totam discurrit Aegyptum.",circa memphim demum liber et per campestria uagus in plura scinditur flumina manuque canalibus factis ut sit modus in deriuantium potestate per totam discurrit aegyptum,circa memphim demum liber et per campestria uagus in plura scinditur flumina manuque canalibus factis ut sit modus in deriuantium potestate per totam discurrit aegyptum
12196,body,614,2,True,,"Initio diducitur, deinde continuatis aquis in faciem lati ac turbidi maris stagnat: cursum illi uiolentiamque eripit latitudo regionum in quas extenditur dextra laeuaque totam amplexus Aegyptum.",initio diducitur deinde continuatis aquis in faciem lati ac turbidi maris stagnat cursum illi uiolentiamque eripit latitudo regionum in quas extenditur dextra laeuaque totam amplexus aegyptum,initio diducitur deinde continuatis aquis in faciem lati ac turbidi maris stagnat cursum illi uiolentiamque eripit latitudo regionum in quas extenditur dextra laeuaque totam amplexus aegyptum
12196,body,615,0,False,,"Quantum creuit Nilus, tantum spei in annum est; nec computatio fallit agricolam, adeo ad mensuram fluminis terra respondet, quam fertilem facit Nilus.",quantum creuit nilus tantum spei in annum est nec computatio fallit agricolam adeo ad mensuram fluminis terra respondet quam fertilem facit nilus,quantum creuit nilus tantum spei in annum est nec computatio fallit agricolam adeo ad mensuram fluminis terra respondet quam fertilem facit nilus
12196,body,615,1,False,,"Is harenoso ac sitienti solo et aquam inducit et terram: nam cum turbulentus fluat, omnem in siccis atque hiantibus locis faecem relinquit et, quicquid pingue secum tulit, arentibus locis allinit iuuatque agros duabus ex causis, et quod inundat et quod oblimat.",is harenoso ac sitienti solo et aquam inducit et terram nam cum turbulentus fluat omnem in siccis atque hiantibus locis faecem relinquit et quicquid pingue secum tulit arentibus locis allinit iuuatque agros duabus ex causis et quod inundat et quod oblimat,is harenoso ac sitienti solo et aquam inducit et terram nam cum turbulentus fluat omnem in siccis atque hiantibus locis faecem relinquit et quicquid pingue secum tulit arentibus locis allinit iuuatque agros duabus ex causis et quod inundat et quod oblimat
12196,body,615,2,True,,"Itaque quicquid non adiuit, sterile ac squalidum iacet; si creuit super debitum, nocuit.",itaque quicquid non adiuit sterile ac squalidum iacet si creuit super debitum nocuit,itaque quicquid non adiuit sterile ac squalidum iacet si creuit super debitum nocuit
12196,body,616,0,True,,"Mira itaque natura fluminis quod, cum ceteri amnes abluant terras et euiscerent, Nilus, tanto ceteris maior, adeo nihil exedit nec abradit, ut contra adiciat uires minimumque in eo sit, quod solum temperat: illato enim limo harenas saturat ac iungit, debetque illi Aegyptus non tantum fertilitatem terrarum, sed ipsas.",mira itaque natura fluminis quod cum ceteri amnes abluant terras et euiscerent nilus tanto ceteris maior adeo nihil exedit nec abradit ut contra adiciat uires minimumque in eo sit quod solum temperat illato enim limo harenas saturat ac iungit debetque illi aegyptus non tantum fertilitatem terrarum sed ipsas,mira itaque natura fluminis quod cum ceteri amnes abluant terras et euiscerent nilus tanto ceteris maior adeo nihil exedit nec abradit ut contra adiciat uires minimumque in eo sit quod solum temperat illato enim limo harenas saturat ac iungit debetque illi aegyptus non tantum fertilitatem terrarum sed ipsas
12196,body,617,0,True,,"Illa facies pulcherrima est cum iam se in agros Nilus ingessit: latent campi opertaeque sunt ualles, oppida insularum modo exstant, nullum mediterraneis nisi per nauigia commercium est maiorque est laetitia gentibus quo minus terrarum suarum uident.",illa facies pulcherrima est cum iam se in agros nilus ingessit latent campi opertaeque sunt ualles oppida insularum modo exstant nullum mediterraneis nisi per nauigia commercium est maiorque est laetitia gentibus quo minus terrarum suarum uident,illa facies pulcherrima est cum iam se in agros nilus ingessit latent campi opertaeque sunt ualles oppida insularum modo exstant nullum mediterraneis nisi per nauigia commercium est maiorque est laetitia gentibus quo minus terrarum suarum uident
12196,body,618,0,False,,"Sic quoque, cum se ripis continet Nilus, per septena ostia in mare emittitur: quodcumque ex his elegeris, mare est.",sic quoque cum se ripis continet nilus per septena ostia in mare emittitur quodcumque ex his elegeris mare est,sic quoque cum se ripis continet nilus per septena ostia in mare emittitur quodcumque ex his elegeris mare est
12196,body,618,1,False,,Multos nihilominus ignobiles ramos in aliud atque aliud litus porrigit.,multos nihilominus ignobiles ramos in aliud atque aliud litus porrigit,multos nihilominus ignobiles ramos in aliud atque aliud litus porrigit
12196,body,618,2,True,,"Ceterum beluas marinis uel magnitudine uel noxa pares educat, et ex eo quantus sit aestimari potest quod ingentia animalia et pabulo sufficienti et ad uagandum loco continet.",ceterum beluas marinis uel magnitudine uel noxa pares educat et ex eo quantus sit aestimari potest quod ingentia animalia et pabulo sufficienti et ad uagandum loco continet,ceterum beluas marinis uel magnitudine uel noxa pares educat et ex eo quantus sit aestimari potest quod ingentia animalia et pabulo sufficienti et ad uagandum loco continet
12196,body,619,0,True,,"Balbillus, uirorum optimus perfectusque in omni litterarum genere rarissime, auctor est, cum ipse praefectus obtineret Aegyptum, Heracleotico ostio Nili, quod est maximum, spectaculo sibi fuisse delphinorum a mari occurrentium et crocodillorum a flumine aduersum agmen agentium uelut pro partibus proelium; crocodillos ab animalibus placidis morsuque innoxiis uictos.",balbillus uirorum optimus perfectusque in omni litterarum genere rarissime auctor est cum ipse praefectus obtineret aegyptum heracleotico ostio nili quod est maximum spectaculo sibi fuisse delphinorum a mari occurrentium et crocodillorum a flumine aduersum agmen agentium uelut pro partibus proelium crocodillos ab animalibus placidis morsuque innoxiis uictos,balbillus uirorum optimus perfectusque in omni litterarum genere rarissime auctor est cum ipse praefectus obtineret aegyptum heracleotico ostio nili quod est maximum spectaculo sibi fuisse delphinorum a mari occurrentium et crocodillorum a flumine aduersum agmen agentium uelut pro partibus proelium crocodillos ab animalibus placidis morsuque innoxiis uictos
12196,body,620,0,False,,"His superior pars corporis dura et impenetrabilis est etiam maiorum animalium dentibus, at inferior mollis ac tenera.",his superior pars corporis dura et impenetrabilis est etiam maiorum animalium dentibus at inferior mollis ac tenera,his superior pars corporis dura et impenetrabilis est etiam maiorum animalium dentibus at inferior mollis ac tenera
12196,body,620,1,True,,"Hanc delphini spinis, quas dorso eminentes gerunt, submersi uulnerabant et in aduersum enisi diuidebant; rescissis hoc modo pluribus ceteri uelut acie uersa refugerunt: fugax animal audaci, audacissimum timido!",hanc delphini spinis quas dorso eminentes gerunt submersi uulnerabant et in aduersum enisi diuidebant rescissis hoc modo pluribus ceteri uelut acie uersa refugerunt fugax animal audaci audacissimum timido,hanc delphini spinis quas dorso eminentes gerunt submersi uulnerabant et in aduersum enisi diuidebant rescissis hoc modo pluribus ceteri uelut acie uersa refugerunt fugax animal audaci audacissimum timido
12196,body,621,0,False,,"Nec illos Tentyritae generis aut sanguinis proprietate superant, sed contemptu et temeritate.",nec illos tentyritae generis aut sanguinis proprietate superant sed contemptu et temeritate,nec illos tentyritae generis aut sanguinis proprietate superant sed contemptu et temeritate
12196,body,621,1,True,,"Ultro enim insequuntur fugientesque iniecto trahunt laqueo: plerique pereunt, quibus minus praesens animus ad persequendum fuit.",ultro enim insequuntur fugientesque iniecto trahunt laqueo plerique pereunt quibus minus praesens animus ad persequendum fuit,ultro enim insequuntur fugientesque iniecto trahunt laqueo plerique pereunt quibus minus praesens animus ad persequendum fuit
12196,body,622,0,False,,Nilum aliquando marinam aquam detulisse Theophrastus est’ auctor.,nilum aliquando marinam aquam detulisse theophrastus est auctor,nilum aliquando marinam aquam detulisse theophrastus est auctor
12196,body,622,1,False,,"Biennio continuo regnante Cleopatra non ascendisse, decimo regni anno et undecimo, constat.",biennio continuo regnante cleopatra non ascendisse decimo regni anno et undecimo constat,biennio continuo regnante cleopatra non ascendisse decimo regni anno et undecimo constat
12196,body,622,2,False,,Significatam aiunt duobus rerum potientibus defectionem: Antonii enim Cleopatraeque defecit imperium.,significatam aiunt duobus rerum potientibus defectionem antonii enim cleopatraeque defecit imperium,significatam aiunt duobus rerum potientibus defectionem antonii enim cleopatraeque defecit imperium
12196,body,622,3,True,,Per nouem annos non ascendisse Nilum superioribus saeculis Callimachus est auctor.,per nouem annos non ascendisse nilum superioribus saeculis callimachus est auctor,per nouem annos non ascendisse nilum superioribus saeculis callimachus est auctor
12196,body,623,0,False,,"Sed nunc ad inspiciendas causas, propter quas aestate Nilus crescat, accedam et ab antiquissimis incipiam.",sed nunc ad inspiciendas causas propter quas aestate nilus crescat accedam et ab antiquissimis incipiam,sed nunc ad inspiciendas causas propter quas aestate nilus crescat accedam et ab antiquissimis incipiam
12196,body,623,1,False,,Anaxagoras ait ex Aethiopiae iugis solutas niues ad Nilum usque decurrere.,anaxagoras ait ex aethiopiae iugis solutas niues ad nilum usque decurrere,anaxagoras ait ex aethiopiae iugis solutas niues ad nilum usque decurrere
12196,body,623,2,False,,"In eadem opinione omnis uetustas fuit: hoc Aeschylus, Sophocles, Euripides tradunt.",in eadem opinione omnis uetustas fuit hoc aeschylus sophocles euripides tradunt,in eadem opinione omnis uetustas fuit hoc aeschylus sophocles euripides tradunt
12196,body,623,3,True,,Sed falsum esse argumentis pluribus patet.,sed falsum esse argumentis pluribus patet,sed falsum esse argumentis pluribus patet
12196,body,624,0,False,,"Primo Aethiopiam feruentissimam esse indicat hominum adustus color et Trogodytae, quibus subterraneae domus sunt.",primo aethiopiam feruentissimam esse indicat hominum adustus color et trogodytae quibus subterraneae domus sunt,primo aethiopiam feruentissimam esse indicat hominum adustus color et trogodytae quibus subterraneae domus sunt
12196,body,624,1,False,,Saxa uelut igni feruescunt non tantum medio sed inclinato quoque die; ardens puluis nec humani uestigii patiens; argentum replumbatur; signorum coagmenta soluuntur; nullum materiae superadornatae manet operimentum.,saxa uelut igni feruescunt non tantum medio sed inclinato quoque die ardens puluis nec humani uestigii patiens argentum replumbatur signorum coagmenta soluuntur nullum materiae superadornatae manet operimentum,saxa uelut igni feruescunt non tantum medio sed inclinato quoque die ardens puluis nec humani uestigii patiens argentum replumbatur signorum coagmenta soluuntur nullum materiae superadornatae manet operimentum
12196,body,624,2,False,,"Auster quoque, qui ex illo tractu uenit, uentorum calidissimus est.",auster quoque qui ex illo tractu uenit uentorum calidissimus est,auster quoque qui ex illo tractu uenit uentorum calidissimus est
12196,body,624,3,False,,"Nullum ex his animalibus quae latent bruma umquam reconditur, etiam per hiemes in summo et aperto serpens est.",nullum ex his animalibus quae latent bruma umquam reconditur etiam per hiemes in summo et aperto serpens est,nullum ex his animalibus quae latent bruma umquam reconditur etiam per hiemes in summo et aperto serpens est
12196,body,624,4,True,,"Alexandriae quoque, quae longe ab immodicis caloribus posita est, niues non cadunt; superiora pluuia carent.",alexandriae quoque quae longe ab immodicis caloribus posita est niues non cadunt superiora pluuia carent,alexandriae quoque quae longe ab immodicis caloribus posita est niues non cadunt superiora pluuia carent
12196,body,625,0,False,,Quemadmodum ergo regio tantis subiecta feruoribus duraturas per totam aestatem niues recipit?,quemadmodum ergo regio tantis subiecta feruoribus duraturas per totam aestatem niues recipit,quemadmodum ergo regio tantis subiecta feruoribus duraturas per totam aestatem niues recipit
12196,body,625,1,False,,"Quas sane aliqui montes illic quoque excipiant: numquid magis quam Alpes, quam Thraciae iuga aut Caucasus?",quas sane aliqui montes illic quoque excipiant numquid magis quam alpes quam thraciae iuga aut caucasus,quas sane aliqui montes illic quoque excipiant numquid magis quam alpes quam thraciae iuga aut caucasus
12196,body,625,2,True,,"Atqui horum montium flumina uere et prima aestate intumescunt, deinde hibernis minora sunt: quippe uernis temporibus imbres niuem diluunt, reliquias eius primus calor dissipat.",atqui horum montium flumina uere et prima aestate intumescunt deinde hibernis minora sunt quippe uernis temporibus imbres niuem diluunt reliquias eius primus calor dissipat,atqui horum montium flumina uere et prima aestate intumescunt deinde hibernis minora sunt quippe uernis temporibus imbres niuem diluunt reliquias eius primus calor dissipat
12196,body,626,0,False,,"Nec Rhenus nec Rhodanus nec Hister nec Caystrus subiacens Tmolo aestate proueniunt: et illis altissimae, ut in septemtrionibus, iugiter sunt niues.",nec rhenus nec rhodanus nec hister nec caystrus subiacens tmolo aestate proueniunt et illis altissimae ut in septemtrionibus iugiter sunt niues,nec rhenus nec rhodanus nec hister nec caystrus subiacens tmolo aestate proueniunt et illis altissimae ut in septemtrionibus iugiter sunt niues
12196,body,626,1,True,,"Phasis quoque per idem tempus et Borysthenes crescerent, ut niues flumina possent contra aestatem magna producere.",phasis quoque per idem tempus et borysthenes crescerent ut niues flumina possent contra aestatem magna producere,phasis quoque per idem tempus et borysthenes crescerent ut niues flumina possent contra aestatem magna producere
12196,body,627,0,True,,"Praeterea si haec causa attolleret Nilum, aestate prima plenissimus flueret; tunc enim maxime integrae adhuc niues ex mollissimoque tabes est: Nilus autem per menses quattuor liquitur et illi aequalis accessio est.",praeterea si haec causa attolleret nilum aestate prima plenissimus flueret tunc enim maxime integrae adhuc niues ex mollissimoque tabes est nilus autem per menses quattuor liquitur et illi aequalis accessio est,praeterea si haec causa attolleret nilum aestate prima plenissimus flueret tunc enim maxime integrae adhuc niues ex mollissimoque tabes est nilus autem per menses quattuor liquitur et illi aequalis accessio est
12196,body,628,0,False,,"Si Thaleti credis, etesiae descendenti Nilo resistunt et cursum eius acto contra ostia mari sustinent: ita reuerberatus in se recurrit nec crescit, sed exitu prohibitus resistit et quacumque mox potuit ui congestus erumpit.",si thaleti credis etesiae descendenti nilo resistunt et cursum eius acto contra ostia mari sustinent ita reuerberatus in se recurrit nec crescit sed exitu prohibitus resistit et quacumque mox potuit ui congestus erumpit,si thaleti credis etesiae descendenti nilo resistunt et cursum eius acto contra ostia mari sustinent ita reuerberatus in se recurrit nec crescit sed exitu prohibitus resistit et quacumque mox potuit ui congestus erumpit
12196,body,628,1,False,,"Euthymenes Massiliensis testimonium dicit: ""Nauigaui, inquit, Atlanticum mare: inde Nilus fluit, maior, quamdiu etesiae tempus obseruant; tunc enim eicitur mare instantibus uentis.",euthymenes massiliensis testimonium dicit nauigaui inquit atlanticum mare inde nilus fluit maior quamdiu etesiae tempus obseruant tunc enim eicitur mare instantibus uentis,euthymenes massiliensis testimonium dicit nauigaui inquit atlanticum mare inde nilus fluit maior quamdiu etesiae tempus obseruant tunc enim eicitur mare instantibus uentis
12196,body,628,2,False,,"Cum resederunt, et pelagus conquiescit minorque descendenti inde uis Nilo est.",cum resederunt et pelagus conquiescit minorque descendenti inde uis nilo est,cum resederunt et pelagus conquiescit minorque descendenti inde uis nilo est
12196,body,628,3,True,,"Ceterum dulcis mari sapor est et similes Niloticis beluae"".",ceterum dulcis mari sapor est et similes niloticis beluae,ceterum dulcis mari sapor est et similes niloticis beluae
12196,body,629,0,False,,"Quare ergo, si Nilum etesiae prouocant, et ante illos incipit incrementum eius et post eos durat?",quare ergo si nilum etesiae prouocant et ante illos incipit incrementum eius et post eos durat,quare ergo si nilum etesiae prouocant et ante illos incipit incrementum eius et post eos durat
12196,body,629,1,False,,"Praeterea non fit maior quo illi flauere uehementius, nec remittitur incitaturque prout illis impetus fuit: quod fieret, si illorum uiribus cresceret.",praeterea non fit maior quo illi flauere uehementius nec remittitur incitaturque prout illis impetus fuit quod fieret si illorum uiribus cresceret,praeterea non fit maior quo illi flauere uehementius nec remittitur incitaturque prout illis impetus fuit quod fieret si illorum uiribus cresceret
12196,body,629,2,False,,"Quid, quod etesiae litus Aegyptium uerberant et contra illos Nilus descendit, inde uenturus unde illi, si origo ab illis esset?",quid quod etesiae litus aegyptium uerberant et contra illos nilus descendit inde uenturus unde illi si origo ab illis esset,quid quod etesiae litus aegyptium uerberant et contra illos nilus descendit inde uenturus unde illi si origo ab illis esset
12196,body,629,3,True,,"Praeterea ex mari purus et caeruleus efllueret, non ut nunc turbidus ueniret.",praeterea ex mari purus et caeruleus efllueret non ut nunc turbidus ueniret,praeterea ex mari purus et caeruleus efllueret non ut nunc turbidus ueniret
12196,body,630,0,False,,Adice quod testimonium eius testium turba coarguitur.,adice quod testimonium eius testium turba coarguitur,adice quod testimonium eius testium turba coarguitur
12196,body,630,1,True,,"Tunc erat mendacio locus; cum ignota essent externa, licebat illis fabulas mittere; nunc uero tota exteri maris ora mercatorum nauibus stringitur, quorum nemo narrat initium Nili aut mare saporis alterius: quod natura credi uetat, quia dulcissimum quodque et leuissimum sol trahit.",tunc erat mendacio locus cum ignota essent externa licebat illis fabulas mittere nunc uero tota exteri maris ora mercatorum nauibus stringitur quorum nemo narrat initium nili aut mare saporis alterius quod natura credi uetat quia dulcissimum quodque et leuissimum sol trahit,tunc erat mendacio locus cum ignota essent externa licebat illis fabulas mittere nunc uero tota exteri maris ora mercatorum nauibus stringitur quorum nemo narrat initium nili aut mare saporis alterius quod natura credi uetat quia dulcissimum quodque et leuissimum sol trahit
12196,body,631,0,False,,Praeterea quare hieme non crescit?,praeterea quare hieme non crescit,praeterea quare hieme non crescit
12196,body,631,1,False,,Et tunc potest uentis concitari mare aliquanto quidem maioribus: nam etesiae temperati sunt.,et tunc potest uentis concitari mare aliquanto quidem maioribus nam etesiae temperati sunt,et tunc potest uentis concitari mare aliquanto quidem maioribus nam etesiae temperati sunt
12196,body,631,2,True,,"Quod si e mari ferretur Atlantico, semel oppleret Aegyptum: at nunc per gradus crescit.",quod si e mari ferretur atlantico semel oppleret aegyptum at nunc per gradus crescit,quod si e mari ferretur atlantico semel oppleret aegyptum at nunc per gradus crescit
12196,body,632,0,False,,"Oenopides Chius ait hieme calorem sub terris contineri: ideo et specus calidos esse et tepidiorem puteis aquam, itaque uenas interno calore siccari.",oenopides chius ait hieme calorem sub terris contineri ideo et specus calidos esse et tepidiorem puteis aquam itaque uenas interno calore siccari,oenopides chius ait hieme calorem sub terris contineri ideo et specus calidos esse et tepidiorem puteis aquam itaque uenas interno calore siccari
12196,body,632,1,True,,"Sed in aliis terris augeri imbribus flumina; Nilum, quia nullo imbre adiuuetur, tenuari; deinde crescere per aestatem, quo tempore fripent interiora terrarum et redit rigor fontibus.",sed in aliis terris augeri imbribus flumina nilum quia nullo imbre adiuuetur tenuari deinde crescere per aestatem quo tempore fripent interiora terrarum et redit rigor fontibus,sed in aliis terris augeri imbribus flumina nilum quia nullo imbre adiuuetur tenuari deinde crescere per aestatem quo tempore fripent interiora terrarum et redit rigor fontibus
12196,body,633,0,False,,"Quod si uerum esset, aestate flumina crescerent omnia, putei aestate abundarent.",quod si uerum esset aestate flumina crescerent omnia putei aestate abundarent,quod si uerum esset aestate flumina crescerent omnia putei aestate abundarent
12196,body,633,1,False,,Deinde falsum est calorem hieme sub terris esse maiorem.,deinde falsum est calorem hieme sub terris esse maiorem,deinde falsum est calorem hieme sub terris esse maiorem
12196,body,633,2,False,,At quare specus et putei tepent?,at quare specus et putei tepent,at quare specus et putei tepent
12196,body,633,3,False,,"Quia aera frigentem extrinsecus non recipiunt: ita non calorem habent, sed frigus excludunt.",quia aera frigentem extrinsecus non recipiunt ita non calorem habent sed frigus excludunt,quia aera frigentem extrinsecus non recipiunt ita non calorem habent sed frigus excludunt
12196,body,633,4,True,,"Ex eadem causa aestate refrigescunt, quia ad illos remotos seductosque calefactus non peruertit.",ex eadem causa aestate refrigescunt quia ad illos remotos seductosque calefactus non peruertit,ex eadem causa aestate refrigescunt quia ad illos remotos seductosque calefactus non peruertit
12196,body,634,0,False,,"Diogenes Apolloniates ait: ""Sol umorem ad se rapit: hunc adsiccata tellus ex mari ducit, tum ex ceteris aquis.",diogenes apolloniates ait sol umorem ad se rapit hunc adsiccata tellus ex mari ducit tum ex ceteris aquis,diogenes apolloniates ait sol umorem ad se rapit hunc adsiccata tellus ex mari ducit tum ex ceteris aquis
12196,body,634,1,False,,"Fieri autem non potest, ut alia sicca sit tellus, alia abundet; sunt enim perforata omnia et inuicem peruia, et sicca ab umidis sumunt.",fieri autem non potest ut alia sicca sit tellus alia abundet sunt enim perforata omnia et inuicem peruia et sicca ab umidis sumunt,fieri autem non potest ut alia sicca sit tellus alia abundet sunt enim perforata omnia et inuicem peruia et sicca ab umidis sumunt
12196,body,634,2,False,,"Alioquin, nisi aliquid terra acciperet, exaruisset.",alioquin nisi aliquid terra acciperet exaruisset,alioquin nisi aliquid terra acciperet exaruisset
12196,body,634,3,True,,"Ergo undique sol trahit, sed ex his quae premit maxime; haec meridiana sunt.",ergo undique sol trahit sed ex his quae premit maxime haec meridiana sunt,ergo undique sol trahit sed ex his quae premit maxime haec meridiana sunt
12196,body,635,0,False,,"Terra cum exaruit, plus ad se umoris adducit: ut in lucernis oleum illo fluit ubi exuritur, sic aqua illo incumbit quo uis caloris et terrae aestuantis arcessit.",terra cum exaruit plus ad se umoris adducit ut in lucernis oleum illo fluit ubi exuritur sic aqua illo incumbit quo uis caloris et terrae aestuantis arcessit,terra cum exaruit plus ad se umoris adducit ut in lucernis oleum illo fluit ubi exuritur sic aqua illo incumbit quo uis caloris et terrae aestuantis arcessit
12196,body,635,1,False,,Unde ergo trahit?,unde ergo trahit,unde ergo trahit
12196,body,635,2,False,,Ex illis scilicet partibus semper hibernis: septentrionales exundant.,ex illis scilicet partibus semper hibernis septentrionales exundant,ex illis scilicet partibus semper hibernis septentrionales exundant
12196,body,635,3,False,,Ob hoc Pontus in infernum mare assidue fluit rapidus (non ut cetera maria alternatis ultro citro aestibus) in unam partem semper promus et torrens.,ob hoc pontus in infernum mare assidue fluit rapidus non ut cetera maria alternatis ultro citro aestibus in unam partem semper promus et torrens,ob hoc pontus in infernum mare assidue fluit rapidus non ut cetera maria alternatis ultro citro aestibus in unam partem semper promus et torrens
12196,body,635,4,True,,"Quod nisi facile his itineribus quod cuique deest redderetur, quod cuique superest emit, teretur, iam aut sicca essent omnia aut inundata"".",quod nisi facile his itineribus quod cuique deest redderetur quod cuique superest emit teretur iam aut sicca essent omnia aut inundata,quod nisi facile his itineribus quod cuique deest redderetur quod cuique superest emit teretur iam aut sicca essent omnia aut inundata
12196,body,636,0,False,,"Interrogare Diogenem libet quare, cum pertusa sint cuncta et inuicem commeant, non omnibus locis aestate maiora sint flumina.",interrogare diogenem libet quare cum pertusa sint cuncta et inuicem commeant non omnibus locis aestate maiora sint flumina,interrogare diogenem libet quare cum pertusa sint cuncta et inuicem commeant non omnibus locis aestate maiora sint flumina
12196,body,636,1,False,,"""Aegyptum sol magis percoquit: itaque Nilus magis crescit.",aegyptum sol magis percoquit itaque nilus magis crescit,aegyptum sol magis percoquit itaque nilus magis crescit
12196,body,636,2,False,,Sed in ceteris quoque terris aliqua fluminibus fiat adiectio.,sed in ceteris quoque terris aliqua fluminibus fiat adiectio,sed in ceteris quoque terris aliqua fluminibus fiat adiectio
12196,body,636,3,False,,""" Deinde quare ulla pars terrae sine umore est, cum omnis ad se ex aliis regionibus trahat, eo quidem magis quo calidior est?",deinde quare ulla pars terrae sine umore est cum omnis ad se ex aliis regionibus trahat eo quidem magis quo calidior est,deinde quare ulla pars terrae sine umore est cum omnis ad se ex aliis regionibus trahat eo quidem magis quo calidior est
12196,body,636,4,False,,"Deinde quare Nilus dulcis est, si haec illi e mari unda est?",deinde quare nilus dulcis est si haec illi e mari unda est,deinde quare nilus dulcis est si haec illi e mari unda est
12196,body,636,5,True,,Nec enim ulli flumini mini dulcior gustus. ..,nec enim ulli flumini mini dulcior gustus,nec enim ulli flumini mini dulcior gustus
12196,head,637,0,True,,CAPUT 3: DE NUBIBUS,caput de nubibus,caput de nubibus
12196,body,638,0,False,,"Grandinem hoc modo fieri si tibi affirmauero quo apud nos glacies fit, gelata nube tota, nimis audacem rem fecero.",grandinem hoc modo fieri si tibi affirmauero quo apud nos glacies fit gelata nube tota nimis audacem rem fecero,grandinem hoc modo fieri si tibi affirmauero quo apud nos glacies fit gelata nube tota nimis audacem rem fecero
12196,body,638,1,True,,"Itaque ex his me testibus numero secundae notae, qui uidisse quidem se negant; aut, quod historici faciunt, et ipse faciam: illi cum multa mentiti sunt ad arbitrium suum, unam aliquam rem nolunt spondere sed adiciunt: ""Penes auctores fides erit"".",itaque ex his me testibus numero secundae notae qui uidisse quidem se negant aut quod historici faciunt et ipse faciam illi cum multa mentiti sunt ad arbitrium suum unam aliquam rem nolunt spondere sed adiciunt penes auctores fides erit,itaque ex his me testibus numero secundae notae qui uidisse quidem se negant aut quod historici faciunt et ipse faciam illi cum multa mentiti sunt ad arbitrium suum unam aliquam rem nolunt spondere sed adiciunt penes auctores fides erit
12196,body,639,0,True,,"Ergo si mihi parum credis, Posidonius tibi auctoritatem promittit tam in illo quod praeteriit, quam in hoc quod secuturum est: grandinem enim fieri ex nube aquosa iam et in umorem uersa sic affirmabit tamquam interfuerit.",ergo si mihi parum credis posidonius tibi auctoritatem promittit tam in illo quod praeteriit quam in hoc quod secuturum est grandinem enim fieri ex nube aquosa iam et in umorem uersa sic affirmabit tamquam interfuerit,ergo si mihi parum credis posidonius tibi auctoritatem promittit tam in illo quod praeteriit quam in hoc quod secuturum est grandinem enim fieri ex nube aquosa iam et in umorem uersa sic affirmabit tamquam interfuerit
12196,body,640,0,True,,"Quare autem rotunda sit grando, etiam sine magistro scire possis, cum adnotaueris stillicidium omne glomerari, quod et in speculis apparet, quae umorem halitu colligunt, et in poculis sparsis aliaque omni leuitate; non minus foliis si quae guttae adhaeserunt, in rotundum iacent.",quare autem rotunda sit grando etiam sine magistro scire possis cum adnotaueris stillicidium omne glomerari quod et in speculis apparet quae umorem halitu colligunt et in poculis sparsis aliaque omni leuitate non minus foliis si quae guttae adhaeserunt in rotundum iacent,quare autem rotunda sit grando etiam sine magistro scire possis cum adnotaueris stillicidium omne glomerari quod et in speculis apparet quae umorem halitu colligunt et in poculis sparsis aliaque omni leuitate non minus foliis si quae guttae adhaeserunt in rotundum iacent
12196,body,641,0,False,,"""Quid magis est saxo durum?",quid magis est saxo durum,quid magis est saxo durum
12196,body,641,1,False,,Quid mollius unda?,quid mollius unda,quid mollius unda
12196,body,641,2,False,,Dura tamen molli saxa cauantur aqua.,dura tamen molli saxa cauantur aqua,dura tamen molli saxa cauantur aqua
12196,body,641,3,False,,""" Aut, ut alius poeta ait: ""stillicidi casus lapidem cauat.",aut ut alius poeta ait stillicidi casus lapidem cauat,aut ut alius poeta ait stillicidi casus lapidem cauat
12196,body,641,4,True,,""" Haec ipsa excauatio rotunda fit; ex quo apparet illud quoque huic simile esse quod cauat: locum enim sibi ad formam et habitum sui exsculpit.",haec ipsa excauatio rotunda fit ex quo apparet illud quoque huic simile esse quod cauat locum enim sibi ad formam et habitum sui exsculpit,haec ipsa excauatio rotunda fit ex quo apparet illud quoque huic simile esse quod cauat locum enim sibi ad formam et habitum sui exsculpit
12196,body,642,0,False,,"Praeterea potest, etiamsi non fuit grando talis, dum defertur, corrotundari et, totiens per spatium aeris densi deuoluta, aequabiliter atque in orbem teri.",praeterea potest etiamsi non fuit grando talis dum defertur corrotundari et totiens per spatium aeris densi deuoluta aequabiliter atque in orbem teri,praeterea potest etiamsi non fuit grando talis dum defertur corrotundari et totiens per spatium aeris densi deuoluta aequabiliter atque in orbem teri
12196,body,642,1,True,,"Quod nix pati non potest, quia non est tam solida, immo quia fusa est, et non per magnam altitudinem cadit sed circa terras initium eius est: ita non longus illi per aera sed ex proximo lapsus est.",quod nix pati non potest quia non est tam solida immo quia fusa est et non per magnam altitudinem cadit sed circa terras initium eius est ita non longus illi per aera sed ex proximo lapsus est,quod nix pati non potest quia non est tam solida immo quia fusa est et non per magnam altitudinem cadit sed circa terras initium eius est ita non longus illi per aera sed ex proximo lapsus est
12196,body,643,0,False,,Quare non et ego mihi idem permittam quod Anaxagoras?,quare non et ego mihi idem permittam quod anaxagoras,quare non et ego mihi idem permittam quod anaxagoras
12196,body,643,1,False,,"Inter nullos magis quam inter philosophos esse debet aequa libertas: grando nihil aliud est quam suspensa glacies, nix [in] pruina pendens [congelatio].",inter nullos magis quam inter philosophos esse debet aequa libertas grando nihil aliud est quam suspensa glacies nix in pruina pendens congelatio,inter nullos magis quam inter philosophos esse debet aequa libertas grando nihil aliud est quam suspensa glacies nix in pruina pendens congelatio
12196,body,643,2,True,,"Illud enim iam diximus, quod inter rorem et aquam interest, hoc inter pruinam et glaciem nec non inter niuem et grandinem interesse.",illud enim iam diximus quod inter rorem et aquam interest hoc inter pruinam et glaciem nec non inter niuem et grandinem interesse,illud enim iam diximus quod inter rorem et aquam interest hoc inter pruinam et glaciem nec non inter niuem et grandinem interesse
12196,head,644,0,True,,CAPUT 4,caput,caput
12196,body,645,0,False,,"Poteram me peracta quaestione dimittere sed bene mensum dabo et, quoniam coepi tibi molestus esse, quicquid in hoc loco quaeritur dicam; quaeritur autem quare hieme ningat, non grandinet, uere iam frigore infracto grando cadat.",poteram me peracta quaestione dimittere sed bene mensum dabo et quoniam coepi tibi molestus esse quicquid in hoc loco quaeritur dicam quaeritur autem quare hieme ningat non grandinet uere iam frigore infracto grando cadat,poteram me peracta quaestione dimittere sed bene mensum dabo et quoniam coepi tibi molestus esse quicquid in hoc loco quaeritur dicam quaeritur autem quare hieme ningat non grandinet uere iam frigore infracto grando cadat
12196,body,645,1,True,,"Nam, ut fallar tibi, uerum mihi quidem persuadetur, qui me usque ad mendacia haec leuiora, in quibus os percidi non oculi erui solent, credulum praesto:",nam ut fallar tibi uerum mihi quidem persuadetur qui me usque ad mendacia haec leuiora in quibus os percidi non oculi erui solent credulum praesto,nam ut fallar tibi uerum mihi quidem persuadetur qui me usque ad mendacia haec leuiora in quibus os percidi non oculi erui solent credulum praesto
12196,body,646,0,False,,"hieme aer riget et ideo nondum in aquam uertitur sed in niuem, cui aer propior est; cum uer coepit, maior inclinatio temporis sequitur et calidiore caelo maiora fiunt stillicidia.",hieme aer riget et ideo nondum in aquam uertitur sed in niuem cui aer propior est cum uer coepit maior inclinatio temporis sequitur et calidiore caelo maiora fiunt stillicidia,hieme aer riget et ideo nondum in aquam uertitur sed in niuem cui aer propior est cum uer coepit maior inclinatio temporis sequitur et calidiore caelo maiora fiunt stillicidia
12196,body,646,1,True,,"Ideo (ut ait Vergilius noster) ""cum ruit imbriferum uer"", uehementior mutatio est aeris undique patefacti et soluentis se ipso tempore adiuuante: ob hoc nimbi graues magis uastique quam pertinaces deferuntur.",ideo ut ait vergilius noster cum ruit imbriferum uer uehementior mutatio est aeris undique patefacti et soluentis se ipso tempore adiuuante ob hoc nimbi graues magis uastique quam pertinaces deferuntur,ideo ut ait uergilius noster cum ruit imbriferum uer uehementior mutatio est aeris undique patefacti et soluentis se ipso tempore adiuuante ob hoc nimbi graues magis uastique quam pertinaces deferuntur
12196,body,647,0,False,,"Bruma lentas pluuias habet et tenues, quales saepe solent interuenire, cum pluuia rara et minuta niuem quoque admixtam habet; dicimus niualem diem, cum altum frigus et triste caelum est.",bruma lentas pluuias habet et tenues quales saepe solent interuenire cum pluuia rara et minuta niuem quoque admixtam habet dicimus niualem diem cum altum frigus et triste caelum est,bruma lentas pluuias habet et tenues quales saepe solent interuenire cum pluuia rara et minuta niuem quoque admixtam habet dicimus niualem diem cum altum frigus et triste caelum est
12196,body,647,1,True,,"Praeterea, aquilone flante aut suum caelum habente, minutae pluuiae sunt; austro imber improbior est et guttae pleniores.",praeterea aquilone flante aut suum caelum habente minutae pluuiae sunt austro imber improbior est et guttae pleniores,praeterea aquilone flante aut suum caelum habente minutae pluuiae sunt austro imber improbior est et guttae pleniores
12196,head,648,0,True,,CAPUT 5,caput,caput
12196,body,649,0,False,,"Rem a nostris positam nec dicere audeo, quia infirma uidetur, nec praeterire: quid enim mali est aliquid et faciliori iudici scribere?",rem a nostris positam nec dicere audeo quia infirma uidetur nec praeterire quid enim mali est aliquid et faciliori iudici scribere,rem a nostris positam nec dicere audeo quia infirma uidetur nec praeterire quid enim mali est aliquid et faciliori iudici scribere
12196,body,649,1,True,,"Immo si omnia argumenta ad obrussam coeperimus exigere, silentium indicetur: pauca enim admodum sunt sine aduersario; cetera, etiamsi uincunt, litigant.",immo si omnia argumenta ad obrussam coeperimus exigere silentium indicetur pauca enim admodum sunt sine aduersario cetera etiamsi uincunt litigant,immo si omnia argumenta ad obrussam coeperimus exigere silentium indicetur pauca enim admodum sunt sine aduersario cetera etiamsi uincunt litigant
12196,body,650,0,False,,"Aiunt uere, quicquid circa Scythiam et Pontum et septemtrionalem plagam glaciatum et astrictum est, relaxari; tunc flumina gelata discedere, tunc obrutos montes niuem soluere.",aiunt uere quicquid circa scythiam et pontum et septemtrionalem plagam glaciatum et astrictum est relaxari tunc flumina gelata discedere tunc obrutos montes niuem soluere,aiunt uere quicquid circa scythiam et pontum et septemtrionalem plagam glaciatum et astrictum est relaxari tunc flumina gelata discedere tunc obrutos montes niuem soluere
12196,body,650,1,True,,Credibile est ergo frigidos spiritus inde fieri et uerno caelo remisceris.,credibile est ergo frigidos spiritus inde fieri et uerno caelo remisceris,credibile est ergo frigidos spiritus inde fieri et uerno caelo remisceris
12196,body,651,0,True,,"Illud quoque adiciunt, quod nec sum expertus nec experiri cogito (tu quoque, censeo, si uolueris uerum exquirere, niuem in Care experiaris): minus algere aiunt pedes eorum, qui fixam et duram niuem calcant quam eorum, qui teneram et labefactam.",illud quoque adiciunt quod nec sum expertus nec experiri cogito tu quoque censeo si uolueris uerum exquirere niuem in care experiaris minus algere aiunt pedes eorum qui fixam et duram niuem calcant quam eorum qui teneram et labefactam,illud quoque adiciunt quod nec sum expertus nec experiri cogito tu quoque censeo si uolueris uerum exquirere niuem in care experiaris minus algere aiunt pedes eorum qui fixam et duram niuem calcant quam eorum qui teneram et labefactam
12196,body,652,0,True,,"Ergo, si non mentiuritur, quicquid ex illis septemtrionalibus locis iam disturbata niue et glacie frangente se fertur, id meridianae partis tepentem iam umidumque aera alligat et praestringit: ita quae pluuia futura erat, grando fit iniuria frigoris.",ergo si non mentiuritur quicquid ex illis septemtrionalibus locis iam disturbata niue et glacie frangente se fertur id meridianae partis tepentem iam umidumque aera alligat et praestringit ita quae pluuia futura erat grando fit iniuria frigoris,ergo si non mentiuritur quicquid ex illis septemtrionalibus locis iam disturbata niue et glacie frangente se fertur id meridianae partis tepentem iam umidumque aera alligat et praestringit ita quae pluuia futura erat grando fit iniuria frigoris
12196,head,653,0,True,,CAPUT 6,caput,caput
12196,body,654,0,False,,Non tempero mihi quominus omnes nostrorum ineptias proferam.,non tempero mihi quominus omnes nostrorum ineptias proferam,non tempero mihi quominus omnes nostrorum ineptias proferam
12196,body,654,1,False,,Quosdam peritos obseruandarum nubium esse affirmant et praedicere cum grando uentura sit.,quosdam peritos obseruandarum nubium esse affirmant et praedicere cum grando uentura sit,quosdam peritos obseruandarum nubium esse affirmant et praedicere cum grando uentura sit
12196,body,654,2,True,,"Hoc intellegere usu ipso potuerunt, cum colorem nubium notassent, quem grando totiens insequebatur.",hoc intellegere usu ipso potuerunt cum colorem nubium notassent quem grando totiens insequebatur,hoc intellegere usu ipso potuerunt cum colorem nubium notassent quem grando totiens insequebatur
12196,body,655,0,False,,"Illud incredibile, Cleonis fuisse publice praepositos chalazophylacas, speculatores uenturae grandinis.",illud incredibile cleonis fuisse publice praepositos chalazophylacas speculatores uenturae grandinis,illud incredibile cleonis fuisse publice praepositos chalazophylacas speculatores uenturae grandinis
12196,body,655,1,False,,"Hi cum signum dedissent adesse iam grandinem, quid expectas?",hi cum signum dedissent adesse iam grandinem quid expectas,hi cum signum dedissent adesse iam grandinem quid expectas
12196,body,655,2,False,,ut homines ad paenulas discurrerent aut ad scorteas?,ut homines ad paenulas discurrerent aut ad scorteas,ut homines ad paenulas discurrerent aut ad scorteas
12196,body,655,3,True,,"Immo pro se quisque alius agnum immolabat, alius pullum: protinus illae nubes alio declinabant, cum aliquid gustassent sanguinis.",immo pro se quisque alius agnum immolabat alius pullum protinus illae nubes alio declinabant cum aliquid gustassent sanguinis,immo pro se quisque alius agnum immolabat alius pullum protinus illae nubes alio declinabant cum aliquid gustassent sanguinis
12196,body,656,0,False,,Hoc rides?,hoc rides,hoc rides
12196,body,656,1,True,,"Accipe quod magis rideas: si quis nec agnum nec pullum habebat, quod sine damno fieri poterat, manus sibi afferebat, et, ne tu auidas aut crudeles existimes nubes, digitum suum bene acuto graphio pungebat et hoc sanguine litabat; nec minus ab huius agello grando se uertebat quam ab illo, in quo maioribus hostiis exorata erat.",accipe quod magis rideas si quis nec agnum nec pullum habebat quod sine damno fieri poterat manus sibi afferebat et ne tu auidas aut crudeles existimes nubes digitum suum bene acuto graphio pungebat et hoc sanguine litabat nec minus ab huius agello grando se uertebat quam ab illo in quo maioribus hostiis exorata erat,accipe quod magis rideas si quis nec agnum nec pullum habebat quod sine damno fieri poterat manus sibi afferebat et ne tu auidas aut crudeles existimes nubes digitum suum bene acuto graphio pungebat et hoc sanguine litabat nec minus ab huius agello grando se uertebat quam ab illo in quo maioribus hostiis exorata erat
12196,head,657,0,True,,CAPUT 7,caput,caput
12196,body,658,0,False,,"Rationem huius rei quaerunt: alteri, ut homines sapientissimos decet, negant posse fieri ut cum grandine aliquis paciscatur et tempestates munusculis redimat, quamuis munera et deos uincant.",rationem huius rei quaerunt alteri ut homines sapientissimos decet negant posse fieri ut cum grandine aliquis paciscatur et tempestates munusculis redimat quamuis munera et deos uincant,rationem huius rei quaerunt alteri ut homines sapientissimos decet negant posse fieri ut cum grandine aliquis paciscatur et tempestates munusculis redimat quamuis munera et deos uincant
12196,body,658,1,True,,Alteri suspicari ipsos aiunt esse in ipso sanguine uim quandam potentem auertendae nubis ac repellendae.,alteri suspicari ipsos aiunt esse in ipso sanguine uim quandam potentem auertendae nubis ac repellendae,alteri suspicari ipsos aiunt esse in ipso sanguine uim quandam potentem auertendae nubis ac repellendae
12196,body,659,0,False,,"Sed quomodo in tam exiguo sanguine potest esse uis tanta, ut in altum penetret et illam sentiant nubes?",sed quomodo in tam exiguo sanguine potest esse uis tanta ut in altum penetret et illam sentiant nubes,sed quomodo in tam exiguo sanguine potest esse uis tanta ut in altum penetret et illam sentiant nubes
12196,body,659,1,False,,Quanto expeditius erat dicere: mendacium et fabula est.,quanto expeditius erat dicere mendacium et fabula est,quanto expeditius erat dicere mendacium et fabula est
12196,body,659,2,False,,"At Cleonaei iudicia reddebant in illos quibus delegata erat cura prouidendae tempestatis, quod neglegentia eorum uineae uapulassent aut segetes procidissent.",at cleonaei iudicia reddebant in illos quibus delegata erat cura prouidendae tempestatis quod neglegentia eorum uineae uapulassent aut segetes procidissent,at cleonaei iudicia reddebant in illos quibus delegata erat cura prouidendae tempestatis quod neglegentia eorum uineae uapulassent aut segetes procidissent
12196,body,659,3,True,,"Et apud nos in XII tabulis cauetur ""ne quis alienos fructus excantassit"".",et apud nos in xii tabulis cauetur ne quis alienos fructus excantassit,et apud nos in xii tabulis cauetur ne quis alienos fructus excantassit
12196,body,660,0,True,,"Rudis adhuc antiquitas credebat et attrahi cantibus imbres et repelli, quorum nihil posse fieri tam palam est, ut huius rei causa nullius philosophi schola intranda sit.",rudis adhuc antiquitas credebat et attrahi cantibus imbres et repelli quorum nihil posse fieri tam palam est ut huius rei causa nullius philosophi schola intranda sit,rudis adhuc antiquitas credebat et attrahi cantibus imbres et repelli quorum nihil posse fieri tam palam est ut huius rei causa nullius philosophi schola intranda sit
12196,head,661,0,True,,CAPUT 8,caput,caput
12196,body,662,0,False,,Unam rem ad hoc adiciam et fauere te ac plaudere iuuabit.,unam rem ad hoc adiciam et fauere te ac plaudere iuuabit,unam rem ad hoc adiciam et fauere te ac plaudere iuuabit
12196,body,662,1,False,,Aiunt niuem in ea parte aeris fieri quae prope terras est.,aiunt niuem in ea parte aeris fieri quae prope terras est,aiunt niuem in ea parte aeris fieri quae prope terras est
12196,body,662,2,True,,"Hanc enim plus habere caloris ex quattuor causis: una, quod omnis terrarum euaporatio, cum multum in se feruidi aridique habeat, hoc est calidior quo recentior; altera, quod radii solis a terra resiliunt et in se recurrunt: horum duplicatio proxima quaeque a terris calefacit, quae ideo plus habent teporis quia solem bis sentiunt; tertia causa est, quod magis superiora perflantur, at quaecumque depressa sunt minus uentis uerberantur.",hanc enim plus habere caloris ex quattuor causis una quod omnis terrarum euaporatio cum multum in se feruidi aridique habeat hoc est calidior quo recentior altera quod radii solis a terra resiliunt et in se recurrunt horum duplicatio proxima quaeque a terris calefacit quae ideo plus habent teporis quia solem bis sentiunt tertia causa est quod magis superiora perflantur at quaecumque depressa sunt minus uentis uerberantur,hanc enim plus habere caloris ex quattuor causis una quod omnis terrarum euaporatio cum multum in se feruidi aridique habeat hoc est calidior quo recentior altera quod radii solis a terra resiliunt et in se recurrunt horum duplicatio proxima quaeque a terris calefacit quae ideo plus habent teporis quia solem bis sentiunt tertia causa est quod magis superiora perflantur at quaecumque depressa sunt minus uentis uerberantur
12196,head,663,0,True,,CAPUT 9,caput,caput
12196,body,664,0,False,,"Accedit bis ratio Democriti: ""Omne corpus, quo solidius est hoc calorem citius concipit, diutius seruat.",accedit bis ratio democriti omne corpus quo solidius est hoc calorem citius concipit diutius seruat,accedit bis ratio democriti omne corpus quo solidius est hoc calorem citius concipit diutius seruat
12196,body,664,1,False,,"Itaque si in sole posueris aeneum uas et uitreum [et argenteum], aeneo citius calor accedet, diutius haerebit.",itaque si in sole posueris aeneum uas et uitreum et argenteum aeneo citius calor accedet diutius haerebit,itaque si in sole posueris aeneum uas et uitreum et argenteum aeneo citius calor accedet diutius haerebit
12196,body,664,2,False,,""" Adicit deinde quare hoc existimet fieri.",adicit deinde quare hoc existimet fieri,adicit deinde quare hoc existimet fieri
12196,body,664,3,False,,"""His, inquit, corporibus, quae duriora et pressiora sunt, necesse est minora foramina esse et tenuiorem in singulis spiritum: sequitur ut, quemadmodum minora balnearia et minora miliaria citius calefiunt, sic haec foramina occulta et oculos effugientia et celerius feruorem sentiant et propter easdem angustias, quicquid receperunt, tardius reddant.",his inquit corporibus quae duriora et pressiora sunt necesse est minora foramina esse et tenuiorem in singulis spiritum sequitur ut quemadmodum minora balnearia et minora miliaria citius calefiunt sic haec foramina occulta et oculos effugientia et celerius feruorem sentiant et propter easdem angustias quicquid receperunt tardius reddant,his inquit corporibus quae duriora et pressiora sunt necesse est minora foramina esse et tenuiorem in singulis spiritum sequitur ut quemadmodum minora balnearia et minora miliaria citius calefiunt sic haec foramina occulta et oculos effugientia et celerius feruorem sentiant et propter easdem angustias quicquid receperunt tardius reddant
12196,body,664,4,True,,""". Haec longe praeparata ad id perducunt, de quo nunc quaeritur.",haec longe praeparata ad id perducunt de quo nunc quaeritur,haec longe praeparata ad id perducunt de quo nunc quaeritur
12196,head,665,0,True,,CAPUT 10,caput,caput
12196,body,666,0,False,,"Omnis aer quo propior est terris, hoc crassior.",omnis aer quo propior est terris hoc crassior,omnis aer quo propior est terris hoc crassior
12196,body,666,1,False,,"Quemadmodum in aqua et in omni umore faex ima est, ita in aere spississima quaeque desidunt.",quemadmodum in aqua et in omni umore faex ima est ita in aere spississima quaeque desidunt,quemadmodum in aqua et in omni umore faex ima est ita in aere spississima quaeque desidunt
12196,body,666,2,False,,"Iam autem probatum est omnia, quo crassioris solidiorisque materiae sunt, hoc fidelius custodire calorem receptum.",iam autem probatum est omnia quo crassioris solidiorisque materiae sunt hoc fidelius custodire calorem receptum,iam autem probatum est omnia quo crassioris solidiorisque materiae sunt hoc fidelius custodire calorem receptum
12196,body,666,3,True,,"Editior aer, quo longius a terrarum colluuie recessit, hoc sincerior puriorque est; itaque solem non retinet sed uelut per inane transmittit: ideo minus calefit.",editior aer quo longius a terrarum colluuie recessit hoc sincerior puriorque est itaque solem non retinet sed uelut per inane transmittit ideo minus calefit,editior aer quo longius a terrarum colluuie recessit hoc sincerior puriorque est itaque solem non retinet sed uelut per inane transmittit ideo minus calefit
12196,head,667,0,True,,CAPUT 11,caput,caput
12196,body,668,0,True,,"Contra quidam aiunt cacumina montium hoc calidiora esse debere, quo propiora soli sunt: qui mihi uidentur errare, quod Apenninum et Alpes et alios notos ob eximiam altitudinem montes in tantum putant crescere, ut illorum magnitudo sentire solis uiciniam possit:",contra quidam aiunt cacumina montium hoc calidiora esse debere quo propiora soli sunt qui mihi uidentur errare quod apenninum et alpes et alios notos ob eximiam altitudinem montes in tantum putant crescere ut illorum magnitudo sentire solis uiciniam possit,contra quidam aiunt cacumina montium hoc calidiora esse debere quo propiora soli sunt qui mihi uidentur errare quod apenninum et alpes et alios notos ob eximiam altitudinem montes in tantum putant crescere ut illorum magnitudo sentire solis uiciniam possit
12196,body,669,0,False,,"excelsa sunt ista, quamdiu nobis comparantur; at uero, ubi ad uniuersum respexeris, manifesta est omnium humilitas.",excelsa sunt ista quamdiu nobis comparantur at uero ubi ad uniuersum respexeris manifesta est omnium humilitas,excelsa sunt ista quamdiu nobis comparantur at uero ubi ad uniuersum respexeris manifesta est omnium humilitas
12196,body,669,1,True,,"Inter se uincuntur et uincunt; ceterum in tantum nihil attollitur, ut in collatione totius ulla sit uel maximis portio: quod nisi esset, non diceremus totum orbem terrarum pilam esse.",inter se uincuntur et uincunt ceterum in tantum nihil attollitur ut in collatione totius ulla sit uel maximis portio quod nisi esset non diceremus totum orbem terrarum pilam esse,inter se uincuntur et uincunt ceterum in tantum nihil attollitur ut in collatione totius ulla sit uel maximis portio quod nisi esset non diceremus totum orbem terrarum pilam esse
12196,body,670,0,False,,"Pilae proprietas est cum aequalitate quadam rotunditas, aequalitatem autem hanc accipe quam uides in lusoria pila: non multum illi commissurae et rimae [earum] nocent quo minus par sibi ab omni parte dicatur.",pilae proprietas est cum aequalitate quadam rotunditas aequalitatem autem hanc accipe quam uides in lusoria pila non multum illi commissurae et rimae earum nocent quo minus par sibi ab omni parte dicatur,pilae proprietas est cum aequalitate quadam rotunditas aequalitatem autem hanc accipe quam uides in lusoria pila non multum illi commissurae et rimae earum nocent quo minus par sibi ab omni parte dicatur
12196,body,670,1,True,,"Quomodo in hac pila nihil illa interualla officiunt ad speciem rotundi, sic ne in uniuerso quidem orbe terrarum editi montes, quorum altitudo totius mundi collatione consumitur.",quomodo in hac pila nihil illa interualla officiunt ad speciem rotundi sic ne in uniuerso quidem orbe terrarum editi montes quorum altitudo totius mundi collatione consumitur,quomodo in hac pila nihil illa interualla officiunt ad speciem rotundi sic ne in uniuerso quidem orbe terrarum editi montes quorum altitudo totius mundi collatione consumitur
12196,body,671,0,True,,"Qui dicit altiorem montem, quia solem propius excipiat, magis calere debere, idem dicere potest longiorem hominem citius quam pusillum debere calefieri et caput citius quam pedes: at quisquis mundum mensura sua aestimauerit et terrain cogitauerit tenere puncti locum, intelleget nihil in illa posse ita eminere, ut caelestia magis sentiat, uelut in propinquum illis accesserit.",qui dicit altiorem montem quia solem propius excipiat magis calere debere idem dicere potest longiorem hominem citius quam pusillum debere calefieri et caput citius quam pedes at quisquis mundum mensura sua aestimauerit et terrain cogitauerit tenere puncti locum intelleget nihil in illa posse ita eminere ut caelestia magis sentiat uelut in propinquum illis accesserit,qui dicit altiorem montem quia solem propius excipiat magis calere debere idem dicere potest longiorem hominem citius quam pusillum debere calefieri et caput citius quam pedes at quisquis mundum mensura sua aestimauerit et terrain cogitauerit tenere puncti locum intelleget nihil in illa posse ita eminere ut caelestia magis sentiat uelut in propinquum illis accesserit
12196,body,672,0,False,,"Montes isti, quos suspicimus, et uertices aeterna niue obsessi nihilominus in imo sunt; et propius quidem est a sole mons quam campus aut uallis, sed sic quomodo est pilus pilo crassior.",montes isti quos suspicimus et uertices aeterna niue obsessi nihilominus in imo sunt et propius quidem est a sole mons quam campus aut uallis sed sic quomodo est pilus pilo crassior,montes isti quos suspicimus et uertices aeterna niue obsessi nihilominus in imo sunt et propius quidem est a sole mons quam campus aut uallis sed sic quomodo est pilus pilo crassior
12196,body,672,1,False,,Isto enim modo et arbor alia magis quam alia dicetur uicina caelo.,isto enim modo et arbor alia magis quam alia dicetur uicina caelo,isto enim modo et arbor alia magis quam alia dicetur uicina caelo
12196,body,672,2,False,,"Quod est falsum, quia inter pusilla non potest magnum esse discrimen, nisi dum inter se comparantur.",quod est falsum quia inter pusilla non potest magnum esse discrimen nisi dum inter se comparantur,quod est falsum quia inter pusilla non potest magnum esse discrimen nisi dum inter se comparantur
12196,body,672,3,True,,"Ubi ad collationem immensi corporis uentum est, nihil interest quanto sit alterum altero malus, quia, etiamsi magno discrimine, tamen minima uincuntur.",ubi ad collationem immensi corporis uentum est nihil interest quanto sit alterum altero malus quia etiamsi magno discrimine tamen minima uincuntur,ubi ad collationem immensi corporis uentum est nihil interest quanto sit alterum altero malus quia etiamsi magno discrimine tamen minima uincuntur
12196,head,673,0,True,,CAPUT 12,caput,caput
12196,body,674,0,False,,"Sed ut ad propositum reuertar, propter has quas rettuli causas plerisque placuit in ea parte aeris niuem concipi quae uicina terris est, et ideo minus alligari quia minore rigore coit.",sed ut ad propositum reuertar propter has quas rettuli causas plerisque placuit in ea parte aeris niuem concipi quae uicina terris est et ideo minus alligari quia minore rigore coit,sed ut ad propositum reuertar propter has quas rettuli causas plerisque placuit in ea parte aeris niuem concipi quae uicina terris est et ideo minus alligari quia minore rigore coit
12196,body,674,1,True,,"Nam uicinus aer et plus habet frigoris quam ut in aquam imbremque transeat, et minus quam ut duretur in grandinem: hoc medio frigore non nimis intento niues fiunt coactis aquis.",nam uicinus aer et plus habet frigoris quam ut in aquam imbremque transeat et minus quam ut duretur in grandinem hoc medio frigore non nimis intento niues fiunt coactis aquis,nam uicinus aer et plus habet frigoris quam ut in aquam imbremque transeat et minus quam ut duretur in grandinem hoc medio frigore non nimis intento niues fiunt coactis aquis
12196,head,675,0,True,,CAPUT 13,caput,caput
12196,body,676,0,False,,"""Quid istas, inquis, ineptias, quibus litteratior est quisque, non melior, tam operose persequeris?",quid istas inquis ineptias quibus litteratior est quisque non melior tam operose persequeris,quid istas inquis ineptias quibus litteratior est quisque non melior tam operose persequeris
12196,body,676,1,False,,"Quomodo fiant niues dicis, cum multo magis ad nos dici a te pertineat quare emendae non sint niues.",quomodo fiant niues dicis cum multo magis ad nos dici a te pertineat quare emendae non sint niues,quomodo fiant niues dicis cum multo magis ad nos dici a te pertineat quare emendae non sint niues
12196,body,676,2,False,,""" Iubes me tandems cum luxuria litigare?",iubes me tandems cum luxuria litigare,iubes me tandems cum luxuria litigare
12196,body,676,3,False,,Cotidianum istud et sine effectu iurgium est.,cotidianum istud et sine effectu iurgium est,cotidianum istud et sine effectu iurgium est
12196,body,676,4,True,,"Litigemus tamen, etiamsi superior futura est: pugnantes ac reluctantes uincat.",litigemus tamen etiamsi superior futura est pugnantes ac reluctantes uincat,litigemus tamen etiamsi superior futura est pugnantes ac reluctantes uincat
12196,body,677,0,False,,Quid porro?,quid porro,quid porro
12196,body,677,1,False,,"Hanc ipsam inspectionem naturae nihil iudicas ad id, quod uis, conferre?",hanc ipsam inspectionem naturae nihil iudicas ad id quod uis conferre,hanc ipsam inspectionem naturae nihil iudicas ad id quod uis conferre
12196,body,677,2,True,,"Cum quaeramus quomodo nix fiat et dicimus illam pruinae similem habere naturam, plus illi spiritus quam aquae inesse, non putas exprobrari illis, cum emere aquam turpe sit, si ne aquam quidem emunt?",cum quaeramus quomodo nix fiat et dicimus illam pruinae similem habere naturam plus illi spiritus quam aquae inesse non putas exprobrari illis cum emere aquam turpe sit si ne aquam quidem emunt,cum quaeramus quomodo nix fiat et dicimus illam pruinae similem habere naturam plus illi spiritus quam aquae inesse non putas exprobrari illis cum emere aquam turpe sit si ne aquam quidem emunt
12196,body,678,0,False,,"Nos uero quaeramus potius quomodo fiant niues quam quomodo seruentur, quoniam non contenti uina diffundere, ueteraria per sapores aetatesque disponere, inuenimus quomodo stiparemus niuem, ut ea aestatem euinceret et contra anni feruorem defenderetur loci frigore.",nos uero quaeramus potius quomodo fiant niues quam quomodo seruentur quoniam non contenti uina diffundere ueteraria per sapores aetatesque disponere inuenimus quomodo stiparemus niuem ut ea aestatem euinceret et contra anni feruorem defenderetur loci frigore,nos uero quaeramus potius quomodo fiant niues quam quomodo seruentur quoniam non contenti uina diffundere ueteraria per sapores aetatesque disponere inuenimus quomodo stiparemus niuem ut ea aestatem euinceret et contra anni feruorem defenderetur loci frigore
12196,body,678,1,False,,Quid hac diligentia consecuti sumus?,quid hac diligentia consecuti sumus,quid hac diligentia consecuti sumus
12196,body,678,2,False,,"Nempe ut gratuitam mercemur aquam: nobis dolet quod spiritum, quod solem emere non possumus, quod hic aer etiam delicatis diuitibusque ex facili nec emptus uenit.",nempe ut gratuitam mercemur aquam nobis dolet quod spiritum quod solem emere non possumus quod hic aer etiam delicatis diuitibusque ex facili nec emptus uenit,nempe ut gratuitam mercemur aquam nobis dolet quod spiritum quod solem emere non possumus quod hic aer etiam delicatis diuitibusque ex facili nec emptus uenit
12196,body,678,3,True,,"O quam nobis male est, quod quicquam a rerum natura in medio relictum est!",o quam nobis male est quod quicquam a rerum natura in medio relictum est,o quam nobis male est quod quicquam a rerum natura in medio relictum est
12196,body,679,0,False,,"Hoc quod illa fluere et patere omnibus uoluit, cuius haustum uitae publicum fecit, hoc quod tam homini quam feris auibusque et inertissimis animalibus in usum large ac beate profudit, contra se ingeniosa luxuria redegit ad pretium: adeo nihil illi potest placere nisi carum.",hoc quod illa fluere et patere omnibus uoluit cuius haustum uitae publicum fecit hoc quod tam homini quam feris auibusque et inertissimis animalibus in usum large ac beate profudit contra se ingeniosa luxuria redegit ad pretium adeo nihil illi potest placere nisi carum,hoc quod illa fluere et patere omnibus uoluit cuius haustum uitae publicum fecit hoc quod tam homini quam feris auibusque et inertissimis animalibus in usum large ac beate profudit contra se ingeniosa luxuria redegit ad pretium adeo nihil illi potest placere nisi carum
12196,body,679,1,True,,"Unum hoc erat quod diuites in aequum turbae deduceret, quo non possent antecedere pauperrimum: illi, cui diuitiae molestae sunt, excogitatum est quemadmodum etiam caperet aqua luxuriam.",unum hoc erat quod diuites in aequum turbae deduceret quo non possent antecedere pauperrimum illi cui diuitiae molestae sunt excogitatum est quemadmodum etiam caperet aqua luxuriam,unum hoc erat quod diuites in aequum turbae deduceret quo non possent antecedere pauperrimum illi cui diuitiae molestae sunt excogitatum est quemadmodum etiam caperet aqua luxuriam
12196,body,680,0,False,,"Unde ad hoc peruentum sit ut nulla nobis aqua satis frigida uideretur quae flueret, dicam.",unde ad hoc peruentum sit ut nulla nobis aqua satis frigida uideretur quae flueret dicam,unde ad hoc peruentum sit ut nulla nobis aqua satis frigida uideretur quae flueret dicam
12196,body,680,1,False,,"Quamdiu sanus et salubris cibi capax stomachus est impleturque, non premitur, naturalibus fomentis contentus est: ubi cotidianis cruditatibus perustus non temporis aestus sed suos sentit, ubi ebrietas continua uisceribus insedit et praecordia bile, in quam uertitur, torret, aliquid necessario quaeritur, quo aestus ille frangatur, qui ipsis aquis incalescit: remediis incitatur uitium.",quamdiu sanus et salubris cibi capax stomachus est impleturque non premitur naturalibus fomentis contentus est ubi cotidianis cruditatibus perustus non temporis aestus sed suos sentit ubi ebrietas continua uisceribus insedit et praecordia bile in quam uertitur torret aliquid necessario quaeritur quo aestus ille frangatur qui ipsis aquis incalescit remediis incitatur uitium,quamdiu sanus et salubris cibi capax stomachus est impleturque non premitur naturalibus fomentis contentus est ubi cotidianis cruditatibus perustus non temporis aestus sed suos sentit ubi ebrietas continua uisceribus insedit et praecordia bile in quam uertitur torret aliquid necessario quaeritur quo aestus ille frangatur qui ipsis aquis incalescit remediis incitatur uitium
12196,body,680,2,True,,Itaque non aestate tantum sed et media hieme niuem bac causa bibunt.,itaque non aestate tantum sed et media hieme niuem bac causa bibunt,itaque non aestate tantum sed et media hieme niuem bac causa bibunt
12196,body,681,0,False,,Quae huius rei causa est nisi intestinum malum et luxu corrupta praecordia?,quae huius rei causa est nisi intestinum malum et luxu corrupta praecordia,quae huius rei causa est nisi intestinum malum et luxu corrupta praecordia
12196,body,681,1,True,,"Quibus nullum interuallum umquam, quo interquiescerent, datum est, sed prandia cenis usque in lucem perductis ingesta sunt et distentos copia ferculorum ac uarietate comessatio altius mersit; deinde numquam intermissa intemperantia quicquid animi decoxerat efferauit et in desiderium semper noui rigoris accendit.",quibus nullum interuallum umquam quo interquiescerent datum est sed prandia cenis usque in lucem perductis ingesta sunt et distentos copia ferculorum ac uarietate comessatio altius mersit deinde numquam intermissa intemperantia quicquid animi decoxerat efferauit et in desiderium semper noui rigoris accendit,quibus nullum interuallum umquam quo interquiescerent datum est sed prandia cenis usque in lucem perductis ingesta sunt et distentos copia ferculorum ac uarietate comessatio altius mersit deinde numquam intermissa intemperantia quicquid animi decoxerat efferauit et in desiderium semper noui rigoris accendit
12196,body,682,0,False,,"Itaque quamuis cenationem uelis ac specularibus muniant et igne multo doment hiemem, nihilominus stomachus ille solutus et aestu suo languidus quaerit aliquid quo erigatur.",itaque quamuis cenationem uelis ac specularibus muniant et igne multo doment hiemem nihilominus stomachus ille solutus et aestu suo languidus quaerit aliquid quo erigatur,itaque quamuis cenationem uelis ac specularibus muniant et igne multo doment hiemem nihilominus stomachus ille solutus et aestu suo languidus quaerit aliquid quo erigatur
12196,body,682,1,True,,"Nam sicut animo relictos stupentesque frigida spargimus, ut ad sensum sui redeant, ita uiscera istorum uitiis torpentia nihil sentiunt, nisi frigore illa uehementiore perusseris.",nam sicut animo relictos stupentesque frigida spargimus ut ad sensum sui redeant ita uiscera istorum uitiis torpentia nihil sentiunt nisi frigore illa uehementiore perusseris,nam sicut animo relictos stupentesque frigida spargimus ut ad sensum sui redeant ita uiscera istorum uitiis torpentia nihil sentiunt nisi frigore illa uehementiore perusseris
12196,body,683,0,False,,"Inde est, inquam, quod ne niue quidem contenti sunt, sed glaciem, uelut certior illi ex solido rigor sit, exquirunt ac saepe repetitis aquis diluunt: quae non e summo tollitur sed, ut uim maiorem habeat et pertinacius frigus, ex abdito effoditur.",inde est inquam quod ne niue quidem contenti sunt sed glaciem uelut certior illi ex solido rigor sit exquirunt ac saepe repetitis aquis diluunt quae non e summo tollitur sed ut uim maiorem habeat et pertinacius frigus ex abdito effoditur,inde est inquam quod ne niue quidem contenti sunt sed glaciem uelut certior illi ex solido rigor sit exquirunt ac saepe repetitis aquis diluunt quae non e summo tollitur sed ut uim maiorem habeat et pertinacius frigus ex abdito effoditur
12196,body,683,1,False,,"Itaque ne unum quidem eius est pretium, sed habet institores aqua et annonam (pro pudor!",itaque ne unum quidem eius est pretium sed habet institores aqua et annonam pro pudor,itaque ne unum quidem eius est pretium sed habet institores aqua et annonam pro pudor
12196,body,683,2,True,,) uariam.,uariam,uariam
12196,body,684,0,True,,"Unguentarios Lacedaemonii urbe expulerunt et propere cedere finibus suis iusserunt, quia oleum disperderent: quid illi fecissent, si uidissent reponendae niuis officinas et tot iumenta portandae aquae deseruientia, cuius colorem saporemque paleis, quibus custodiunt, inquinant?",unguentarios lacedaemonii urbe expulerunt et propere cedere finibus suis iusserunt quia oleum disperderent quid illi fecissent si uidissent reponendae niuis officinas et tot iumenta portandae aquae deseruientia cuius colorem saporemque paleis quibus custodiunt inquinant,unguentarios lacedaemonii urbe expulerunt et propere cedere finibus suis iusserunt quia oleum disperderent quid illi fecissent si uidissent reponendae niuis officinas et tot iumenta portandae aquae deseruientia cuius colorem saporemque paleis quibus custodiunt inquinant
12196,body,685,0,False,,"At, dii boni, quam facile est extinguere sitim sanam!",at dii boni quam facile est extinguere sitim sanam,at dii boni quam facile est extinguere sitim sanam
12196,body,685,1,False,,Sed quid sentire possunt emortuae fauces et occallatae cibis ardentibus?,sed quid sentire possunt emortuae fauces et occallatae cibis ardentibus,sed quid sentire possunt emortuae fauces et occallatae cibis ardentibus
12196,body,685,2,False,,"Quemadmodum nihil illis satis frigidum, sic nihil satis calidum est, sed ardentes boletos et raptim indumento suo mersatos demittunt paene fumantes, quos deinde restinguant niuatis potionibus.",quemadmodum nihil illis satis frigidum sic nihil satis calidum est sed ardentes boletos et raptim indumento suo mersatos demittunt paene fumantes quos deinde restinguant niuatis potionibus,quemadmodum nihil illis satis frigidum sic nihil satis calidum est sed ardentes boletos et raptim indumento suo mersatos demittunt paene fumantes quos deinde restinguant niuatis potionibus
12196,body,685,3,True,,"Videbis, inquam, quosdam graciles et palliolo focalique circumdatos, pallentes et aegros non sorbere solum niuem sed etiam esse et frusta eius in scyphos suos deicere, ne tepescant inter ipsam bibendi moram.",videbis inquam quosdam graciles et palliolo focalique circumdatos pallentes et aegros non sorbere solum niuem sed etiam esse et frusta eius in scyphos suos deicere ne tepescant inter ipsam bibendi moram,uidebis inquam quosdam graciles et palliolo focalique circumdatos pallentes et aegros non sorbere solum niuem sed etiam esse et frusta eius in scyphos suos deicere ne tepescant inter ipsam bibendi moram
12196,body,686,0,False,,Sitim istam esse putas?,sitim istam esse putas,sitim istam esse putas
12196,body,686,1,False,,"Febris est, et quidem eo acrior quod non tactu uenarum nec in cutem effuso calore deprehenditur sed cor ipsum excoquit.",febris est et quidem eo acrior quod non tactu uenarum nec in cutem effuso calore deprehenditur sed cor ipsum excoquit,febris est et quidem eo acrior quod non tactu uenarum nec in cutem effuso calore deprehenditur sed cor ipsum excoquit
12196,body,686,2,False,,Luxuria inuictum malum et ex molli fluidoque durum atque patiens.,luxuria inuictum malum et ex molli fluidoque durum atque patiens,luxuria inuictum malum et ex molli fluidoque durum atque patiens
12196,body,686,3,False,,Non intellegis omnia consuetudine uim suam perdere?,non intellegis omnia consuetudine uim suam perdere,non intellegis omnia consuetudine uim suam perdere
12196,body,686,4,False,,"Itaque nix ista, in qua iam etiam natatis, eo peruenit usu et cotidiana stomachi seruitute, ut aquae locum obtineat.",itaque nix ista in qua iam etiam natatis eo peruenit usu et cotidiana stomachi seruitute ut aquae locum obtineat,itaque nix ista in qua iam etiam natatis eo peruenit usu et cotidiana stomachi seruitute ut aquae locum obtineat
12196,body,686,5,True,,"Aliquid adhuc quaerite illa frigidius, quia pro nihilo est familiaris rigor.",aliquid adhuc quaerite illa frigidius quia pro nihilo est familiaris rigor,aliquid adhuc quaerite illa frigidius quia pro nihilo est familiaris rigor
12196,head,687,0,True,,Liber V De ventis,liber v de ventis,liber u de uentis
12196,head,688,0,True,,CAPUT 1,caput,caput
12196,body,689,0,False,,Uentus est fluens aer.,uentus est fluens aer,uentus est fluens aer
12196,body,689,1,False,,Quidam ita definierunt: uentus est aer fluens in unam partem.,quidam ita definierunt uentus est aer fluens in unam partem,quidam ita definierunt uentus est aer fluens in unam partem
12196,body,689,2,True,,"Haec definitio uidetur diligentior, quia numquam aer tam immobilis est ut non in aliqua sit agitatione; sic tranquillum mare dicitur, cum leuiter commouetur nec in unam partem inclinatur: itaque si legeris ""cum placidum uentis staret mare"", scito illud non stare sed succuti leuiter et dici tranquillum, quia nec hoc nec illo impetum capiat.",haec definitio uidetur diligentior quia numquam aer tam immobilis est ut non in aliqua sit agitatione sic tranquillum mare dicitur cum leuiter commouetur nec in unam partem inclinatur itaque si legeris cum placidum uentis staret mare scito illud non stare sed succuti leuiter et dici tranquillum quia nec hoc nec illo impetum capiat,haec definitio uidetur diligentior quia numquam aer tam immobilis est ut non in aliqua sit agitatione sic tranquillum mare dicitur cum leuiter commouetur nec in unam partem inclinatur itaque si legeris cum placidum uentis staret mare scito illud non stare sed succuti leuiter et dici tranquillum quia nec hoc nec illo impetum capiat
12196,body,690,0,False,,"Idem et de aere iudicandum est, non esse umquam immobilem, etiamsi quietus sit.",idem et de aere iudicandum est non esse umquam immobilem etiamsi quietus sit,idem et de aere iudicandum est non esse umquam immobilem etiamsi quietus sit
12196,body,690,1,True,,"Quod ex hoc intellegas licet: cum sol in aliquem clausum locum infusus est, uidemus corpuscula minima in aduersum ferri, alia sursum, alia deorsum uarie concursantia.",quod ex hoc intellegas licet cum sol in aliquem clausum locum infusus est uidemus corpuscula minima in aduersum ferri alia sursum alia deorsum uarie concursantia,quod ex hoc intellegas licet cum sol in aliquem clausum locum infusus est uidemus corpuscula minima in aduersum ferri alia sursum alia deorsum uarie concursantia
12196,body,691,0,True,,"Ergo ut parum diligenter comprehendet quod uult, qui dixerit: ""fluctus est maris agitatio"", quia tranquillum quoque agitatur, at ille abunde sibi cauerit, cuius definitio haec fuerit: ""fluctus est maris in unam partem agitatio""; sic in hac quoque re, quam cum maxime quaerimus, non circumscribetur qui ita se gesserit ut dicat: ""uentus est fluens in unam partem aer"" aut ""aer fluens impetu"" aut ""uis aeris in unam partem euntis"" aut ""cursus aeris aliquo concitatior"".",ergo ut parum diligenter comprehendet quod uult qui dixerit fluctus est maris agitatio quia tranquillum quoque agitatur at ille abunde sibi cauerit cuius definitio haec fuerit fluctus est maris in unam partem agitatio sic in hac quoque re quam cum maxime quaerimus non circumscribetur qui ita se gesserit ut dicat uentus est fluens in unam partem aer aut aer fluens impetu aut uis aeris in unam partem euntis aut cursus aeris aliquo concitatior,ergo ut parum diligenter comprehendet quod uult qui dixerit fluctus est maris agitatio quia tranquillum quoque agitatur at ille abunde sibi cauerit cuius definitio haec fuerit fluctus est maris in unam partem agitatio sic in hac quoque re quam cum maxime quaerimus non circumscribetur qui ita se gesserit ut dicat uentus est fluens in unam partem aer aut aer fluens impetu aut uis aeris in unam partem euntis aut cursus aeris aliquo concitatior
12196,body,692,0,False,,"Scio quid responderi pro altera definitione possit: quid necesse est adicere te ""in unam partem""?",scio quid responderi pro altera definitione possit quid necesse est adicere te in unam partem,scio quid responderi pro altera definitione possit quid necesse est adicere te in unam partem
12196,body,692,1,True,,"Utique enim quod fluit in unam partem fluit; nemo aquam fluere dicit, si tantum intra se mouetur, sed si aliquo fertur: potest ergo aliquid moueri et non fluere, et e contrario non potest fluere nisi in unam partem.",utique enim quod fluit in unam partem fluit nemo aquam fluere dicit si tantum intra se mouetur sed si aliquo fertur potest ergo aliquid moueri et non fluere et e contrario non potest fluere nisi in unam partem,utique enim quod fluit in unam partem fluit nemo aquam fluere dicit si tantum intra se mouetur sed si aliquo fertur potest ergo aliquid moueri et non fluere et e contrario non potest fluere nisi in unam partem
12196,body,693,0,False,,"Sed siue haec breuitas satis a calumnia tuta est, hac utamur; siue aliquis circumspectior est, uerbo non parcat, cuius adiectio cauillationem omnem poterit excludere.",sed siue haec breuitas satis a calumnia tuta est hac utamur siue aliquis circumspectior est uerbo non parcat cuius adiectio cauillationem omnem poterit excludere,sed siue haec breuitas satis a calumnia tuta est hac utamur siue aliquis circumspectior est uerbo non parcat cuius adiectio cauillationem omnem poterit excludere
12196,body,693,1,True,,"Nunc ad ipsam rem accedamus, quoniam satis de formula disputatum est.",nunc ad ipsam rem accedamus quoniam satis de formula disputatum est,nunc ad ipsam rem accedamus quoniam satis de formula disputatum est
12196,head,694,0,True,,CAPUT 2,caput,caput
12196,body,695,0,False,,"Democritus ait, cum in angusto inani multa sint corpuscula, quae ille atomos uocat, sequi uentum; at contra quietum et placidum aeris statum esse, cum in multo inani pauca sint corpuscula.",democritus ait cum in angusto inani multa sint corpuscula quae ille atomos uocat sequi uentum at contra quietum et placidum aeris statum esse cum in multo inani pauca sint corpuscula,democritus ait cum in angusto inani multa sint corpuscula quae ille atomos uocat sequi uentum at contra quietum et placidum aeris statum esse cum in multo inani pauca sint corpuscula
12196,body,695,1,True,,"Nam quemadmodum in foro aut uico, quamdiu paucitas est, sine tumultu ambulatur, ubi turba in angustum concurrit, aliorum in alios incidentium rixa fit: sic in hoc quo circumdati sumus spatio, cum exiguum locum multa corpora impleuerint, necesse est alia aliis incidant et impellant ac repellantur implicenturque et comprimantur, ex quibus nascitur uentus, cum illa quae colluctabantur incubuere et diu fluctuata ac dubia inclinauere se. At ubi in magna laxitate corpora pauca uersantur, nec arietare possunt nec impelli.",nam quemadmodum in foro aut uico quamdiu paucitas est sine tumultu ambulatur ubi turba in angustum concurrit aliorum in alios incidentium rixa fit sic in hoc quo circumdati sumus spatio cum exiguum locum multa corpora impleuerint necesse est alia aliis incidant et impellant ac repellantur implicenturque et comprimantur ex quibus nascitur uentus cum illa quae colluctabantur incubuere et diu fluctuata ac dubia inclinauere se at ubi in magna laxitate corpora pauca uersantur nec arietare possunt nec impelli,nam quemadmodum in foro aut uico quamdiu paucitas est sine tumultu ambulatur ubi turba in angustum concurrit aliorum in alios incidentium rixa fit sic in hoc quo circumdati sumus spatio cum exiguum locum multa corpora impleuerint necesse est alia aliis incidant et impellant ac repellantur implicenturque et comprimantur ex quibus nascitur uentus cum illa quae colluctabantur incubuere et diu fluctuata ac dubia inclinauere se at ubi in magna laxitate corpora pauca uersantur nec arietare possunt nec impelli
12196,head,696,0,True,,CAPUT 3,caput,caput
12196,body,697,0,True,,"Hoc falsum esse uel ex eo colligas licet quod tunc minime uentus est, cum aer nubilo grauis est: atqui tunc plurima corpora se in angustum contulerunt, et inde est spissarum nubium grauitas.",hoc falsum esse uel ex eo colligas licet quod tunc minime uentus est cum aer nubilo grauis est atqui tunc plurima corpora se in angustum contulerunt et inde est spissarum nubium grauitas,hoc falsum esse uel ex eo colligas licet quod tunc minime uentus est cum aer nubilo grauis est atqui tunc plurima corpora se in angustum contulerunt et inde est spissarum nubium grauitas
12196,body,698,0,False,,"Adice nunc quod circa flumina et lacus frequens nebula est artatis congestisque corporibus, nec tamen uentus est.",adice nunc quod circa flumina et lacus frequens nebula est artatis congestisque corporibus nec tamen uentus est,adice nunc quod circa flumina et lacus frequens nebula est artatis congestisque corporibus nec tamen uentus est
12196,body,698,1,False,,"Interdum uero tanta caligo effunditur ut conspectum in uicino stantium eripiat, quod non eueniret, nisi in paruum locum corpora se multa compellerent.",interdum uero tanta caligo effunditur ut conspectum in uicino stantium eripiat quod non eueniret nisi in paruum locum corpora se multa compellerent,interdum uero tanta caligo effunditur ut conspectum in uicino stantium eripiat quod non eueniret nisi in paruum locum corpora se multa compellerent
12196,body,698,2,True,,Atqui nullum tempus magis quam nebulosum caret uento.,atqui nullum tempus magis quam nebulosum caret uento,atqui nullum tempus magis quam nebulosum caret uento
12196,body,699,0,True,,"Adice nunc quod e contrario euenit ut sol matutinum aera spissum et umidum ortu suo tenuet; tunc surgit aura, cum datum est laxamentum corporibus et stipatio illorum ac turba resoluta est.",adice nunc quod e contrario euenit ut sol matutinum aera spissum et umidum ortu suo tenuet tunc surgit aura cum datum est laxamentum corporibus et stipatio illorum ac turba resoluta est,adice nunc quod e contrario euenit ut sol matutinum aera spissum et umidum ortu suo tenuet tunc surgit aura cum datum est laxamentum corporibus et stipatio illorum ac turba resoluta est
12196,head,700,0,True,,CAPUT 4,caput,caput
12196,body,701,0,False,,"Quo modo ergo, inquis, uenti fiunt, quoniam hoc negas fieri?",quo modo ergo inquis uenti fiunt quoniam hoc negas fieri,quo modo ergo inquis uenti fiunt quoniam hoc negas fieri
12196,body,701,1,True,,"– Non uno modo: alias enim terra ipsa magnam uim aeris eicit et ex abdito spirat, alias, cum magna et continua ex imo euaporatio in altum egit quae emiserat, mutatio ipsa halitus mixti in uentum uertitur.",non uno modo alias enim terra ipsa magnam uim aeris eicit et ex abdito spirat alias cum magna et continua ex imo euaporatio in altum egit quae emiserat mutatio ipsa halitus mixti in uentum uertitur,non uno modo alias enim terra ipsa magnam uim aeris eicit et ex abdito spirat alias cum magna et continua ex imo euaporatio in altum egit quae emiserat mutatio ipsa halitus mixti in uentum uertitur
12196,body,702,0,False,,"Illud enim nec ut credam mihi persuaderi potest nec ut taceam: quomodo in nostris corporibus cibo fit inflatio (quae non sine magna narium iniuria emittitur et uentrem interdum cum sonos exonerat, interdum secretus), sic putant et hanc magnam rerum naturam alimenta mutantem emittere spiritum.",illud enim nec ut credam mihi persuaderi potest nec ut taceam quomodo in nostris corporibus cibo fit inflatio quae non sine magna narium iniuria emittitur et uentrem interdum cum sonos exonerat interdum secretus sic putant et hanc magnam rerum naturam alimenta mutantem emittere spiritum,illud enim nec ut credam mihi persuaderi potest nec ut taceam quomodo in nostris corporibus cibo fit inflatio quae non sine magna narium iniuria emittitur et uentrem interdum cum sonos exonerat interdum secretus sic putant et hanc magnam rerum naturam alimenta mutantem emittere spiritum
12196,body,702,1,True,,Bene nobiscum agitur quod semper concoquit: alioquin immundius aliquid timeremus.,bene nobiscum agitur quod semper concoquit alioquin immundius aliquid timeremus,bene nobiscum agitur quod semper concoquit alioquin immundius aliquid timeremus
12196,body,703,0,False,,"Numquid ergo hoc uerius est dicere, multa ex omni parte terrarum et assidua ferri corpuscula?",numquid ergo hoc uerius est dicere multa ex omni parte terrarum et assidua ferri corpuscula,numquid ergo hoc uerius est dicere multa ex omni parte terrarum et assidua ferri corpuscula
12196,body,703,1,True,,"Quae cum coaceruata sunt, deinde extenuari sole coeperunt, quia omne quod in angusto dilatatur, spatium maius desiderat, uentus existit.",quae cum coaceruata sunt deinde extenuari sole coeperunt quia omne quod in angusto dilatatur spatium maius desiderat uentus existit,quae cum coaceruata sunt deinde extenuari sole coeperunt quia omne quod in angusto dilatatur spatium maius desiderat uentus existit
12196,head,704,0,True,,CAPUT 5,caput,caput
12196,body,705,0,False,,Quid ergo?,quid ergo,quid ergo
12196,body,705,1,False,,"Hanc solam esse causam uenti existimo, aquarum terrarumque euaporationes; ex his grauitatem aeris fieri, deinde solui impetu, cum quae densa steterant, ut est necesse, extenuata nituntur in ampliorem locum?",hanc solam esse causam uenti existimo aquarum terrarumque euaporationes ex his grauitatem aeris fieri deinde solui impetu cum quae densa steterant ut est necesse extenuata nituntur in ampliorem locum,hanc solam esse causam uenti existimo aquarum terrarumque euaporationes ex his grauitatem aeris fieri deinde solui impetu cum quae densa steterant ut est necesse extenuata nituntur in ampliorem locum
12196,body,705,2,False,,Ego uero et hanc iudico.,ego uero et hanc iudico,ego uero et hanc iudico
12196,body,705,3,True,,"Ceterum illa est longe ualentior ueriorque, habere aera naturalem uim mouendi se nec aliunde concipere sed inesse illi, ut aliarum rerum, ita huius potentiam.",ceterum illa est longe ualentior ueriorque habere aera naturalem uim mouendi se nec aliunde concipere sed inesse illi ut aliarum rerum ita huius potentiam,ceterum illa est longe ualentior ueriorque habere aera naturalem uim mouendi se nec aliunde concipere sed inesse illi ut aliarum rerum ita huius potentiam
12196,body,706,0,False,,"An hoc existimas, nobis quidem datas uires quibus nos moueremus, aera autem relictum inertem et inagitabilem esse, cum aqua motum suum habeat etiam uentis quiescentibus?",an hoc existimas nobis quidem datas uires quibus nos moueremus aera autem relictum inertem et inagitabilem esse cum aqua motum suum habeat etiam uentis quiescentibus,an hoc existimas nobis quidem datas uires quibus nos moueremus aera autem relictum inertem et inagitabilem esse cum aqua motum suum habeat etiam uentis quiescentibus
12196,body,706,1,True,,Nec enim aliter animalia ederet; muscum quoque innasci aquis et herbosa quaedam uidemus summo innatantia: est ergo aliquid in aqua uitale.,nec enim aliter animalia ederet muscum quoque innasci aquis et herbosa quaedam uidemus summo innatantia est ergo aliquid in aqua uitale,nec enim aliter animalia ederet muscum quoque innasci aquis et herbosa quaedam uidemus summo innatantia est ergo aliquid in aqua uitale
12196,head,707,0,True,,CAPUT 6,caput,caput
12196,body,708,0,False,,De aqua dico?,de aqua dico,de aqua dico
12196,body,708,1,False,,"Ignis, qui omma consumit, quaedam creat et, quod uideri non potest simile ueri, tamen uerum est, animalia igne generari.",ignis qui omma consumit quaedam creat et quod uideri non potest simile ueri tamen uerum est animalia igne generari,ignis qui omma consumit quaedam creat et quod uideri non potest simile ueri tamen uerum est animalia igne generari
12196,body,708,2,False,,Habet ergo aliquam uim uitalem aer et ideo modo spissat se modo expandit et purgat et alias contrahit diducit ac differt.,habet ergo aliquam uim uitalem aer et ideo modo spissat se modo expandit et purgat et alias contrahit diducit ac differt,habet ergo aliquam uim uitalem aer et ideo modo spissat se modo expandit et purgat et alias contrahit diducit ac differt
12196,body,708,3,False,,Hoc ergo interest inter aera et uentum quod inter lacum et flumen.,hoc ergo interest inter aera et uentum quod inter lacum et flumen,hoc ergo interest inter aera et uentum quod inter lacum et flumen
12196,body,708,4,True,,Aliquando per se ipse sol causa uenti est fundens rigentem aera et ex denso coactoque explicans.,aliquando per se ipse sol causa uenti est fundens rigentem aera et ex denso coactoque explicans,aliquando per se ipse sol causa uenti est fundens rigentem aera et ex denso coactoque explicans
12196,head,709,0,True,,CAPUT 7,caput,caput
12196,body,710,0,False,,In uniuersum de uentis diximus: nunc uiritim incipiamus illos excutere.,in uniuersum de uentis diximus nunc uiritim incipiamus illos excutere,in uniuersum de uentis diximus nunc uiritim incipiamus illos excutere
12196,body,710,1,False,,"Fortasse apparebit quemadmodum fiant, si apparuerit quando et unde procedant.",fortasse apparebit quemadmodum fiant si apparuerit quando et unde procedant,fortasse apparebit quemadmodum fiant si apparuerit quando et unde procedant
12196,body,710,2,True,,"Primum ergo antelucanos flatus inspiciamus, qui aut ex fluminibus aut ex conuallibus aut aliquo sinu feruntur.",primum ergo antelucanos flatus inspiciamus qui aut ex fluminibus aut ex conuallibus aut aliquo sinu feruntur,primum ergo antelucanos flatus inspiciamus qui aut ex fluminibus aut ex conuallibus aut aliquo sinu feruntur
12196,body,711,0,False,,Nullus ex his pertinax est sed cadit fortiore iam sole nec fert ultra terrarum conspectum.,nullus ex his pertinax est sed cadit fortiore iam sole nec fert ultra terrarum conspectum,nullus ex his pertinax est sed cadit fortiore iam sole nec fert ultra terrarum conspectum
12196,body,711,1,False,,"Hoc uentorum genus incipit uere, non ultra aestatem durat et inde maxime uenit ubi aquarum plurimum et montium est.",hoc uentorum genus incipit uere non ultra aestatem durat et inde maxime uenit ubi aquarum plurimum et montium est,hoc uentorum genus incipit uere non ultra aestatem durat et inde maxime uenit ubi aquarum plurimum et montium est
12196,body,711,2,True,,"Plana, licet abundent aquis, carent aura; hac, dico, quae pro uento ualet.",plana licet abundent aquis carent aura hac dico quae pro uento ualet,plana licet abundent aquis carent aura hac dico quae pro uento ualet
12196,head,712,0,True,,CAPUT 8,caput,caput
12196,body,713,0,False,,Quomodo ergo talis flatus concipitur quem Graeci G–egkolpian uocant?,quomodo ergo talis flatus concipitur quem graeci gegkolpian uocant,quomodo ergo talis flatus concipitur quem graeci gegkolpian uocant
12196,body,713,1,False,,"Quicquid ex se paludes et flumina remittunt (id autem et multum est et assiduum), per diem solis alimentum est, nocte non exhauritur et montibus inclusum in unam regionem colligitur; cum illam impleuit et iam se non capit, exprimitur aliquo et in unam partem procedit: hinc uentus est.",quicquid ex se paludes et flumina remittunt id autem et multum est et assiduum per diem solis alimentum est nocte non exhauritur et montibus inclusum in unam regionem colligitur cum illam impleuit et iam se non capit exprimitur aliquo et in unam partem procedit hinc uentus est,quicquid ex se paludes et flumina remittunt id autem et multum est et assiduum per diem solis alimentum est nocte non exhauritur et montibus inclusum in unam regionem colligitur cum illam impleuit et iam se non capit exprimitur aliquo et in unam partem procedit hinc uentus est
12196,body,713,2,True,,"Itaque eo incumbit quo liberior exitus inuitat et loci laxitas, in quam coaceruata decurrant.",itaque eo incumbit quo liberior exitus inuitat et loci laxitas in quam coaceruata decurrant,itaque eo incumbit quo liberior exitus inuitat et loci laxitas in quam coaceruata decurrant
12196,body,714,0,False,,"Huius rei argumentum est, quod prima noctis parte non spirat: incipit enim fieri illa collectio, quae circa lucem iam plena est; onerata quaerit quo defluat, et eo potissimum exit ubi plurimum uacui est et magna ac patens area.",huius rei argumentum est quod prima noctis parte non spirat incipit enim fieri illa collectio quae circa lucem iam plena est onerata quaerit quo defluat et eo potissimum exit ubi plurimum uacui est et magna ac patens area,huius rei argumentum est quod prima noctis parte non spirat incipit enim fieri illa collectio quae circa lucem iam plena est onerata quaerit quo defluat et eo potissimum exit ubi plurimum uacui est et magna ac patens area
12196,body,714,1,True,,"Adicit autem ei stimulos ortus solis feriens gelidum aera; nam etiam antequam appareat, lumine ipso ualet et nondum quidem radiis aera impellit, iam tamen lacessit et irritat luce praemissa;",adicit autem ei stimulos ortus solis feriens gelidum aera nam etiam antequam appareat lumine ipso ualet et nondum quidem radiis aera impellit iam tamen lacessit et irritat luce praemissa,adicit autem ei stimulos ortus solis feriens gelidum aera nam etiam antequam appareat lumine ipso ualet et nondum quidem radiis aera impellit iam tamen lacessit et irritat luce praemissa
12196,body,715,0,False,,"nam cum ipse processit, alia superius rapiuntur, alia diffunduntur tepore: ideo non ultra matutinum illis datur fluere; omnis illorum uis conspectu solis extinguitur.",nam cum ipse processit alia superius rapiuntur alia diffunduntur tepore ideo non ultra matutinum illis datur fluere omnis illorum uis conspectu solis extinguitur,nam cum ipse processit alia superius rapiuntur alia diffunduntur tepore ideo non ultra matutinum illis datur fluere omnis illorum uis conspectu solis extinguitur
12196,body,715,1,True,,"Etiamsi uiolentiores flauere, circa medium tamen diem relanguescunt, nec unquam usque in meridiem aura producitur; alia autem imbecillior ac breuior est, prout ualentioribus minoribusue collecta causis est.",etiamsi uiolentiores flauere circa medium tamen diem relanguescunt nec unquam usque in meridiem aura producitur alia autem imbecillior ac breuior est prout ualentioribus minoribusue collecta causis est,etiamsi uiolentiores flauere circa medium tamen diem relanguescunt nec unquam usque in meridiem aura producitur alia autem imbecillior ac breuior est prout ualentioribus minoribusue collecta causis est
12196,head,716,0,True,,CAPUT 9,caput,caput
12196,body,717,0,False,,Quare tamen tales uenti uere et aestate ualidiores sunt?,quare tamen tales uenti uere et aestate ualidiores sunt,quare tamen tales uenti uere et aestate ualidiores sunt
12196,body,717,1,True,,"– (leuissimi enim cetera parte anni nec qui uela impleant surgunt): quia uer aquosum est ex pluuialibus aquis, locisque ob umidam caeli naturam saturis et redundantibus maior euaporatio est.",leuissimi enim cetera parte anni nec qui uela impleant surgunt quia uer aquosum est ex pluuialibus aquis locisque ob umidam caeli naturam saturis et redundantibus maior euaporatio est,leuissimi enim cetera parte anni nec qui uela impleant surgunt quia uer aquosum est ex pluuialibus aquis locisque ob umidam caeli naturam saturis et redundantibus maior euaporatio est
12196,body,718,0,False,,At quare aestate aeque profunditur?,at quare aestate aeque profunditur,at quare aestate aeque profunditur
12196,body,718,1,True,,"Quia post occasum solis remanet diurnus calor et magna noctis parte perdurat; qui euocat exeuntia ac uehementius trahit quicquid ex his sponte reddi solet, deinde non tantum habet uirium ut quod euocauit absumat: ob hoc diutius corpuscula emanare solita et efflari terra, ex se atque umorem mittunt.",quia post occasum solis remanet diurnus calor et magna noctis parte perdurat qui euocat exeuntia ac uehementius trahit quicquid ex his sponte reddi solet deinde non tantum habet uirium ut quod euocauit absumat ob hoc diutius corpuscula emanare solita et efflari terra ex se atque umorem mittunt,quia post occasum solis remanet diurnus calor et magna noctis parte perdurat qui euocat exeuntia ac uehementius trahit quicquid ex his sponte reddi solet deinde non tantum habet uirium ut quod euocauit absumat ob hoc diutius corpuscula emanare solita et efflari terra ex se atque umorem mittunt
12196,body,719,0,False,,"Facit autem uentum ortus non calore tantum sed etiam ictu: lux enim, ut dixi, quae solem antecedit, nondum aera calefacit sed percutit tantum, percussus autem in latus cedit.",facit autem uentum ortus non calore tantum sed etiam ictu lux enim ut dixi quae solem antecedit nondum aera calefacit sed percutit tantum percussus autem in latus cedit,facit autem uentum ortus non calore tantum sed etiam ictu lux enim ut dixi quae solem antecedit nondum aera calefacit sed percutit tantum percussus autem in latus cedit
12196,body,719,1,True,,"Quamquam ego ne illud quidem concesserim, lucem ipsam sine calore esse, cum ex calore sit:",quamquam ego ne illud quidem concesserim lucem ipsam sine calore esse cum ex calore sit,quamquam ego ne illud quidem concesserim lucem ipsam sine calore esse cum ex calore sit
12196,body,720,0,True,,"non habet forsitan tantum teporis, quantum tactu appareat, opus tamen suum facit et densa diducit ac tenuat; propterea loca, quae aliqua iniquitate naturae ita clausa sunt ut solem accipere non possint, illa quoque nubila et tristi luce calefiunt et per diem minus quam noctibus rigent.",non habet forsitan tantum teporis quantum tactu appareat opus tamen suum facit et densa diducit ac tenuat propterea loca quae aliqua iniquitate naturae ita clausa sunt ut solem accipere non possint illa quoque nubila et tristi luce calefiunt et per diem minus quam noctibus rigent,non habet forsitan tantum teporis quantum tactu appareat opus tamen suum facit et densa diducit ac tenuat propterea loca quae aliqua iniquitate naturae ita clausa sunt ut solem accipere non possint illa quoque nubila et tristi luce calefiunt et per diem minus quam noctibus rigent
12196,body,721,0,True,,"Etiamnunc natura calor omnis abigit nebulas et a se repellit: ergo sol quoque idem facit, et ideo, ut quibusdam uidetur, inde flatus est unde sol.",etiamnunc natura calor omnis abigit nebulas et a se repellit ergo sol quoque idem facit et ideo ut quibusdam uidetur inde flatus est unde sol,etiamnunc natura calor omnis abigit nebulas et a se repellit ergo sol quoque idem facit et ideo ut quibusdam uidetur inde flatus est unde sol
12196,head,722,0,True,,CAPUT 10,caput,caput
12196,body,723,0,False,,"Hoc falsum esse ex eo apparet quod aura in omnem partem uehit et contra ortum plenis uelis nauigatur: quod non eueniret, si semper uentus ferretur a sole.",hoc falsum esse ex eo apparet quod aura in omnem partem uehit et contra ortum plenis uelis nauigatur quod non eueniret si semper uentus ferretur a sole,hoc falsum esse ex eo apparet quod aura in omnem partem uehit et contra ortum plenis uelis nauigatur quod non eueniret si semper uentus ferretur a sole
12196,body,723,1,True,,"Etesiae quoque, qui in argumentum a quibusdam aduocantur, non nimis propositum adiuuant.",etesiae quoque qui in argumentum a quibusdam aduocantur non nimis propositum adiuuant,etesiae quoque qui in argumentum a quibusdam aduocantur non nimis propositum adiuuant
12196,body,724,0,False,,"Dicam primum quid illis placeat, deinde cur displiceat mihi.",dicam primum quid illis placeat deinde cur displiceat mihi,dicam primum quid illis placeat deinde cur displiceat mihi
12196,body,724,1,True,,"Etesiae, inquiunt, hieme non sunt, quia breuissimis diebus sol desinit, priusquam frigus euincatur (itaque niues et ponuntur et durant): aestate incipiunt flare, cum et longius extenditur dies et recti in nos radii diriguntur.",etesiae inquiunt hieme non sunt quia breuissimis diebus sol desinit priusquam frigus euincatur itaque niues et ponuntur et durant aestate incipiunt flare cum et longius extenditur dies et recti in nos radii diriguntur,etesiae inquiunt hieme non sunt quia breuissimis diebus sol desinit priusquam frigus euincatur itaque niues et ponuntur et durant aestate incipiunt flare cum et longius extenditur dies et recti in nos radii diriguntur
12196,body,725,0,True,,"Ueri ergo simile est concussas calore magno niues plus umidi efflare, item terras exoneratas niue retectasque spirare liberius: ita plura ex septemtrionali parte caeli corpora exire et in haec loca, quae sunt summissiora ac tepidiora, deferri; sic impetum etesias sumere.",ueri ergo simile est concussas calore magno niues plus umidi efflare item terras exoneratas niue retectasque spirare liberius ita plura ex septemtrionali parte caeli corpora exire et in haec loca quae sunt summissiora ac tepidiora deferri sic impetum etesias sumere,ueri ergo simile est concussas calore magno niues plus umidi efflare item terras exoneratas niue retectasque spirare liberius ita plura ex septemtrionali parte caeli corpora exire et in haec loca quae sunt summissiora ac tepidiora deferri sic impetum etesias sumere
12196,body,726,0,False,,"Et ob hoc a solstitio illis initium est (ultraque ortum Caniculae non ualent), quia iam multum e frigida caeli parte in hanc egestum est ac sol mutato cursu in nostram rectior tendit et alteram partem aeris attrahit, alteram uero impellit.",et ob hoc a solstitio illis initium est ultraque ortum caniculae non ualent quia iam multum e frigida caeli parte in hanc egestum est ac sol mutato cursu in nostram rectior tendit et alteram partem aeris attrahit alteram uero impellit,et ob hoc a solstitio illis initium est ultraque ortum caniculae non ualent quia iam multum e frigida caeli parte in hanc egestum est ac sol mutato cursu in nostram rectior tendit et alteram partem aeris attrahit alteram uero impellit
12196,body,726,1,True,,Sic ille etesiarum flatus aestatem frangit et a mensium feruentissimorum grauitate defendit.,sic ille etesiarum flatus aestatem frangit et a mensium feruentissimorum grauitate defendit,sic ille etesiarum flatus aestatem frangit et a mensium feruentissimorum grauitate defendit
12196,head,727,0,True,,CAPUT 11,caput,caput
12196,body,728,0,False,,Nunc (quod promisi) dicendum est quare etesiae nos non adiuuent nec quicquam huic conferant causae.,nunc quod promisi dicendum est quare etesiae nos non adiuuent nec quicquam huic conferant causae,nunc quod promisi dicendum est quare etesiae nos non adiuuent nec quicquam huic conferant causae
12196,body,728,1,False,,"Diximus ante lucem auram incitari, eandem subsidere, cum illam sol attigit.",diximus ante lucem auram incitari eandem subsidere cum illam sol attigit,diximus ante lucem auram incitari eandem subsidere cum illam sol attigit
12196,body,728,2,False,,"Atqui etesiae ob hoc somniculosi a nautis et delicati uocantur quod, ut ait Gallio, ""mane nesciunt surgere"": eo tempore fere incipiunt prodire quo ne pertinax quidem aura est.",atqui etesiae ob hoc somniculosi a nautis et delicati uocantur quod ut ait gallio mane nesciunt surgere eo tempore fere incipiunt prodire quo ne pertinax quidem aura est,atqui etesiae ob hoc somniculosi a nautis et delicati uocantur quod ut ait gallio mane nesciunt surgere eo tempore fere incipiunt prodire quo ne pertinax quidem aura est
12196,body,728,3,True,,"Quod non accideret, si ut auram ita illos comminueret sol.",quod non accideret si ut auram ita illos comminueret sol,quod non accideret si ut auram ita illos comminueret sol
12196,body,729,0,True,,"Adice nunc quod, si causa illis flatus esset spatium diei ac longitudo, et ante solstitium flarent, cum longissimi dies sunt et cum maxime niues tabescunt; Iulio enim mense iam despoliata sunt omnia aut certe admodum pauca iacent adhuc sub niue.",adice nunc quod si causa illis flatus esset spatium diei ac longitudo et ante solstitium flarent cum longissimi dies sunt et cum maxime niues tabescunt iulio enim mense iam despoliata sunt omnia aut certe admodum pauca iacent adhuc sub niue,adice nunc quod si causa illis flatus esset spatium diei ac longitudo et ante solstitium flarent cum longissimi dies sunt et cum maxime niues tabescunt iulio enim mense iam despoliata sunt omnia aut certe admodum pauca iacent adhuc sub niue
12196,head,730,0,True,,CAPUT 12,caput,caput
12196,body,731,0,False,,Sunt quaedam genera uentorum quae ruptae nubes et in pronum solutae emittunt: hos Graeci uentos G–eknephias uocant.,sunt quaedam genera uentorum quae ruptae nubes et in pronum solutae emittunt hos graeci uentos geknephias uocant,sunt quaedam genera uentorum quae ruptae nubes et in pronum solutae emittunt hos graeci uentos geknephias uocant
12196,body,731,1,True,,"Qui hoc, ut puto, modo fiunt: cum magna inaequalitas ac dissimilitudo corporum, quae uapor terrenus emittit, in sublime eat et alia ex his corporibus sicca sint, alia umida, ex tanta discordia corporum inter se pugnantium, cum in unum conglobata sunt, uerisimile est quasdam cauas effici nubes et interualla inter illas relinqui fistulosa et in modum tibiae angusta.",qui hoc ut puto modo fiunt cum magna inaequalitas ac dissimilitudo corporum quae uapor terrenus emittit in sublime eat et alia ex his corporibus sicca sint alia umida ex tanta discordia corporum inter se pugnantium cum in unum conglobata sunt uerisimile est quasdam cauas effici nubes et interualla inter illas relinqui fistulosa et in modum tibiae angusta,qui hoc ut puto modo fiunt cum magna inaequalitas ac dissimilitudo corporum quae uapor terrenus emittit in sublime eat et alia ex his corporibus sicca sint alia umida ex tanta discordia corporum inter se pugnantium cum in unum conglobata sunt uerisimile est quasdam cauas effici nubes et interualla inter illas relinqui fistulosa et in modum tibiae angusta
12196,body,732,0,False,,"His interuallis tenuis includitur spiritus, qui maius desiderat spatium, cum euerberatus cursu parum libero incaluit et ob hoc amplior fit, scinditque cingentia et erumpit in uentum, qui fere procellosus est, quia superne demittitur, et in nos cadit uehemens et acer, quia non fusus nec per apertum uenit sed laborat et iter sibi ui ac pugna parat.",his interuallis tenuis includitur spiritus qui maius desiderat spatium cum euerberatus cursu parum libero incaluit et ob hoc amplior fit scinditque cingentia et erumpit in uentum qui fere procellosus est quia superne demittitur et in nos cadit uehemens et acer quia non fusus nec per apertum uenit sed laborat et iter sibi ui ac pugna parat,his interuallis tenuis includitur spiritus qui maius desiderat spatium cum euerberatus cursu parum libero incaluit et ob hoc amplior fit scinditque cingentia et erumpit in uentum qui fere procellosus est quia superne demittitur et in nos cadit uehemens et acer quia non fusus nec per apertum uenit sed laborat et iter sibi ui ac pugna parat
12196,body,732,1,True,,"Hic fere breuis flatus est, quia receptacula nubium, per quae ferebatur, ac munimenta perrumpit: ideo tumultuosus uenit, aliquando non sine igne ac sono caeli.",hic fere breuis flatus est quia receptacula nubium per quae ferebatur ac munimenta perrumpit ideo tumultuosus uenit aliquando non sine igne ac sono caeli,hic fere breuis flatus est quia receptacula nubium per quae ferebatur ac munimenta perrumpit ideo tumultuosus uenit aliquando non sine igne ac sono caeli
12196,body,733,0,True,,"Hi uenti multo maiores diuturnioresque sunt, si alios quoque flatus ex eadem causa ruentes in se abstulerunt et in unum confluxere plures; sicut torrentes modicae magnitudinis sunt, quamdiu separatis suus cursus est, cum uero plures in se aquas conuerterunt, fluminum iustorum ac perennium magnitudinem excedunt:",hi uenti multo maiores diuturnioresque sunt si alios quoque flatus ex eadem causa ruentes in se abstulerunt et in unum confluxere plures sicut torrentes modicae magnitudinis sunt quamdiu separatis suus cursus est cum uero plures in se aquas conuerterunt fluminum iustorum ac perennium magnitudinem excedunt,hi uenti multo maiores diuturnioresque sunt si alios quoque flatus ex eadem causa ruentes in se abstulerunt et in unum confluxere plures sicut torrentes modicae magnitudinis sunt quamdiu separatis suus cursus est cum uero plures in se aquas conuerterunt fluminum iustorum ac perennium magnitudinem excedunt
12196,body,734,0,True,,"idem credibile est fieri et in procellis, ut breues sint, quamdiu singulae sunt; ubi uero sociauere uires et ex pluribus caeli partibus elisus spiritus eodem se contulit, et impetus illis accedit et mora.",idem credibile est fieri et in procellis ut breues sint quamdiu singulae sunt ubi uero sociauere uires et ex pluribus caeli partibus elisus spiritus eodem se contulit et impetus illis accedit et mora,idem credibile est fieri et in procellis ut breues sint quamdiu singulae sunt ubi uero sociauere uires et ex pluribus caeli partibus elisus spiritus eodem se contulit et impetus illis accedit et mora
12196,body,735,0,True,,"Facit ergo uentum resoluta nubes, quae pluribus modis soluitur: nonnumquam conglobatio[nem] illam spiritus rumpit, nonnumquam inclusi et in exitum nitentis luctatio, nonnumquam calor, quem modo sol facit, modo ipsa arietatio uagorumque inter se corporum attritus.",facit ergo uentum resoluta nubes quae pluribus modis soluitur nonnumquam conglobationem illam spiritus rumpit nonnumquam inclusi et in exitum nitentis luctatio nonnumquam calor quem modo sol facit modo ipsa arietatio uagorumque inter se corporum attritus,facit ergo uentum resoluta nubes quae pluribus modis soluitur nonnumquam conglobationem illam spiritus rumpit nonnumquam inclusi et in exitum nitentis luctatio nonnumquam calor quem modo sol facit modo ipsa arietatio uagorumque inter se corporum attritus
12196,head,736,0,True,,CAPUT 13,caput,caput
12196,body,737,0,False,,"Hoc loco, si tibi uidetur, quaeri potest cur turbo fiat.",hoc loco si tibi uidetur quaeri potest cur turbo fiat,hoc loco si tibi uidetur quaeri potest cur turbo fiat
12196,body,737,1,True,,"Euenire in fluminibus solet ut, quamdiu sine impedimento feruntur, simplex et rectum illis iter sit; ubi incurrerunt in aliquod saxum ad latus ripae prominens, retorqueantur et in orbem aquas sine exitu flectant, ita ut circumlata in se sorbeantur et uerticem efficiant.",euenire in fluminibus solet ut quamdiu sine impedimento feruntur simplex et rectum illis iter sit ubi incurrerunt in aliquod saxum ad latus ripae prominens retorqueantur et in orbem aquas sine exitu flectant ita ut circumlata in se sorbeantur et uerticem efficiant,euenire in fluminibus solet ut quamdiu sine impedimento feruntur simplex et rectum illis iter sit ubi incurrerunt in aliquod saxum ad latus ripae prominens retorqueantur et in orbem aquas sine exitu flectant ita ut circumlata in se sorbeantur et uerticem efficiant
12196,body,738,0,True,,"Sic uentus, quamdiu nihil obstitit, uires suas effundit: ubi aliquo promontorio repercussus est aut locorum coeuntium in canalem deuexum tenuemque collectus, saepius in se uolutatur similemque illis, quas diximus conuerti, aquis facit uerticem.",sic uentus quamdiu nihil obstitit uires suas effundit ubi aliquo promontorio repercussus est aut locorum coeuntium in canalem deuexum tenuemque collectus saepius in se uolutatur similemque illis quas diximus conuerti aquis facit uerticem,sic uentus quamdiu nihil obstitit uires suas effundit ubi aliquo promontorio repercussus est aut locorum coeuntium in canalem deuexum tenuemque collectus saepius in se uolutatur similemque illis quas diximus conuerti aquis facit uerticem
12196,body,739,0,False,,Hic uentus circumactus et eundem ambiens locum ac se ipsa uertigine concitans turbo est.,hic uentus circumactus et eundem ambiens locum ac se ipsa uertigine concitans turbo est,hic uentus circumactus et eundem ambiens locum ac se ipsa uertigine concitans turbo est
12196,body,739,1,False,,"Qui si pugnacior est ac diutius uolutatus, inflammatur et efficit quod G–prestera Graeci uocant: hic est igneus turbo.",qui si pugnacior est ac diutius uolutatus inflammatur et efficit quod gprestera graeci uocant hic est igneus turbo,qui si pugnacior est ac diutius uolutatus inflammatur et efficit quod gprestera graeci uocant hic est igneus turbo
12196,body,739,2,True,,"Ac fere omnia pericula uenti erupti de nubibus produnt, quibus armamenta rapiantur et totae naues in sublime tollantur.",ac fere omnia pericula uenti erupti de nubibus produnt quibus armamenta rapiantur et totae naues in sublime tollantur,ac fere omnia pericula uenti erupti de nubibus produnt quibus armamenta rapiantur et totae naues in sublime tollantur
12196,body,740,0,False,,"Etiamnunc quidam uenti diuersos ex se generant et impulsum aera in alias quoque partes, quam in quas ipsi inclinauere, dispergunt.",etiamnunc quidam uenti diuersos ex se generant et impulsum aera in alias quoque partes quam in quas ipsi inclinauere dispergunt,etiamnunc quidam uenti diuersos ex se generant et impulsum aera in alias quoque partes quam in quas ipsi inclinauere dispergunt
12196,body,740,1,False,,"Illud quoque dicam quod mihi occurrit: quemadmodum stillicidia, quamuis iam inclinent se et labantur, nondum tamen efficere lapsum, sed ubi plura coiere et turba uires dedit, tunc fluere et ire dicuntur, sic, quamdiu leues sunt aeris motus agitati pluribus locis, nondum uentus est; tunc esse incipit; cum ommes illos miscuit et in unum impetum contulit.",illud quoque dicam quod mihi occurrit quemadmodum stillicidia quamuis iam inclinent se et labantur nondum tamen efficere lapsum sed ubi plura coiere et turba uires dedit tunc fluere et ire dicuntur sic quamdiu leues sunt aeris motus agitati pluribus locis nondum uentus est tunc esse incipit cum ommes illos miscuit et in unum impetum contulit,illud quoque dicam quod mihi occurrit quemadmodum stillicidia quamuis iam inclinent se et labantur nondum tamen efficere lapsum sed ubi plura coiere et turba uires dedit tunc fluere et ire dicuntur sic quamdiu leues sunt aeris motus agitati pluribus locis nondum uentus est tunc esse incipit cum ommes illos miscuit et in unum impetum contulit
12196,body,740,2,True,,"Spiritum a uento modus separat: uehementior enim spiritus uentus est, inuicem spiritus leniter fluens aer.",spiritum a uento modus separat uehementior enim spiritus uentus est inuicem spiritus leniter fluens aer,spiritum a uento modus separat uehementior enim spiritus uentus est inuicem spiritus leniter fluens aer
12196,head,741,0,True,,CAPUT 14,caput,caput
12196,body,742,0,False,,Repetam nunc quod in primo dixeram: edi e specu uentos recessuque interiore terrarum.,repetam nunc quod in primo dixeram edi e specu uentos recessuque interiore terrarum,repetam nunc quod in primo dixeram edi e specu uentos recessuque interiore terrarum
12196,body,742,1,True,,"Non tota solido contextu terra in imum usque fundatur, sed multis partibus caua et caecis suspensa latebris, ‹aliubi abundat aquas,› aliubi habet inania sine umore.",non tota solido contextu terra in imum usque fundatur sed multis partibus caua et caecis suspensa latebris aliubi abundat aquas aliubi habet inania sine umore,non tota solido contextu terra in imum usque fundatur sed multis partibus caua et caecis suspensa latebris aliubi abundat aquas aliubi habet inania sine umore
12196,body,743,0,False,,"Ibi etiamsi nulla lux discrimen aeris monstrat, dicam tamen nubes nebulasque in obscuro consistere.",ibi etiamsi nulla lux discrimen aeris monstrat dicam tamen nubes nebulasque in obscuro consistere,ibi etiamsi nulla lux discrimen aeris monstrat dicam tamen nubes nebulasque in obscuro consistere
12196,body,743,1,False,,"Nam ne haec quidem supra terras, quia uidentur, sunt, sed quia sunt, uidentur: illic quoque nihilo minus ob id sunt, quod non uidentur, flumina; illic scias licet nostris paria sublabi, alia leniter ducta, alia in confragosis locis praecipitando sonantia.",nam ne haec quidem supra terras quia uidentur sunt sed quia sunt uidentur illic quoque nihilo minus ob id sunt quod non uidentur flumina illic scias licet nostris paria sublabi alia leniter ducta alia in confragosis locis praecipitando sonantia,nam ne haec quidem supra terras quia uidentur sunt sed quia sunt uidentur illic quoque nihilo minus ob id sunt quod non uidentur flumina illic scias licet nostris paria sublabi alia leniter ducta alia in confragosis locis praecipitando sonantia
12196,body,743,2,False,,Quid ergo?,quid ergo,quid ergo
12196,body,743,3,True,,"Non illud aeque dabis, esse aliquos et sub terra lacus et quasdam aquas sine exitu stagnare?",non illud aeque dabis esse aliquos et sub terra lacus et quasdam aquas sine exitu stagnare,non illud aeque dabis esse aliquos et sub terra lacus et quasdam aquas sine exitu stagnare
12196,body,744,0,False,,"Quae si ita sunt, necesse est et illud: aera onerari oneratumque incumbere et uentum propulsu suo concitare.",quae si ita sunt necesse est et illud aera onerari oneratumque incumbere et uentum propulsu suo concitare,quae si ita sunt necesse est et illud aera onerari oneratumque incumbere et uentum propulsu suo concitare
12196,body,744,1,True,,"Et ex illis ergo subterraneis nubibus sciemus nutriri inter obscura flatus, dum tantum uirium ceperint quanto aut terrae obstantiam auferant aut aliquod apertum ad hos efflatus iter occupent et per hanc cauernam in nostras sedes efferantur.",et ex illis ergo subterraneis nubibus sciemus nutriri inter obscura flatus dum tantum uirium ceperint quanto aut terrae obstantiam auferant aut aliquod apertum ad hos efflatus iter occupent et per hanc cauernam in nostras sedes efferantur,et ex illis ergo subterraneis nubibus sciemus nutriri inter obscura flatus dum tantum uirium ceperint quanto aut terrae obstantiam auferant aut aliquod apertum ad hos efflatus iter occupent et per hanc cauernam in nostras sedes efferantur
12196,body,745,0,False,,"Illud uero manifestum est, magnam esse sub terris uim sulphuris et aliorum non minus ignem alentium: per haec loca cum se exitum quaerens spiritus torsit, accendat flammam ipso affrictu necesse est, deinde flammis latius fusis, etiam si quid ignaui aeris erat, extenuatum moueri et uiam cum fremitu uasto atque impetu quaerere.",illud uero manifestum est magnam esse sub terris uim sulphuris et aliorum non minus ignem alentium per haec loca cum se exitum quaerens spiritus torsit accendat flammam ipso affrictu necesse est deinde flammis latius fusis etiam si quid ignaui aeris erat extenuatum moueri et uiam cum fremitu uasto atque impetu quaerere,illud uero manifestum est magnam esse sub terris uim sulphuris et aliorum non minus ignem alentium per haec loca cum se exitum quaerens spiritus torsit accendat flammam ipso affrictu necesse est deinde flammis latius fusis etiam si quid ignaui aeris erat extenuatum moueri et uiam cum fremitu uasto atque impetu quaerere
12196,body,745,1,True,,"Sed haec diligentius persequar, cum quaeram de motibus terrae.",sed haec diligentius persequar cum quaeram de motibus terrae,sed haec diligentius persequar cum quaeram de motibus terrae
12196,head,746,0,True,,CAPUT 15,caput,caput
12196,body,747,0,False,,Nunc mihi permitte narrare fabulam.,nunc mihi permitte narrare fabulam,nunc mihi permitte narrare fabulam
12196,body,747,1,True,,"Asclepiodotus auctor est demissos quam plurimos a Philippo in metallum antiquum olim destitutum, ut explorarent quae ubertas eius esset, quis status, an aliquid futuris reliquisset uetus auaritia; descendisse illos cum multo lumine et multos duraturo dies, deinde longa uia fatigatos uidisse flumina ingentia et conceptus aquarum inertium uastos, pares nostris nec compressos quidem terra supereminente sed liberae laxitatis, non sine horrore uisos.",asclepiodotus auctor est demissos quam plurimos a philippo in metallum antiquum olim destitutum ut explorarent quae ubertas eius esset quis status an aliquid futuris reliquisset uetus auaritia descendisse illos cum multo lumine et multos duraturo dies deinde longa uia fatigatos uidisse flumina ingentia et conceptus aquarum inertium uastos pares nostris nec compressos quidem terra supereminente sed liberae laxitatis non sine horrore uisos,asclepiodotus auctor est demissos quam plurimos a philippo in metallum antiquum olim destitutum ut explorarent quae ubertas eius esset quis status an aliquid futuris reliquisset uetus auaritia descendisse illos cum multo lumine et multos duraturo dies deinde longa uia fatigatos uidisse flumina ingentia et conceptus aquarum inertium uastos pares nostris nec compressos quidem terra supereminente sed liberae laxitatis non sine horrore uisos
12196,body,748,0,True,,"Cum magna hoc legi uoluptate; intellexi enim saeculum nostrum non nouis uitiis sed iam inde antiquitus traditis laborare, nec nostra aetate primum auaritiam uenas terrarum lapidumque rimatam in tenebris male abstrusa quaesisse: illi maiores nostri, quos celebramus laudibus, quibus dissimiles esse nos querimur, spe ducti montes ceciderunt et supra lucrum sub ruina steterunt.",cum magna hoc legi uoluptate intellexi enim saeculum nostrum non nouis uitiis sed iam inde antiquitus traditis laborare nec nostra aetate primum auaritiam uenas terrarum lapidumque rimatam in tenebris male abstrusa quaesisse illi maiores nostri quos celebramus laudibus quibus dissimiles esse nos querimur spe ducti montes ceciderunt et supra lucrum sub ruina steterunt,cum magna hoc legi uoluptate intellexi enim saeculum nostrum non nouis uitiis sed iam inde antiquitus traditis laborare nec nostra aetate primum auaritiam uenas terrarum lapidumque rimatam in tenebris male abstrusa quaesisse illi maiores nostri quos celebramus laudibus quibus dissimiles esse nos querimur spe ducti montes ceciderunt et supra lucrum sub ruina steterunt
12196,body,749,0,False,,"ante Philippum Macedonum‹que› reges fuere qui pecuniam in altissimis usque latebris sequerentur et recto spiritu liberoque in illos se demitterent specus, in quos nullum noctium perueniret dierumque discrimen.",ante philippum macedonumque reges fuere qui pecuniam in altissimis usque latebris sequerentur et recto spiritu liberoque in illos se demitterent specus in quos nullum noctium perueniret dierumque discrimen,ante philippum macedonumque reges fuere qui pecuniam in altissimis usque latebris sequerentur et recto spiritu liberoque in illos se demitterent specus in quos nullum noctium perueniret dierumque discrimen
12196,body,749,1,False,,A tergo lucem relinquere quae tanta spes fuit?,a tergo lucem relinquere quae tanta spes fuit,a tergo lucem relinquere quae tanta spes fuit
12196,body,749,2,True,,"Quae tanta necessitas hominem ad sidera erectum incuruauit et defodit et in fundum telluris intimae mersit, ut erueret aurum non minore periculo quaerendum quam possidendum?",quae tanta necessitas hominem ad sidera erectum incuruauit et defodit et in fundum telluris intimae mersit ut erueret aurum non minore periculo quaerendum quam possidendum,quae tanta necessitas hominem ad sidera erectum incuruauit et defodit et in fundum telluris intimae mersit ut erueret aurum non minore periculo quaerendum quam possidendum
12196,body,750,0,False,,"Propter hoc cuniculos egit et circa praedam lutulentam incertamque reptauit oblitus dierum, oblitus rerum naturae melioris, a qua se auertit.",propter hoc cuniculos egit et circa praedam lutulentam incertamque reptauit oblitus dierum oblitus rerum naturae melioris a qua se auertit,propter hoc cuniculos egit et circa praedam lutulentam incertamque reptauit oblitus dierum oblitus rerum naturae melioris a qua se auertit
12196,body,750,1,False,,"Ulli ergo mortuo terra tam grauis est quam istis, supra quos auaritia ingens terrarum pondus iniecit, quibus abstulit caelum, quos in imo, ubi illud malum uirus latitat, infodit?",ulli ergo mortuo terra tam grauis est quam istis supra quos auaritia ingens terrarum pondus iniecit quibus abstulit caelum quos in imo ubi illud malum uirus latitat infodit,ulli ergo mortuo terra tam grauis est quam istis supra quos auaritia ingens terrarum pondus iniecit quibus abstulit caelum quos in imo ubi illud malum uirus latitat infodit
12196,body,750,2,True,,"Illo descendere ausi sunt ubi nouam rerum positionem, terrarum pendentium habitus uentosque per caecum inanes experirentur et aquarum nulli fluentium horridos fontes et alteram perpetuamque noctem: deinde, cum ista fecerunt, inferos metuunt!",illo descendere ausi sunt ubi nouam rerum positionem terrarum pendentium habitus uentosque per caecum inanes experirentur et aquarum nulli fluentium horridos fontes et alteram perpetuamque noctem deinde cum ista fecerunt inferos metuunt,illo descendere ausi sunt ubi nouam rerum positionem terrarum pendentium habitus uentosque per caecum inanes experirentur et aquarum nulli fluentium horridos fontes et alteram perpetuamque noctem deinde cum ista fecerunt inferos metuunt
12196,head,751,0,True,,CAPUT 16,caput,caput
12196,body,752,0,False,,"Sed ut ad id, de quo agitur, reuertar: uenti quattuor sunt, in ortum, occasum, meridiem septemtrionemque diuisi; ceteri, quos uariis nominibus appellamus, his applicantur.",sed ut ad id de quo agitur reuertar uenti quattuor sunt in ortum occasum meridiem septemtrionemque diuisi ceteri quos uariis nominibus appellamus his applicantur,sed ut ad id de quo agitur reuertar uenti quattuor sunt in ortum occasum meridiem septemtrionemque diuisi ceteri quos uariis nominibus appellamus his applicantur
12196,body,752,1,False,,"""Eurus ad Auroram Nabataeaque regna recessit Persidaque et radiis iuga subdita matutinis.",eurus ad auroram nabataeaque regna recessit persidaque et radiis iuga subdita matutinis,eurus ad auroram nabataeaque regna recessit persidaque et radiis iuga subdita matutinis
12196,body,752,2,False,,Uesper et occiduo quae litora sole tepescunt proxima sunt zephyris.,uesper et occiduo quae litora sole tepescunt proxima sunt zephyris,uesper et occiduo quae litora sole tepescunt proxima sunt zephyris
12196,body,752,3,True,,"Scythiam septemque triones horrifer inuasit boreas: contraria tellus nubibus assiduis pluuioque madescit ab austro. """,scythiam septemque triones horrifer inuasit boreas contraria tellus nubibus assiduis pluuioque madescit ab austro,scythiam septemque triones horrifer inuasit boreas contraria tellus nubibus assiduis pluuioque madescit ab austro
12196,body,753,0,True,,"Uel, si breuius illos complecti mauis, in unam tempestatem, quod fieri nullo modo potest, congregentur: ""una Eurusque Notusque ruunt creberque procellis Africus"" et, qui locum in illa rixa non habuit, Aquilo.",uel si breuius illos complecti mauis in unam tempestatem quod fieri nullo modo potest congregentur una eurusque notusque ruunt creberque procellis africus et qui locum in illa rixa non habuit aquilo,uel si breuius illos complecti mauis in unam tempestatem quod fieri nullo modo potest congregentur una eurusque notusque ruunt creberque procellis africus et qui locum in illa rixa non habuit aquilo
12196,body,754,0,False,,Quidam illos duodecim faciunt: quattuor enim caeli partes in ternas diuidunt et singulis uentis binos subpraefectos dant.,quidam illos duodecim faciunt quattuor enim caeli partes in ternas diuidunt et singulis uentis binos subpraefectos dant,quidam illos duodecim faciunt quattuor enim caeli partes in ternas diuidunt et singulis uentis binos subpraefectos dant
12196,body,754,1,False,,"Hac arte Uarro, uir diligens, illos ordinat, nec sine causa.",hac arte uarro uir diligens illos ordinat nec sine causa,hac arte uarro uir diligens illos ordinat nec sine causa
12196,body,754,2,True,,"Non enim eodem semper loco sol oritur aut occidit, sed alius est ortus occasusque aequinoctialis (bis autem aequinoctium est), alius solstitialis, alius hibernus.",non enim eodem semper loco sol oritur aut occidit sed alius est ortus occasusque aequinoctialis bis autem aequinoctium est alius solstitialis alius hibernus,non enim eodem semper loco sol oritur aut occidit sed alius est ortus occasusque aequinoctialis bis autem aequinoctium est alius solstitialis alius hibernus
12196,body,755,0,False,,"Qui surgit ab oriente aequinoctiali, subsolanus apud nos dicitur, Graeci illum G–aphelioten uocant.",qui surgit ab oriente aequinoctiali subsolanus apud nos dicitur graeci illum gaphelioten uocant,qui surgit ab oriente aequinoctiali subsolanus apud nos dicitur graeci illum gaphelioten uocant
12196,body,755,1,False,,"Ab oriente hiberno eurus exit, quem nostri uocauere uulturnum et Liuius hoc illum nomine appellat in illa pugna Romanis parum prospera, in qua Hannibal et contra solem orientera exercitum nostrum,et contra uentum constitutum uenti adiutorio ac fulgoris praestringentis oculos hostium uicit; Uarro quoque hoc nomen usurpat, sed et eurus iam ciuitate donatus est et nostro sermoni non tamquam alienus interuenit.",ab oriente hiberno eurus exit quem nostri uocauere uulturnum et liuius hoc illum nomine appellat in illa pugna romanis parum prospera in qua hannibal et contra solem orientera exercitum nostrumet contra uentum constitutum uenti adiutorio ac fulgoris praestringentis oculos hostium uicit uarro quoque hoc nomen usurpat sed et eurus iam ciuitate donatus est et nostro sermoni non tamquam alienus interuenit,ab oriente hiberno eurus exit quem nostri uocauere uulturnum et liuius hoc illum nomine appellat in illa pugna romanis parum prospera in qua hannibal et contra solem orientera exercitum nostrumet contra uentum constitutum uenti adiutorio ac fulgoris praestringentis oculos hostium uicit uarro quoque hoc nomen usurpat sed et eurus iam ciuitate donatus est et nostro sermoni non tamquam alienus interuenit
12196,body,755,2,True,,"Ab oriente solstitiali excitatum G–kaikian Graeci appellant, apud nos sine nomine est.",ab oriente solstitiali excitatum gkaikian graeci appellant apud nos sine nomine est,ab oriente solstitiali excitatum gkaikian graeci appellant apud nos sine nomine est
12196,body,756,0,False,,"Aequinoctialis occidens fauonium mittit, quem zephyrum esse dicent tibi etiam qui Graece nesciunt loqui.",aequinoctialis occidens fauonium mittit quem zephyrum esse dicent tibi etiam qui graece nesciunt loqui,aequinoctialis occidens fauonium mittit quem zephyrum esse dicent tibi etiam qui graece nesciunt loqui
12196,body,756,1,False,,"A solstitiali occidente corus uenit, qui apud quosdam argestes dicitur: mihi non uidetur, quia cori uiolenta uis est et in unam partem rapax, argestes fere mollis est et tam euntibus communis quam redeuntibus.",a solstitiali occidente corus uenit qui apud quosdam argestes dicitur mihi non uidetur quia cori uiolenta uis est et in unam partem rapax argestes fere mollis est et tam euntibus communis quam redeuntibus,a solstitiali occidente corus uenit qui apud quosdam argestes dicitur mihi non uidetur quia cori uiolenta uis est et in unam partem rapax argestes fere mollis est et tam euntibus communis quam redeuntibus
12196,body,756,2,True,,"Ab occidente hiberno africus furibundus et ruens, apud Graecos G–lips dicitur.",ab occidente hiberno africus furibundus et ruens apud graecos glips dicitur,ab occidente hiberno africus furibundus et ruens apud graecos glips dicitur
12196,body,757,0,False,,"A septemtrionali latere summus est aquilo, medius septemtrio, imus G–thrascias: huic deest apud nos uocabulum.",a septemtrionali latere summus est aquilo medius septemtrio imus gthrascias huic deest apud nos uocabulum,a septemtrionali latere summus est aquilo medius septemtrio imus gthrascias huic deest apud nos uocabulum
12196,body,757,1,True,,"A meridiano axe G–euronotos est; deinde G–notos, Latine auster; deinde G–leukonotos, qui apud nos sine nomine est.",a meridiano axe geuronotos est deinde gnotos latine auster deinde gleukonotos qui apud nos sine nomine est,a meridiano axe geuronotos est deinde gnotos latine auster deinde gleukonotos qui apud nos sine nomine est
12196,head,758,0,True,,CAPUT 17,caput,caput
12196,body,759,0,False,,"Placet autem duodecim uentos esse, non quia ubique tot sunt (quosdam enim inclinatio terrarum excludit), sed quia plures nusquam sunt.",placet autem duodecim uentos esse non quia ubique tot sunt quosdam enim inclinatio terrarum excludit sed quia plures nusquam sunt,placet autem duodecim uentos esse non quia ubique tot sunt quosdam enim inclinatio terrarum excludit sed quia plures nusquam sunt
12196,body,759,1,True,,"Sic casus sex dicimus, non quia omne nomen men sex recipit, sed quia nullum plures quam sex.",sic casus sex dicimus non quia omne nomen men sex recipit sed quia nullum plures quam sex,sic casus sex dicimus non quia omne nomen men sex recipit sed quia nullum plures quam sex
12196,body,760,0,False,,"Qui duodecim uentos esse dixerunt, hoc secuti sunt, totidem uentorum esse quot caeli discrimina.",qui duodecim uentos esse dixerunt hoc secuti sunt totidem uentorum esse quot caeli discrimina,qui duodecim uentos esse dixerunt hoc secuti sunt totidem uentorum esse quot caeli discrimina
12196,body,760,1,False,,"Caelum autem diuiditur in circulos quinque, qui per mundi cardines eunt: est septemtrionalis, est solstitialis, est aequinoctialis, est brumalis, est contrarius septemtrionali.",caelum autem diuiditur in circulos quinque qui per mundi cardines eunt est septemtrionalis est solstitialis est aequinoctialis est brumalis est contrarius septemtrionali,caelum autem diuiditur in circulos quinque qui per mundi cardines eunt est septemtrionalis est solstitialis est aequinoctialis est brumalis est contrarius septemtrionali
12196,body,760,2,True,,"His sextus accedit, qui superiorem partem mundi ab inferiore secernit (ut scis enim, dimidia pars mundi semper supra, dimidia infra est):",his sextus accedit qui superiorem partem mundi ab inferiore secernit ut scis enim dimidia pars mundi semper supra dimidia infra est,his sextus accedit qui superiorem partem mundi ab inferiore secernit ut scis enim dimidia pars mundi semper supra dimidia infra est
12196,body,761,0,False,,"hanc lineam, quae inter aperta et occulta est, id est hunc circulum Graeci G–horizonta uocant, nostri finitorem esse dixerunt, alii finientem.",hanc lineam quae inter aperta et occulta est id est hunc circulum graeci ghorizonta uocant nostri finitorem esse dixerunt alii finientem,hanc lineam quae inter aperta et occulta est id est hunc circulum graeci ghorizonta uocant nostri finitorem esse dixerunt alii finientem
12196,body,761,1,False,,"Adiciendus est adhuc meridianus circulus, qui horizonta rectis angulis secat.",adiciendus est adhuc meridianus circulus qui horizonta rectis angulis secat,adiciendus est adhuc meridianus circulus qui horizonta rectis angulis secat
12196,body,761,2,True,,Ex his quidam circuli in transuersa currunt et alios interuentu suo scindunt; necesse est autem tot aeris discrimina esse quot partes:,ex his quidam circuli in transuersa currunt et alios interuentu suo scindunt necesse est autem tot aeris discrimina esse quot partes,ex his quidam circuli in transuersa currunt et alios interuentu suo scindunt necesse est autem tot aeris discrimina esse quot partes
12196,body,762,0,True,,"ergo G–horizon, siue finiens circulus, quinque illos orbes quos modo dixi finiens, efficit decem partes, quinque ab ortu, quinque ab occasu; meridianus circulus, qui in horizonta incurrit, regiones duas adicit: sic duodecim aer discrimina accipit et totidem facit uentos.",ergo ghorizon siue finiens circulus quinque illos orbes quos modo dixi finiens efficit decem partes quinque ab ortu quinque ab occasu meridianus circulus qui in horizonta incurrit regiones duas adicit sic duodecim aer discrimina accipit et totidem facit uentos,ergo ghorizon siue finiens circulus quinque illos orbes quos modo dixi finiens efficit decem partes quinque ab ortu quinque ab occasu meridianus circulus qui in horizonta incurrit regiones duas adicit sic duodecim aer discrimina accipit et totidem facit uentos
12196,body,763,0,False,,"Quidam sunt quorundam locorum proprii, qui non transmittunt sed in proximum ferunt; non est illis a latere uniuersi mundi impetus: atabulus Apuliam infestat, Calabriam iapyx, Athenas sciron, Pamphyliam crageus, Galliam circius (cui aedificia quassanti tamen incolae gratias agunt, tamquam salubritatem caeli sui debeant ei: diuus certe Augustus templum illi, cum in Gallia moraretur, et uouit et fecit).",quidam sunt quorundam locorum proprii qui non transmittunt sed in proximum ferunt non est illis a latere uniuersi mundi impetus atabulus apuliam infestat calabriam iapyx athenas sciron pamphyliam crageus galliam circius cui aedificia quassanti tamen incolae gratias agunt tamquam salubritatem caeli sui debeant ei diuus certe augustus templum illi cum in gallia moraretur et uouit et fecit,quidam sunt quorundam locorum proprii qui non transmittunt sed in proximum ferunt non est illis a latere uniuersi mundi impetus atabulus apuliam infestat calabriam iapyx athenas sciron pamphyliam crageus galliam circius cui aedificia quassanti tamen incolae gratias agunt tamquam salubritatem caeli sui debeant ei diuus certe augustus templum illi cum in gallia moraretur et uouit et fecit
12196,body,763,1,True,,"Infinitum est, si singulos uelim persequi; nulla enim propemodum regio est quae non habeat aliquem flatum ex se nascentem et circa se cadentem.",infinitum est si singulos uelim persequi nulla enim propemodum regio est quae non habeat aliquem flatum ex se nascentem et circa se cadentem,infinitum est si singulos uelim persequi nulla enim propemodum regio est quae non habeat aliquem flatum ex se nascentem et circa se cadentem
12196,head,764,0,True,,CAPUT 18,caput,caput
12196,body,765,0,True,,"Inter cetera itaque prouidentiae opera hoc quoque aliquis ut dignum admiratione suspexerit: non enim ex una causa uentos aut inuenit aut per diuersa disposuit, sed primum ut aera non sinerent pigrescere sed assidua uexatione utilem redderent uitalemque tracturis,",inter cetera itaque prouidentiae opera hoc quoque aliquis ut dignum admiratione suspexerit non enim ex una causa uentos aut inuenit aut per diuersa disposuit sed primum ut aera non sinerent pigrescere sed assidua uexatione utilem redderent uitalemque tracturis,inter cetera itaque prouidentiae opera hoc quoque aliquis ut dignum admiratione suspexerit non enim ex una causa uentos aut inuenit aut per diuersa disposuit sed primum ut aera non sinerent pigrescere sed assidua uexatione utilem redderent uitalemque tracturis
12196,body,766,0,False,,deinde ut imbres terris subministrarent idemque nimios compescerent.,deinde ut imbres terris subministrarent idemque nimios compescerent,deinde ut imbres terris subministrarent idemque nimios compescerent
12196,body,766,1,True,,"Nam modo adducunt nubes, modo deducunt, ut per totum orbem pluuiae diuidi possint: in Italiam auster impellit, aquilo in Africam reicit, etesiae non patiuntur apud nos nubes consistere; idem totam Indiam et Aethiopiam continuis per id tempus aquis irrigant.",nam modo adducunt nubes modo deducunt ut per totum orbem pluuiae diuidi possint in italiam auster impellit aquilo in africam reicit etesiae non patiuntur apud nos nubes consistere idem totam indiam et aethiopiam continuis per id tempus aquis irrigant,nam modo adducunt nubes modo deducunt ut per totum orbem pluuiae diuidi possint in italiam auster impellit aquilo in africam reicit etesiae non patiuntur apud nos nubes consistere idem totam indiam et aethiopiam continuis per id tempus aquis irrigant
12196,body,767,0,True,,"Quid, quod fruges percoqui non possent, nisi flatu superuacua inmixta seruandis uentilarentur, nisi esset quod segetem excitaret et latentem frugem ruptis uelamentis suis (folliculos agricolae uocant) adaperiret?",quid quod fruges percoqui non possent nisi flatu superuacua inmixta seruandis uentilarentur nisi esset quod segetem excitaret et latentem frugem ruptis uelamentis suis folliculos agricolae uocant adaperiret,quid quod fruges percoqui non possent nisi flatu superuacua inmixta seruandis uentilarentur nisi esset quod segetem excitaret et latentem frugem ruptis uelamentis suis folliculos agricolae uocant adaperiret
12196,body,768,0,False,,"Quid, quod omnibus inter se populis commercium dedit et gentes dissipatas locis miscuit?",quid quod omnibus inter se populis commercium dedit et gentes dissipatas locis miscuit,quid quod omnibus inter se populis commercium dedit et gentes dissipatas locis miscuit
12196,body,768,1,False,,"Ingens naturae beneficium, si illud in iniuriam suam non uertat hominum furor!",ingens naturae beneficium si illud in iniuriam suam non uertat hominum furor,ingens naturae beneficium si illud in iniuriam suam non uertat hominum furor
12196,body,768,2,True,,"Nunc quod de C. Mario uulgo dictatum est et a Tito Liuio positum, in incerto esse utrum illum magis nasci an non nasci reipublicae profuerit, dici etiam de uentis potest; adeo quicquid ex illis utile et necessarium est non potest his repensari quae in perniciem suam generis humani dementia excogitat.",nunc quod de c mario uulgo dictatum est et a tito liuio positum in incerto esse utrum illum magis nasci an non nasci reipublicae profuerit dici etiam de uentis potest adeo quicquid ex illis utile et necessarium est non potest his repensari quae in perniciem suam generis humani dementia excogitat,nunc quod de c mario uulgo dictatum est et a tito liuio positum in incerto esse utrum illum magis nasci an non nasci reipublicae profuerit dici etiam de uentis potest adeo quicquid ex illis utile et necessarium est non potest his repensari quae in perniciem suam generis humani dementia excogitat
12196,body,769,0,True,,"Sed non ideo non sunt ista natura bona, si uitio male utentium nocent: non in hoc prouidentia ac dispositor ille mundi deus aera uentis exercendum dedit et illos ab omni parte, ne quid esset situ squalidum, effudit, ut nos classes partem freti occupaturas compleremus milite armato et hostem in mari aut post mare quaereremus.",sed non ideo non sunt ista natura bona si uitio male utentium nocent non in hoc prouidentia ac dispositor ille mundi deus aera uentis exercendum dedit et illos ab omni parte ne quid esset situ squalidum effudit ut nos classes partem freti occupaturas compleremus milite armato et hostem in mari aut post mare quaereremus,sed non ideo non sunt ista natura bona si uitio male utentium nocent non in hoc prouidentia ac dispositor ille mundi deus aera uentis exercendum dedit et illos ab omni parte ne quid esset situ squalidum effudit ut nos classes partem freti occupaturas compleremus milite armato et hostem in mari aut post mare quaereremus
12196,body,770,0,False,,Quae nos dementia exagitat et in mutuum componit exitium?,quae nos dementia exagitat et in mutuum componit exitium,quae nos dementia exagitat et in mutuum componit exitium
12196,body,770,1,True,,"Uela uentis damus bellum petituri et periclitamur periculi causa, incertam fortunam experimur, uim tempestatum nulla ope humana superabilem et mortem sine spe sepulturae.",uela uentis damus bellum petituri et periclitamur periculi causa incertam fortunam experimur uim tempestatum nulla ope humana superabilem et mortem sine spe sepulturae,uela uentis damus bellum petituri et periclitamur periculi causa incertam fortunam experimur uim tempestatum nulla ope humana superabilem et mortem sine spe sepulturae
12196,body,771,0,False,,"Non erat tanti, si ad pacem per ista ueheremur: nunc cum euaserimus tot scopulos latentes et insidias uadosi maris, cum effugerimus procellosos desuper montes, per quos praeceps in nauigantes uentus impingitur, cum inuolutos nubilo dies et nimbis ac tonitribus horridas noctes, cum turbinibus diuulsa nauigia, quis erit huius laboris ac metus fructus, quis nos fessos tot malis portus excipiet?",non erat tanti si ad pacem per ista ueheremur nunc cum euaserimus tot scopulos latentes et insidias uadosi maris cum effugerimus procellosos desuper montes per quos praeceps in nauigantes uentus impingitur cum inuolutos nubilo dies et nimbis ac tonitribus horridas noctes cum turbinibus diuulsa nauigia quis erit huius laboris ac metus fructus quis nos fessos tot malis portus excipiet,non erat tanti si ad pacem per ista ueheremur nunc cum euaserimus tot scopulos latentes et insidias uadosi maris cum effugerimus procellosos desuper montes per quos praeceps in nauigantes uentus impingitur cum inuolutos nubilo dies et nimbis ac tonitribus horridas noctes cum turbinibus diuulsa nauigia quis erit huius laboris ac metus fructus quis nos fessos tot malis portus excipiet
12196,body,771,1,True,,Bellum scilicet et obuius in litore hostis et trucidandae gentes tracturaeque magna ex parte uictorem et antiquarum urbium flamma.,bellum scilicet et obuius in litore hostis et trucidandae gentes tracturaeque magna ex parte uictorem et antiquarum urbium flamma,bellum scilicet et obuius in litore hostis et trucidandae gentes tracturaeque magna ex parte uictorem et antiquarum urbium flamma
12196,body,772,0,False,,Quid in arma cogimus populos?,quid in arma cogimus populos,quid in arma cogimus populos
12196,body,772,1,False,,Quid exercitus scribimus directuros aciem in mediis fluctibus?,quid exercitus scribimus directuros aciem in mediis fluctibus,quid exercitus scribimus directuros aciem in mediis fluctibus
12196,body,772,2,False,,Quid maria inquietamus?,quid maria inquietamus,quid maria inquietamus
12196,body,772,3,False,,Parum uidelicet ad mortes nostras terra late patet.,parum uidelicet ad mortes nostras terra late patet,parum uidelicet ad mortes nostras terra late patet
12196,body,772,4,True,,"Nimis delicate fortuna nos tractat, nimis dura dedit nobis corpora, felicem ualetudinem; non depopulatur nos casus incurrens, emetiri cuique annos suos ex commodo licet et ad senectutem decurrere: itaque eamus in pelagus et uocemus in nos fata cessantia.",nimis delicate fortuna nos tractat nimis dura dedit nobis corpora felicem ualetudinem non depopulatur nos casus incurrens emetiri cuique annos suos ex commodo licet et ad senectutem decurrere itaque eamus in pelagus et uocemus in nos fata cessantia,nimis delicate fortuna nos tractat nimis dura dedit nobis corpora felicem ualetudinem non depopulatur nos casus incurrens emetiri cuique annos suos ex commodo licet et ad senectutem decurrere itaque eamus in pelagus et uocemus in nos fata cessantia
12196,body,773,0,False,,"Miseri, quid quaeritis?",miseri quid quaeritis,miseri quid quaeritis
12196,body,773,1,False,,"mortem, quae ubique superest?",mortem quae ubique superest,mortem quae ubique superest
12196,body,773,2,False,,"Petet illa uos et ex lectulo, sed innocentes petat; occupabit uos in uestra domo, sed occupet nullum molientes malum.",petet illa uos et ex lectulo sed innocentes petat occupabit uos in uestra domo sed occupet nullum molientes malum,petet illa uos et ex lectulo sed innocentes petat occupabit uos in uestra domo sed occupet nullum molientes malum
12196,body,773,3,False,,"Hoc uero quid aliud quis dixerit quam insaniam, circumferre pericula et ruere in ignotos, iratum sine iniuria occurrentia deuastantem ac ferarum more occidere quem non oderis?",hoc uero quid aliud quis dixerit quam insaniam circumferre pericula et ruere in ignotos iratum sine iniuria occurrentia deuastantem ac ferarum more occidere quem non oderis,hoc uero quid aliud quis dixerit quam insaniam circumferre pericula et ruere in ignotos iratum sine iniuria occurrentia deuastantem ac ferarum more occidere quem non oderis
12196,body,773,4,True,,"Illis tamen in ultionem aut ex fame morsus est: nos sine ulla parsimonia nostri alienique sanguinis mouemus manum et nauigia deducimus, salutem committimus fluctibus, secundos optamus uentos, quorum felicitas est ad bella perferri.",illis tamen in ultionem aut ex fame morsus est nos sine ulla parsimonia nostri alienique sanguinis mouemus manum et nauigia deducimus salutem committimus fluctibus secundos optamus uentos quorum felicitas est ad bella perferri,illis tamen in ultionem aut ex fame morsus est nos sine ulla parsimonia nostri alienique sanguinis mouemus manum et nauigia deducimus salutem committimus fluctibus secundos optamus uentos quorum felicitas est ad bella perferri
12196,body,774,0,False,,Quousque nos mala nostra rapuerunt?,quousque nos mala nostra rapuerunt,quousque nos mala nostra rapuerunt
12196,body,774,1,False,,"Parum est intra tra orbem suum furere: sic Persarum rex stolidissimus in Graeciam traiciet, quam exercitus non uincet, cum impleuerit.",parum est intra tra orbem suum furere sic persarum rex stolidissimus in graeciam traiciet quam exercitus non uincet cum impleuerit,parum est intra tra orbem suum furere sic persarum rex stolidissimus in graeciam traiciet quam exercitus non uincet cum impleuerit
12196,body,774,2,False,,"Sic Alexander ulterior Bactris et Indis uolet quaeretque quid sit ultra magnum mare, et indignabitur esse aliquid ultimum sibi.",sic alexander ulterior bactris et indis uolet quaeretque quid sit ultra magnum mare et indignabitur esse aliquid ultimum sibi,sic alexander ulterior bactris et indis uolet quaeretque quid sit ultra magnum mare et indignabitur esse aliquid ultimum sibi
12196,body,774,3,True,,"Sic Crassum auaritia Parthis dabit, non horrebit reuocantis diras tribuni, non tempestates longissimi maris, non circa Euphratem praesaga fulmina et deos resistentes: per hominum et deorum iras ad aurum ibitur.",sic crassum auaritia parthis dabit non horrebit reuocantis diras tribuni non tempestates longissimi maris non circa euphratem praesaga fulmina et deos resistentes per hominum et deorum iras ad aurum ibitur,sic crassum auaritia parthis dabit non horrebit reuocantis diras tribuni non tempestates longissimi maris non circa euphratem praesaga fulmina et deos resistentes per hominum et deorum iras ad aurum ibitur
12196,body,775,0,True,,"Ergo non immerito quis dixerit rerum naturam melius acturam fuisse nobiscum, si uentos flare uetuisset et inhibito discursu furentium in sua quemque terra stare iussisset: si nihil aliud, certe suo quisque tantum ac suorum malo nasceretur; nunc parum mihi domestica, externis quoque laborandum est.",ergo non immerito quis dixerit rerum naturam melius acturam fuisse nobiscum si uentos flare uetuisset et inhibito discursu furentium in sua quemque terra stare iussisset si nihil aliud certe suo quisque tantum ac suorum malo nasceretur nunc parum mihi domestica externis quoque laborandum est,ergo non immerito quis dixerit rerum naturam melius acturam fuisse nobiscum si uentos flare uetuisset et inhibito discursu furentium in sua quemque terra stare iussisset si nihil aliud certe suo quisque tantum ac suorum malo nasceretur nunc parum mihi domestica externis quoque laborandum est
12196,body,776,0,False,,"Nulla terra tam longe remota est quae non emittere aliquod suum malum possit: unde scio an nunc aliquis magnae gentis in abdito dominus, fortunae indulgentia tumens, non contineat intra terminos arma, an paret classes ignota moliens?",nulla terra tam longe remota est quae non emittere aliquod suum malum possit unde scio an nunc aliquis magnae gentis in abdito dominus fortunae indulgentia tumens non contineat intra terminos arma an paret classes ignota moliens,nulla terra tam longe remota est quae non emittere aliquod suum malum possit unde scio an nunc aliquis magnae gentis in abdito dominus fortunae indulgentia tumens non contineat intra terminos arma an paret classes ignota moliens
12196,body,776,1,False,,Unde scio hic mihi an ille uentus bellum inuehat?,unde scio hic mihi an ille uentus bellum inuehat,unde scio hic mihi an ille uentus bellum inuehat
12196,body,776,2,True,,Magna pars erat pacis humanae maria praecludi.,magna pars erat pacis humanae maria praecludi,magna pars erat pacis humanae maria praecludi
12196,body,777,0,False,,"Non tamen, ut paulo ante dicebam, queri possumus de auctore nostri deo, si beneficia eius corrumpimus et ut essent contraria effecimus.",non tamen ut paulo ante dicebam queri possumus de auctore nostri deo si beneficia eius corrumpimus et ut essent contraria effecimus,non tamen ut paulo ante dicebam queri possumus de auctore nostri deo si beneficia eius corrumpimus et ut essent contraria effecimus
12196,body,777,1,True,,"Dedit ille uentos ad custodiendam caeli terrarumque temperiem, ad euocandas supprimendasque aquas, ad alendos satorum atque arborum fructus, quos ad maturitatem cum aliis causis adducit ipsa iactatio attrahens cibum in summa et ne torpeant permouens.",dedit ille uentos ad custodiendam caeli terrarumque temperiem ad euocandas supprimendasque aquas ad alendos satorum atque arborum fructus quos ad maturitatem cum aliis causis adducit ipsa iactatio attrahens cibum in summa et ne torpeant permouens,dedit ille uentos ad custodiendam caeli terrarumque temperiem ad euocandas supprimendasque aquas ad alendos satorum atque arborum fructus quos ad maturitatem cum aliis causis adducit ipsa iactatio attrahens cibum in summa et ne torpeant permouens
12196,body,778,0,False,,"Dedit uentos ad ulteriora noscenda: fuisset enim imperitum animal et sine magna experientia rerum homo, si circumscriberetur natalis soli fine.",dedit uentos ad ulteriora noscenda fuisset enim imperitum animal et sine magna experientia rerum homo si circumscriberetur natalis soli fine,dedit uentos ad ulteriora noscenda fuisset enim imperitum animal et sine magna experientia rerum homo si circumscriberetur natalis soli fine
12196,body,778,1,True,,"Dedit uentos, ut commoda cuiusque regionis fierent communia, non ut legiones equitemque gestarent nec ut perniciosa gentes arma transueherent.",dedit uentos ut commoda cuiusque regionis fierent communia non ut legiones equitemque gestarent nec ut perniciosa gentes arma transueherent,dedit uentos ut commoda cuiusque regionis fierent communia non ut legiones equitemque gestarent nec ut perniciosa gentes arma transueherent
12196,body,779,0,False,,"Si beneficia naturae utentium prauitate perpendimus, nihil non nostro malo accepimus: cui uidere expedit?",si beneficia naturae utentium prauitate perpendimus nihil non nostro malo accepimus cui uidere expedit,si beneficia naturae utentium prauitate perpendimus nihil non nostro malo accepimus cui uidere expedit
12196,body,779,1,False,,cui loqui?,cui loqui,cui loqui
12196,body,779,2,False,,cui non uita tormentum est?,cui non uita tormentum est,cui non uita tormentum est
12196,body,779,3,False,,Nihil inuenies tam manifestae utilitatis quod non in contrarium transeat culpa.,nihil inuenies tam manifestae utilitatis quod non in contrarium transeat culpa,nihil inuenies tam manifestae utilitatis quod non in contrarium transeat culpa
12196,body,779,4,True,,Sic uentos quoque natura bono futuros inuenerat: ipsi illos contrarios fecimus.,sic uentos quoque natura bono futuros inuenerat ipsi illos contrarios fecimus,sic uentos quoque natura bono futuros inuenerat ipsi illos contrarios fecimus
12196,body,780,0,False,,Omnes in aliquod nos malum ducunt.,omnes in aliquod nos malum ducunt,omnes in aliquod nos malum ducunt
12196,body,780,1,False,,"Non eadem est his et illis causa soluendi, sed iusta nulli.",non eadem est his et illis causa soluendi sed iusta nulli,non eadem est his et illis causa soluendi sed iusta nulli
12196,body,780,2,False,,"Diuersis enim irritamentis ad temptandum mare impellimur, utique alicui uitio nauigatur.",diuersis enim irritamentis ad temptandum mare impellimur utique alicui uitio nauigatur,diuersis enim irritamentis ad temptandum mare impellimur utique alicui uitio nauigatur
12196,body,780,3,False,,"Egregie Plato dicit, qui nobis circa exitum iam testium loco dandus est, minima esse quae homines emant uita.",egregie plato dicit qui nobis circa exitum iam testium loco dandus est minima esse quae homines emant uita,egregie plato dicit qui nobis circa exitum iam testium loco dandus est minima esse quae homines emant uita
12196,body,780,4,True,,"Immo, Lucili carissime, si bene illorum furorem aestimaueris, id est nostrum (in eadem enim turba uolutamur), magis ridebis, cum cogitaueris uitae parari in quae uita consumitur.",immo lucili carissime si bene illorum furorem aestimaueris id est nostrum in eadem enim turba uolutamur magis ridebis cum cogitaueris uitae parari in quae uita consumitur,immo lucili carissime si bene illorum furorem aestimaueris id est nostrum in eadem enim turba uolutamur magis ridebis cum cogitaueris uitae parari in quae uita consumitur
12196,head,781,0,True,,Liber VI De Terrae motu,liber vi de terrae motu,liber ui de terrae motu
12196,head,782,0,True,,CAPUT 1,caput,caput
12196,body,783,0,True,,"Pompeios, celebrem Campaniae urbem, in quam ab altera parte Surrentinum Stabianumque litus, ab altera Herculanense conueniunt et mare ex aperto reductum amoeno sinu cingunt, consedisse terrae motu uexatis quaecumque adiacebant regionibus, Lucili, uirorum optime, audiuimus, et quidem hibernis diebus, quos uacare a tali periculo maiores nostri solebant promittere.",pompeios celebrem campaniae urbem in quam ab altera parte surrentinum stabianumque litus ab altera herculanense conueniunt et mare ex aperto reductum amoeno sinu cingunt consedisse terrae motu uexatis quaecumque adiacebant regionibus lucili uirorum optime audiuimus et quidem hibernis diebus quos uacare a tali periculo maiores nostri solebant promittere,pompeios celebrem campaniae urbem in quam ab altera parte surrentinum stabianumque litus ab altera herculanense conueniunt et mare ex aperto reductum amoeno sinu cingunt consedisse terrae motu uexatis quaecumque adiacebant regionibus lucili uirorum optime audiuimus et quidem hibernis diebus quos uacare a tali periculo maiores nostri solebant promittere
12196,body,784,0,True,,"Nonis Februariis hic fuit motus Regulo et Uerginio consulibus, qui Campaniam, numquam securam huius mali, indemnem tamen et totiens defunctam metu, magna strage uastauit: nam et Herculanensis oppidi pars ruit dubieque stant etiam quae relicta sunt, et Nucerinorum colonia ut sine clade ita non sine querela est; Neapolis quoque priuatim multa, publice nihil amisit leuiter ingenti malo perstricta: uillae uero prorutae, passim sine iniuria tremuere.",nonis februariis hic fuit motus regulo et uerginio consulibus qui campaniam numquam securam huius mali indemnem tamen et totiens defunctam metu magna strage uastauit nam et herculanensis oppidi pars ruit dubieque stant etiam quae relicta sunt et nucerinorum colonia ut sine clade ita non sine querela est neapolis quoque priuatim multa publice nihil amisit leuiter ingenti malo perstricta uillae uero prorutae passim sine iniuria tremuere,nonis februariis hic fuit motus regulo et uerginio consulibus qui campaniam numquam securam huius mali indemnem tamen et totiens defunctam metu magna strage uastauit nam et herculanensis oppidi pars ruit dubieque stant etiam quae relicta sunt et nucerinorum colonia ut sine clade ita non sine querela est neapolis quoque priuatim multa publice nihil amisit leuiter ingenti malo perstricta uillae uero prorutae passim sine iniuria tremuere
12196,body,785,0,False,,"Adiciuntur his illa: sexcentarum ouium gregem exanimatum et diuisas statuas, motae post hoc mentis aliquos atque impotentes sui errasse.",adiciuntur his illa sexcentarum ouium gregem exanimatum et diuisas statuas motae post hoc mentis aliquos atque impotentes sui errasse,adiciuntur his illa sexcentarum ouium gregem exanimatum et diuisas statuas motae post hoc mentis aliquos atque impotentes sui errasse
12196,body,785,1,True,,"Quorum ut causas excutiamus, et propositi operis contextus exigit et ipse in hoc tempus congruens casus.",quorum ut causas excutiamus et propositi operis contextus exigit et ipse in hoc tempus congruens casus,quorum ut causas excutiamus et propositi operis contextus exigit et ipse in hoc tempus congruens casus
12196,body,786,0,False,,Quaerenda sunt trepidis solacia et demendus ingens timor.,quaerenda sunt trepidis solacia et demendus ingens timor,quaerenda sunt trepidis solacia et demendus ingens timor
12196,body,786,1,False,,"Quid enim cuiquam satis tutum uideri potest, si mundus ipse concutitur et partes eius solidissimae labant?",quid enim cuiquam satis tutum uideri potest si mundus ipse concutitur et partes eius solidissimae labant,quid enim cuiquam satis tutum uideri potest si mundus ipse concutitur et partes eius solidissimae labant
12196,body,786,2,False,,"Si quod unum immobile est in illo fixumque, ut cuncta in se intenta sustineat, fluctuatur; si quod proprium habet terra perdidit, stare: ubi tandem resident metus nostri?",si quod unum immobile est in illo fixumque ut cuncta in se intenta sustineat fluctuatur si quod proprium habet terra perdidit stare ubi tandem resident metus nostri,si quod unum immobile est in illo fixumque ut cuncta in se intenta sustineat fluctuatur si quod proprium habet terra perdidit stare ubi tandem resident metus nostri
12196,body,786,3,True,,"Quod corpora receptaculum inuenient, quo sollicita confugiant, si ab imo metus nascitur et funditus trahitur?",quod corpora receptaculum inuenient quo sollicita confugiant si ab imo metus nascitur et funditus trahitur,quod corpora receptaculum inuenient quo sollicita confugiant si ab imo metus nascitur et funditus trahitur
12196,body,787,0,False,,"Consternatio omnium est, ubi tecta crepuerunt et ruina signum dedit.",consternatio omnium est ubi tecta crepuerunt et ruina signum dedit,consternatio omnium est ubi tecta crepuerunt et ruina signum dedit
12196,body,787,1,True,,"Tunc praeceps quisque se proripit et penates suos deserit ac se publico credit: quam latebram prospicimus, quod auxilium, si orbis ipse ruinas agitat, si hoc quod nos tuetur ac sustinet, supra quod urbes sitae sunt, quod fundamentum quidam mundi esse dixerunt, discedit ac titubat?",tunc praeceps quisque se proripit et penates suos deserit ac se publico credit quam latebram prospicimus quod auxilium si orbis ipse ruinas agitat si hoc quod nos tuetur ac sustinet supra quod urbes sitae sunt quod fundamentum quidam mundi esse dixerunt discedit ac titubat,tunc praeceps quisque se proripit et penates suos deserit ac se publico credit quam latebram prospicimus quod auxilium si orbis ipse ruinas agitat si hoc quod nos tuetur ac sustinet supra quod urbes sitae sunt quod fundamentum quidam mundi esse dixerunt discedit ac titubat
12196,body,788,0,False,,"Quid tibi esse non dico auxilii sed solacii potest, ubi timor fugam perdidit?",quid tibi esse non dico auxilii sed solacii potest ubi timor fugam perdidit,quid tibi esse non dico auxilii sed solacii potest ubi timor fugam perdidit
12196,body,788,1,False,,"Quid est, inquam, satis munitum, quid ad tutelam alterius ac sui firmum?",quid est inquam satis munitum quid ad tutelam alterius ac sui firmum,quid est inquam satis munitum quid ad tutelam alterius ac sui firmum
12196,body,788,2,True,,"Hostem muro repellam, et praeruptae altitudinis castella uel magnos exercitus difficultate aditus morabuntur; a tempestate nos uindicat portus; nimborum uim effusam et sine fine cadentes aquas tecta propellunt; fugientes non sequitur incendium; aduersus tonitruum et minas caeli subterraneae domus et defossi in altum specus remedia sunt (ignis ille caelestis non transuerberat terram sed exiguo eius obiectu retunditur); in pestilentia mutare sedes licet: nullum malum sine effugio est.",hostem muro repellam et praeruptae altitudinis castella uel magnos exercitus difficultate aditus morabuntur a tempestate nos uindicat portus nimborum uim effusam et sine fine cadentes aquas tecta propellunt fugientes non sequitur incendium aduersus tonitruum et minas caeli subterraneae domus et defossi in altum specus remedia sunt ignis ille caelestis non transuerberat terram sed exiguo eius obiectu retunditur in pestilentia mutare sedes licet nullum malum sine effugio est,hostem muro repellam et praeruptae altitudinis castella uel magnos exercitus difficultate aditus morabuntur a tempestate nos uindicat portus nimborum uim effusam et sine fine cadentes aquas tecta propellunt fugientes non sequitur incendium aduersus tonitruum et minas caeli subterraneae domus et defossi in altum specus remedia sunt ignis ille caelestis non transuerberat terram sed exiguo eius obiectu retunditur in pestilentia mutare sedes licet nullum malum sine effugio est
12196,body,789,0,False,,"Numquam fulmina populos perusserunt; pestilens caelum exhaisit urbes, non abstulit: hoc malum latissime patet ineuitabile, auidum, publice noxium.",numquam fulmina populos perusserunt pestilens caelum exhaisit urbes non abstulit hoc malum latissime patet ineuitabile auidum publice noxium,numquam fulmina populos perusserunt pestilens caelum exhaisit urbes non abstulit hoc malum latissime patet ineuitabile auidum publice noxium
12196,body,789,1,True,,"Non enim domos solum aut familias aut urbes singulas haurit, gentes totas regionesque submergit et modo ruinis operit, modo in altam uoraginem condit ac ne id quidem relinquit ex quo appareat quod non est saltem fuisse, sed supra nobilissimas urbes sine ullo uestigio prioris habitus solum extenditur.",non enim domos solum aut familias aut urbes singulas haurit gentes totas regionesque submergit et modo ruinis operit modo in altam uoraginem condit ac ne id quidem relinquit ex quo appareat quod non est saltem fuisse sed supra nobilissimas urbes sine ullo uestigio prioris habitus solum extenditur,non enim domos solum aut familias aut urbes singulas haurit gentes totas regionesque submergit et modo ruinis operit modo in altam uoraginem condit ac ne id quidem relinquit ex quo appareat quod non est saltem fuisse sed supra nobilissimas urbes sine ullo uestigio prioris habitus solum extenditur
12196,body,790,0,False,,"Nec desunt qui hoc genus mortis magis timeant quo in abruptum cum sedibus suis eunt et e uiuorum numero uiui auferuntur, tamquam non omne fatum ad eundem terminum ueniat.",nec desunt qui hoc genus mortis magis timeant quo in abruptum cum sedibus suis eunt et e uiuorum numero uiui auferuntur tamquam non omne fatum ad eundem terminum ueniat,nec desunt qui hoc genus mortis magis timeant quo in abruptum cum sedibus suis eunt et e uiuorum numero uiui auferuntur tamquam non omne fatum ad eundem terminum ueniat
12196,body,790,1,True,,"Hoc habet inter cetera iustitiae suae natura praecipuum quod, cum ad exitum uentum est, omnes in aequo sumus.",hoc habet inter cetera iustitiae suae natura praecipuum quod cum ad exitum uentum est omnes in aequo sumus,hoc habet inter cetera iustitiae suae natura praecipuum quod cum ad exitum uentum est omnes in aequo sumus
12196,body,791,0,True,,"Nihil itaque interest utrum me lapis unus elidat, an monte toto premar; utrum supra me domus unius onus ueniat et sub exiguo eius cumulo ac puluere exspirem, an totus caput meum terrarum orbis abscondat; in luce hunc et in aperto spiritum reddam an in uasto terrarum dehiscentium sinu; solus in illud profundum an cum magno comitatu populorum concadentium ferar; nihil interest mea quantus circa mortem meam tumultus sit: ipsa ubique tantundem est.",nihil itaque interest utrum me lapis unus elidat an monte toto premar utrum supra me domus unius onus ueniat et sub exiguo eius cumulo ac puluere exspirem an totus caput meum terrarum orbis abscondat in luce hunc et in aperto spiritum reddam an in uasto terrarum dehiscentium sinu solus in illud profundum an cum magno comitatu populorum concadentium ferar nihil interest mea quantus circa mortem meam tumultus sit ipsa ubique tantundem est,nihil itaque interest utrum me lapis unus elidat an monte toto premar utrum supra me domus unius onus ueniat et sub exiguo eius cumulo ac puluere exspirem an totus caput meum terrarum orbis abscondat in luce hunc et in aperto spiritum reddam an in uasto terrarum dehiscentium sinu solus in illud profundum an cum magno comitatu populorum concadentium ferar nihil interest mea quantus circa mortem meam tumultus sit ipsa ubique tantundem est
12196,body,792,0,True,,"Proinde magnum sumamus animum aduersus istam cladem, quae nec euitari nec prouideri potest, desinamusque audire istos, qui Campaniae renuntiauerunt quique post hunc casum emigrauerunt negantque ipsos umquam in illam regionem accessuros: quis enim illis promittit melioribus fundamentis hoc aut illud solum stare?",proinde magnum sumamus animum aduersus istam cladem quae nec euitari nec prouideri potest desinamusque audire istos qui campaniae renuntiauerunt quique post hunc casum emigrauerunt negantque ipsos umquam in illam regionem accessuros quis enim illis promittit melioribus fundamentis hoc aut illud solum stare,proinde magnum sumamus animum aduersus istam cladem quae nec euitari nec prouideri potest desinamusque audire istos qui campaniae renuntiauerunt quique post hunc casum emigrauerunt negantque ipsos umquam in illam regionem accessuros quis enim illis promittit melioribus fundamentis hoc aut illud solum stare
12196,body,793,0,False,,"Omnia eiusdem sortis sunt et, si nondum mota, tamen mobilia: hunc fortasse in quo securius consistitis locum haec nox aut hic ante noctem dies scindet.",omnia eiusdem sortis sunt et si nondum mota tamen mobilia hunc fortasse in quo securius consistitis locum haec nox aut hic ante noctem dies scindet,omnia eiusdem sortis sunt et si nondum mota tamen mobilia hunc fortasse in quo securius consistitis locum haec nox aut hic ante noctem dies scindet
12196,body,793,1,True,,Unde scis an ‹non› melior eorum locorum condicio sit in quibus iam uires suas fortuna consumpsit et quae in futurum ruina sua fulta sunt?,unde scis an non melior eorum locorum condicio sit in quibus iam uires suas fortuna consumpsit et quae in futurum ruina sua fulta sunt,unde scis an non melior eorum locorum condicio sit in quibus iam uires suas fortuna consumpsit et quae in futurum ruina sua fulta sunt
12196,body,794,0,True,,"Erramus enim, si ullam terrarum partem exceptam immunemque ab hoc periculo credimus: omnes sub eadem iacent lege; nihil ita ut immobile esset natura concepit; alia temporibus aliis cadunt et, quemadmodum in urbibus magnis nunc haec domus nunc illa suspenditur, ita in hoc orbe terrarum nunc haec pars facit uitium nunc illa.",erramus enim si ullam terrarum partem exceptam immunemque ab hoc periculo credimus omnes sub eadem iacent lege nihil ita ut immobile esset natura concepit alia temporibus aliis cadunt et quemadmodum in urbibus magnis nunc haec domus nunc illa suspenditur ita in hoc orbe terrarum nunc haec pars facit uitium nunc illa,erramus enim si ullam terrarum partem exceptam immunemque ab hoc periculo credimus omnes sub eadem iacent lege nihil ita ut immobile esset natura concepit alia temporibus aliis cadunt et quemadmodum in urbibus magnis nunc haec domus nunc illa suspenditur ita in hoc orbe terrarum nunc haec pars facit uitium nunc illa
12196,body,795,0,False,,"Tyros aliquando infamis ruinis fuit, Asia duodecim urbes simul perdidit; anno priore in Achaiam et Macedoniam, quaecumque est ista uis mali quae incurrit, nunc Campaniam laesit: circumit fatum et, si quid diu praeteriit, repetit.",tyros aliquando infamis ruinis fuit asia duodecim urbes simul perdidit anno priore in achaiam et macedoniam quaecumque est ista uis mali quae incurrit nunc campaniam laesit circumit fatum et si quid diu praeteriit repetit,tyros aliquando infamis ruinis fuit asia duodecim urbes simul perdidit anno priore in achaiam et macedoniam quaecumque est ista uis mali quae incurrit nunc campaniam laesit circumit fatum et si quid diu praeteriit repetit
12196,body,795,1,True,,"Quaedam rarius sollicite, saepius quaedam: nihil immune esse et innoxium sinit.",quaedam rarius sollicite saepius quaedam nihil immune esse et innoxium sinit,quaedam rarius sollicite saepius quaedam nihil immune esse et innoxium sinit
12196,body,796,0,False,,"Non homines tantum, qui breuis et caduca res nascimur, urbes oraeque terrarum et litora et ipsum mare in seruitutem fati uenit.",non homines tantum qui breuis et caduca res nascimur urbes oraeque terrarum et litora et ipsum mare in seruitutem fati uenit,non homines tantum qui breuis et caduca res nascimur urbes oraeque terrarum et litora et ipsum mare in seruitutem fati uenit
12196,body,796,1,True,,"Nos tamen nobis permansura promittimus bona fortunae, et felicitatem, cuius ex omnibus rebus humanis uelocissima est leuitas, habituram in aliquo pondus ac moram credimus;",nos tamen nobis permansura promittimus bona fortunae et felicitatem cuius ex omnibus rebus humanis uelocissima est leuitas habituram in aliquo pondus ac moram credimus,nos tamen nobis permansura promittimus bona fortunae et felicitatem cuius ex omnibus rebus humanis uelocissima est leuitas habituram in aliquo pondus ac moram credimus
12196,body,797,0,False,,et perpetua sibi omnia promittentibus in mentem non uenit id ipsum supra quod stamus stabile non esse.,et perpetua sibi omnia promittentibus in mentem non uenit id ipsum supra quod stamus stabile non esse,et perpetua sibi omnia promittentibus in mentem non uenit id ipsum supra quod stamus stabile non esse
12196,body,797,1,True,,"Neque enim Campaniae istud aut Achaiae sed omnis soli uitium est, male cohaerere et ex causis pluribus solui et summa manere, partibus ruere.",neque enim campaniae istud aut achaiae sed omnis soli uitium est male cohaerere et ex causis pluribus solui et summa manere partibus ruere,neque enim campaniae istud aut achaiae sed omnis soli uitium est male cohaerere et ex causis pluribus solui et summa manere partibus ruere
12196,head,798,0,True,,CAPUT 2,caput,caput
12196,body,799,0,False,,Quid ago?,quid ago,quid ago
12196,body,799,1,False,,"Solacium aduersus pericula rara promiseram: ecce undique timenda denuntio, nego quicquam esse quietis aeternae, quod perire possit et perdere.",solacium aduersus pericula rara promiseram ecce undique timenda denuntio nego quicquam esse quietis aeternae quod perire possit et perdere,solacium aduersus pericula rara promiseram ecce undique timenda denuntio nego quicquam esse quietis aeternae quod perire possit et perdere
12196,body,799,2,True,,"Ego uero hoc ipsum solacii loco pono et quidem ualentissimi, quando quidem sine remedio timor stultis est: ratio terrorem prudentibus excutit; imperitis magna fit ex desperatione securitas.",ego uero hoc ipsum solacii loco pono et quidem ualentissimi quando quidem sine remedio timor stultis est ratio terrorem prudentibus excutit imperitis magna fit ex desperatione securitas,ego uero hoc ipsum solacii loco pono et quidem ualentissimi quando quidem sine remedio timor stultis est ratio terrorem prudentibus excutit imperitis magna fit ex desperatione securitas
12196,body,800,0,True,,"Hoc itaque generi humano dictum puta quod illis subita captiuitate inter ignes et hostem stupentibus dictum est: ""una salus uictis nulllam sperare salutem. """,hoc itaque generi humano dictum puta quod illis subita captiuitate inter ignes et hostem stupentibus dictum est una salus uictis nulllam sperare salutem,hoc itaque generi humano dictum puta quod illis subita captiuitate inter ignes et hostem stupentibus dictum est una salus uictis nulllam sperare salutem
12196,body,801,0,False,,"Si uultis nihil timere, cogitate omnia esse metuenda; circumspicite quam leuibus causis discutiamur: non cibus nobis, non umor, non uigilia, non somnus sine mensura quadam salubria sunt; iam intellegetis nugatoria esse nos et imbecilla corpuscula, fluida, non magna molitione perdenda.",si uultis nihil timere cogitate omnia esse metuenda circumspicite quam leuibus causis discutiamur non cibus nobis non umor non uigilia non somnus sine mensura quadam salubria sunt iam intellegetis nugatoria esse nos et imbecilla corpuscula fluida non magna molitione perdenda,si uultis nihil timere cogitate omnia esse metuenda circumspicite quam leuibus causis discutiamur non cibus nobis non umor non uigilia non somnus sine mensura quadam salubria sunt iam intellegetis nugatoria esse nos et imbecilla corpuscula fluida non magna molitione perdenda
12196,body,801,1,True,,"Sine dubio id unum periculi nobis est quod tremunt terrae, quod subito dissipantur ac superposita deducunt!",sine dubio id unum periculi nobis est quod tremunt terrae quod subito dissipantur ac superposita deducunt,sine dubio id unum periculi nobis est quod tremunt terrae quod subito dissipantur ac superposita deducunt
12196,body,802,0,False,,Magni se aestimat qui fulmina et motus terrarum hiatusque formidat.,magni se aestimat qui fulmina et motus terrarum hiatusque formidat,magni se aestimat qui fulmina et motus terrarum hiatusque formidat
12196,body,802,1,False,,Uult ille imbecillitatis sibi suae conscius timere pituitam?,uult ille imbecillitatis sibi suae conscius timere pituitam,uult ille imbecillitatis sibi suae conscius timere pituitam
12196,body,802,2,False,,"Ita uidelicet nati sumus, tam felicia sortiti membra, in hanc magnitudinem creuimus!",ita uidelicet nati sumus tam felicia sortiti membra in hanc magnitudinem creuimus,ita uidelicet nati sumus tam felicia sortiti membra in hanc magnitudinem creuimus
12196,body,802,3,True,,"Et ob hoc, nisi mundi partibus motis, nisi caelum intonuerit, nisi terra subsederit, perire non possumus!",et ob hoc nisi mundi partibus motis nisi caelum intonuerit nisi terra subsederit perire non possumus,et ob hoc nisi mundi partibus motis nisi caelum intonuerit nisi terra subsederit perire non possumus
12196,body,803,0,False,,Unguiculi nos et ne totius quidem dolor sed aliqua ab latere eius scissura conficit!,unguiculi nos et ne totius quidem dolor sed aliqua ab latere eius scissura conficit,unguiculi nos et ne totius quidem dolor sed aliqua ab latere eius scissura conficit
12196,body,803,1,False,,"Et ego timeam terras trementes, quem crassior saliua suffocat?",et ego timeam terras trementes quem crassior saliua suffocat,et ego timeam terras trementes quem crassior saliua suffocat
12196,body,803,2,False,,"Ego extimescam emotum sedibus suis mare, et ne aestus maiore quam solet cursu plus aquarum trahens superueniat, cum quosdam strangulauerit potio male lapsa per fauces?",ego extimescam emotum sedibus suis mare et ne aestus maiore quam solet cursu plus aquarum trahens superueniat cum quosdam strangulauerit potio male lapsa per fauces,ego extimescam emotum sedibus suis mare et ne aestus maiore quam solet cursu plus aquarum trahens superueniat cum quosdam strangulauerit potio male lapsa per fauces
12196,body,803,3,True,,"Quam stultum est mare horrere, cum scias stillicidio perire te posse!",quam stultum est mare horrere cum scias stillicidio perire te posse,quam stultum est mare horrere cum scias stillicidio perire te posse
12196,body,804,0,False,,"Nullum maius solacium est mortis quam ipsa mortalitas, nullum autem omnium istorum quae extrinsecus terrent quam quod innumerabilia pericula in ipso sinu sunt.",nullum maius solacium est mortis quam ipsa mortalitas nullum autem omnium istorum quae extrinsecus terrent quam quod innumerabilia pericula in ipso sinu sunt,nullum maius solacium est mortis quam ipsa mortalitas nullum autem omnium istorum quae extrinsecus terrent quam quod innumerabilia pericula in ipso sinu sunt
12196,body,804,1,False,,Quid enim dementius quam ad tonitrua succidere et sub terram correpere fulminum metu?,quid enim dementius quam ad tonitrua succidere et sub terram correpere fulminum metu,quid enim dementius quam ad tonitrua succidere et sub terram correpere fulminum metu
12196,body,804,2,True,,"Quid stultius quam timere nutationem terrae aut subitos montium lapsus et irruptiones maris extra litus eiecti, cum mors ubique praesto sit et undique occurrat nihilque sit tam exiguum quod non in perniciem generis humani satis ualeat?",quid stultius quam timere nutationem terrae aut subitos montium lapsus et irruptiones maris extra litus eiecti cum mors ubique praesto sit et undique occurrat nihilque sit tam exiguum quod non in perniciem generis humani satis ualeat,quid stultius quam timere nutationem terrae aut subitos montium lapsus et irruptiones maris extra litus eiecti cum mors ubique praesto sit et undique occurrat nihilque sit tam exiguum quod non in perniciem generis humani satis ualeat
12196,body,805,0,False,,"Adeo non debent nos ista confundere, tamquam plus in se mali habeant quam uulgaris mors, ut contra, cum sit necessarium e uita exire et aliquando emittere animam, maiore perire ratione iuuet.",adeo non debent nos ista confundere tamquam plus in se mali habeant quam uulgaris mors ut contra cum sit necessarium e uita exire et aliquando emittere animam maiore perire ratione iuuet,adeo non debent nos ista confundere tamquam plus in se mali habeant quam uulgaris mors ut contra cum sit necessarium e uita exire et aliquando emittere animam maiore perire ratione iuuet
12196,body,805,1,False,,"Necesse est mori ubicumque, quandoque: stet licet ista humus et se teneat suis finibus nec ulla iactetur iniuria, supra me quandoque erit.",necesse est mori ubicumque quandoque stet licet ista humus et se teneat suis finibus nec ulla iactetur iniuria supra me quandoque erit,necesse est mori ubicumque quandoque stet licet ista humus et se teneat suis finibus nec ulla iactetur iniuria supra me quandoque erit
12196,body,805,2,True,,"‹Quid› interest, ego illam mihi an ipsa se mihi imponat?",quid interest ego illam mihi an ipsa se mihi imponat,quid interest ego illam mihi an ipsa se mihi imponat
12196,body,806,0,False,,Diducitur et ingenti potentia nescio cuius mali rumpitur et me in immensam altitudinem abducit; quid porro?,diducitur et ingenti potentia nescio cuius mali rumpitur et me in immensam altitudinem abducit quid porro,diducitur et ingenti potentia nescio cuius mali rumpitur et me in immensam altitudinem abducit quid porro
12196,body,806,1,False,,Mors leuior in plano est?,mors leuior in plano est,mors leuior in plano est
12196,body,806,2,True,,"Quid habeo quod querar, si rerum natura me non uult iacere ignobili leto, si mihi inicit sui partem?",quid habeo quod querar si rerum natura me non uult iacere ignobili leto si mihi inicit sui partem,quid habeo quod querar si rerum natura me non uult iacere ignobili leto si mihi inicit sui partem
12196,body,807,0,False,,"Egregie Uagellius meus in illo inclito carmine: ""Si cadendum est"", inquit, ""e caelo cecidisse uelim"".",egregie uagellius meus in illo inclito carmine si cadendum est inquit e caelo cecidisse uelim,egregie uagellius meus in illo inclito carmine si cadendum est inquit e caelo cecidisse uelim
12196,body,807,1,True,,"Idem licet dicere: si cadendum est, cadam orbe concusso, non quia fas est optare publicam cladem, sed quia ingens mortis solacium est terram quoque uidere mortalem.",idem licet dicere si cadendum est cadam orbe concusso non quia fas est optare publicam cladem sed quia ingens mortis solacium est terram quoque uidere mortalem,idem licet dicere si cadendum est cadam orbe concusso non quia fas est optare publicam cladem sed quia ingens mortis solacium est terram quoque uidere mortalem
12196,head,808,0,True,,CAPUT 3,caput,caput
12196,body,809,0,True,,"Illud quoque proderit praesumere animo, nihil horum deos facere, nec ira numinum aut caelum concuti aut terram: suas ista causas habent nec ex imperio saeuiunt sed quibusdam uitiis ut corpora nostra turbantur et tunc, cum facere uidentur iniuriam, accipiunt.",illud quoque proderit praesumere animo nihil horum deos facere nec ira numinum aut caelum concuti aut terram suas ista causas habent nec ex imperio saeuiunt sed quibusdam uitiis ut corpora nostra turbantur et tunc cum facere uidentur iniuriam accipiunt,illud quoque proderit praesumere animo nihil horum deos facere nec ira numinum aut caelum concuti aut terram suas ista causas habent nec ex imperio saeuiunt sed quibusdam uitiis ut corpora nostra turbantur et tunc cum facere uidentur iniuriam accipiunt
12196,body,810,0,False,,"Nobis autem ignorantibus uerum omnia terribiliora sunt, utique quorum metum raritas auget: leuius accidunt familiaria, at ex insolito formido maior est.",nobis autem ignorantibus uerum omnia terribiliora sunt utique quorum metum raritas auget leuius accidunt familiaria at ex insolito formido maior est,nobis autem ignorantibus uerum omnia terribiliora sunt utique quorum metum raritas auget leuius accidunt familiaria at ex insolito formido maior est
12196,body,810,1,False,,Quare autem quicquam nobis insolitum est?,quare autem quicquam nobis insolitum est,quare autem quicquam nobis insolitum est
12196,body,810,2,False,,"Quia naturam oculis, non ratione, comprehendimus nec cogitamus quid illa facere possit, sed tantum quid fecerit.",quia naturam oculis non ratione comprehendimus nec cogitamus quid illa facere possit sed tantum quid fecerit,quia naturam oculis non ratione comprehendimus nec cogitamus quid illa facere possit sed tantum quid fecerit
12196,body,810,3,True,,"Damus itaque huius neglegentiae poenas tamquam nouis territi, cum illa non sint noua sed insolita.",damus itaque huius neglegentiae poenas tamquam nouis territi cum illa non sint noua sed insolita,damus itaque huius neglegentiae poenas tamquam nouis territi cum illa non sint noua sed insolita
12196,body,811,0,False,,Quid ergo?,quid ergo,quid ergo
12196,body,811,1,False,,"Non religionem incutit mentibus, et quidem publice, siue deficere sol uisus est, siue luna, cuius obscuratio frequentior, aut parte sui aut tota delituit?",non religionem incutit mentibus et quidem publice siue deficere sol uisus est siue luna cuius obscuratio frequentior aut parte sui aut tota delituit,non religionem incutit mentibus et quidem publice siue deficere sol uisus est siue luna cuius obscuratio frequentior aut parte sui aut tota delituit
12196,body,811,2,False,,"Longeque magis illa, actae in transuersum faces et caeli magna pars ardens et crinita sidera et plures solis orbes et stellae per diem uisae subitique transcursus ignium multam post se lucem trahentium?",longeque magis illa actae in transuersum faces et caeli magna pars ardens et crinita sidera et plures solis orbes et stellae per diem uisae subitique transcursus ignium multam post se lucem trahentium,longeque magis illa actae in transuersum faces et caeli magna pars ardens et crinita sidera et plures solis orbes et stellae per diem uisae subitique transcursus ignium multam post se lucem trahentium
12196,body,811,3,False,,"[3,4] Nihil horum sine timore miramur: et cum timendi sit causa nescire, non est tanti scire, ne timeas?",nihil horum sine timore miramur et cum timendi sit causa nescire non est tanti scire ne timeas,nihil horum sine timore miramur et cum timendi sit causa nescire non est tanti scire ne timeas
12196,body,811,4,False,,"Quanto satius est causas inquirere, et quidem toto in hoc intentum animo!",quanto satius est causas inquirere et quidem toto in hoc intentum animo,quanto satius est causas inquirere et quidem toto in hoc intentum animo
12196,body,811,5,True,,"Neque enim illo quicquam inueniri dignius potest, cui se non tantum commodet sed impendat.",neque enim illo quicquam inueniri dignius potest cui se non tantum commodet sed impendat,neque enim illo quicquam inueniri dignius potest cui se non tantum commodet sed impendat
12196,head,812,0,True,,CAPUT 4,caput,caput
12196,body,813,0,False,,"Quaeramus ergo quid sit quod terram ab infimo moueat, quod tanti molem ponderis pellat; quid sit illa ualentius quod tantum onus ui sua labefactet; cur modo tremat, modo laxata subsidat, nunc in partes diuisa discedat et alias interuallum ruinae suae diu seruet, alias cito comprimat; nunc amnes magnitudinis notae conuertat introrsum, nunc nouos exprimat; aperiat aliquando aquarum calentium uenas, aliquando refrigeret, ignesque nonnumquam per aliquod ignotum antea montis aut rupis foramen emittat, aliquando notos et per saecula nobiles comprimat.",quaeramus ergo quid sit quod terram ab infimo moueat quod tanti molem ponderis pellat quid sit illa ualentius quod tantum onus ui sua labefactet cur modo tremat modo laxata subsidat nunc in partes diuisa discedat et alias interuallum ruinae suae diu seruet alias cito comprimat nunc amnes magnitudinis notae conuertat introrsum nunc nouos exprimat aperiat aliquando aquarum calentium uenas aliquando refrigeret ignesque nonnumquam per aliquod ignotum antea montis aut rupis foramen emittat aliquando notos et per saecula nobiles comprimat,quaeramus ergo quid sit quod terram ab infimo moueat quod tanti molem ponderis pellat quid sit illa ualentius quod tantum onus ui sua labefactet cur modo tremat modo laxata subsidat nunc in partes diuisa discedat et alias interuallum ruinae suae diu seruet alias cito comprimat nunc amnes magnitudinis notae conuertat introrsum nunc nouos exprimat aperiat aliquando aquarum calentium uenas aliquando refrigeret ignesque nonnumquam per aliquod ignotum antea montis aut rupis foramen emittat aliquando notos et per saecula nobiles comprimat
12196,body,813,1,True,,"Mille miracula mouet faciemque mutat locis et defert montes, subrigit plana, ualles extuberat, nouas in profundo insulas erigit: haec ex quibus causis accidant, digna res excuti.",mille miracula mouet faciemque mutat locis et defert montes subrigit plana ualles extuberat nouas in profundo insulas erigit haec ex quibus causis accidant digna res excuti,mille miracula mouet faciemque mutat locis et defert montes subrigit plana ualles extuberat nouas in profundo insulas erigit haec ex quibus causis accidant digna res excuti
12196,body,814,0,False,,"Quod, inquis, erit pretium operae?",quod inquis erit pretium operae,quod inquis erit pretium operae
12196,body,814,1,False,,"Quo nullum maius est, nosse naturam.",quo nullum maius est nosse naturam,quo nullum maius est nosse naturam
12196,body,814,2,False,,"Neque enim quicquam habet in se huius materiae tractatio pulchrius, cum multa habeat futura usui, quam quod hominem magnificentia sui detinet nec mercede sed miraculo colitur.",neque enim quicquam habet in se huius materiae tractatio pulchrius cum multa habeat futura usui quam quod hominem magnificentia sui detinet nec mercede sed miraculo colitur,neque enim quicquam habet in se huius materiae tractatio pulchrius cum multa habeat futura usui quam quod hominem magnificentia sui detinet nec mercede sed miraculo colitur
12196,body,814,3,True,,"Inspiciamus ergo quid sit propter quod haec accidant: quorum adeo est mihi dulcis inspectio ut, quamuis aliquando de motu terrarum uolumen iuuenis ediderim, tamen temptare me uoluerim et experiri, aetas aliquid nobis aut ad scientiam aut certe ad diligentiam adiecerit.",inspiciamus ergo quid sit propter quod haec accidant quorum adeo est mihi dulcis inspectio ut quamuis aliquando de motu terrarum uolumen iuuenis ediderim tamen temptare me uoluerim et experiri aetas aliquid nobis aut ad scientiam aut certe ad diligentiam adiecerit,inspiciamus ergo quid sit propter quod haec accidant quorum adeo est mihi dulcis inspectio ut quamuis aliquando de motu terrarum uolumen iuuenis ediderim tamen temptare me uoluerim et experiri aetas aliquid nobis aut ad scientiam aut certe ad diligentiam adiecerit
12196,head,815,0,True,,CAPUT 5,caput,caput
12196,body,816,0,True,,"Causam qua terra concutitur alii in aqua esse, alii in ignibus, alii in ipsa terra, alii in spiritu putauerunt, alii in pluribus, alii in omnibus his; quidam liquere ipsis aliquam ex istis causam esse dixerunt, sed non liquere quae esset.",causam qua terra concutitur alii in aqua esse alii in ignibus alii in ipsa terra alii in spiritu putauerunt alii in pluribus alii in omnibus his quidam liquere ipsis aliquam ex istis causam esse dixerunt sed non liquere quae esset,causam qua terra concutitur alii in aqua esse alii in ignibus alii in ipsa terra alii in spiritu putauerunt alii in pluribus alii in omnibus his quidam liquere ipsis aliquam ex istis causam esse dixerunt sed non liquere quae esset
12196,body,817,0,False,,Nunc singula persequar.,nunc singula persequar,nunc singula persequar
12196,body,817,1,False,,"Illud ante omnia mihi dicendum est, opiniones ueteres parum exactas esse et rudes: circa uerum adhuc errabatur; tur; noua omnia erant primo temptantibus; postea eadem illa limata sunt et, si quid inuentum est, illis nihilominus referri debet acceptum: magni animi res fuit rerum naturae latebras dimouere nec contentum exteriore eius aspectu introspicere et in deorum secreta descendere.",illud ante omnia mihi dicendum est opiniones ueteres parum exactas esse et rudes circa uerum adhuc errabatur tur noua omnia erant primo temptantibus postea eadem illa limata sunt et si quid inuentum est illis nihilominus referri debet acceptum magni animi res fuit rerum naturae latebras dimouere nec contentum exteriore eius aspectu introspicere et in deorum secreta descendere,illud ante omnia mihi dicendum est opiniones ueteres parum exactas esse et rudes circa uerum adhuc errabatur tur noua omnia erant primo temptantibus postea eadem illa limata sunt et si quid inuentum est illis nihilominus referri debet acceptum magni animi res fuit rerum naturae latebras dimouere nec contentum exteriore eius aspectu introspicere et in deorum secreta descendere
12196,body,817,2,True,,Plurimum ad inueniendum contulit qui sperauit posse reperiri.,plurimum ad inueniendum contulit qui sperauit posse reperiri,plurimum ad inueniendum contulit qui sperauit posse reperiri
12196,body,818,0,True,,"Cum excusatione itaque ueteres audiendi sunt: nulla res consummata est, dum incipit; nec in hac tantum re omnium maxima atque inuolutissima (in qua, etiam cum multum acti erit, omnis tamen aetas quod agat inueniet) sed et in omni alio negotio longe semper a perfecto fuere principia.",cum excusatione itaque ueteres audiendi sunt nulla res consummata est dum incipit nec in hac tantum re omnium maxima atque inuolutissima in qua etiam cum multum acti erit omnis tamen aetas quod agat inueniet sed et in omni alio negotio longe semper a perfecto fuere principia,cum excusatione itaque ueteres audiendi sunt nulla res consummata est dum incipit nec in hac tantum re omnium maxima atque inuolutissima in qua etiam cum multum acti erit omnis tamen aetas quod agat inueniet sed et in omni alio negotio longe semper a perfecto fuere principia
12196,head,819,0,True,,CAPUT 6,caput,caput
12196,body,820,0,False,,In aqua causam esse nec ab uno dictum est nec uno modo.,in aqua causam esse nec ab uno dictum est nec uno modo,in aqua causam esse nec ab uno dictum est nec uno modo
12196,body,820,1,False,,"Thales Milesius totam terram subiecto iudicat umore portari et innare, siue illud oceanum uocas, siue magnum mare, siue alterius naturae simplicem adhuc aquam et umidum elementum.",thales milesius totam terram subiecto iudicat umore portari et innare siue illud oceanum uocas siue magnum mare siue alterius naturae simplicem adhuc aquam et umidum elementum,thales milesius totam terram subiecto iudicat umore portari et innare siue illud oceanum uocas siue magnum mare siue alterius naturae simplicem adhuc aquam et umidum elementum
12196,body,820,2,True,,"Hac, inquit, unda sustinetur orbis uelut aliquod grande nauigium et graue his aquis quas premit.",hac inquit unda sustinetur orbis uelut aliquod grande nauigium et graue his aquis quas premit,hac inquit unda sustinetur orbis uelut aliquod grande nauigium et graue his aquis quas premit
12196,body,821,0,False,,Superuacuum est reddere causas propter quas existimat grauissimam partem mundi non posse spiritu tam tenui fugacique gestari; non enim nunc de situ terrarum sed de motu agitur.,superuacuum est reddere causas propter quas existimat grauissimam partem mundi non posse spiritu tam tenui fugacique gestari non enim nunc de situ terrarum sed de motu agitur,superuacuum est reddere causas propter quas existimat grauissimam partem mundi non posse spiritu tam tenui fugacique gestari non enim nunc de situ terrarum sed de motu agitur
12196,body,821,1,True,,"Illud argumenti loco ponit aquas esse in causa quibus hic orbis agitetur, quod in omni maiore motu erumpunt fere noui fontes (sicut in nauigiis quoque euenit ut, si inclinata sunt et abierunt in latus, aquam sorbeant, quae enormi eorum onere quae uehit, si immodice depressa sunt, aut superfunditur aut certe dextra sinistraque solito magis surgit).",illud argumenti loco ponit aquas esse in causa quibus hic orbis agitetur quod in omni maiore motu erumpunt fere noui fontes sicut in nauigiis quoque euenit ut si inclinata sunt et abierunt in latus aquam sorbeant quae enormi eorum onere quae uehit si immodice depressa sunt aut superfunditur aut certe dextra sinistraque solito magis surgit,illud argumenti loco ponit aquas esse in causa quibus hic orbis agitetur quod in omni maiore motu erumpunt fere noui fontes sicut in nauigiis quoque euenit ut si inclinata sunt et abierunt in latus aquam sorbeant quae enormi eorum onere quae uehit si immodice depressa sunt aut superfunditur aut certe dextra sinistraque solito magis surgit
12196,body,822,0,True,,"Hanc opinionem falsam esse non est diu colligendum: nam si terra aqua sustineretur, et ea aliquando concuteretur ‹et› semper moueretur, nec agitari illam miraremur sed manere; deinde tota concuteretur, non ex parte (numquam enim nauis dimidia iactatur); nunc uero terrarum non uniuersarum sed ex parte motus est: quomodo ergo fieri potest ut, quod totum uehitur, totum non agitetur, si eo quo uehitur agitatum est?",hanc opinionem falsam esse non est diu colligendum nam si terra aqua sustineretur et ea aliquando concuteretur et semper moueretur nec agitari illam miraremur sed manere deinde tota concuteretur non ex parte numquam enim nauis dimidia iactatur nunc uero terrarum non uniuersarum sed ex parte motus est quomodo ergo fieri potest ut quod totum uehitur totum non agitetur si eo quo uehitur agitatum est,hanc opinionem falsam esse non est diu colligendum nam si terra aqua sustineretur et ea aliquando concuteretur et semper moueretur nec agitari illam miraremur sed manere deinde tota concuteretur non ex parte numquam enim nauis dimidia iactatur nunc uero terrarum non uniuersarum sed ex parte motus est quomodo ergo fieri potest ut quod totum uehitur totum non agitetur si eo quo uehitur agitatum est
12196,body,823,0,False,,"""At quare aquae erumpunt?",at quare aquae erumpunt,at quare aquae erumpunt
12196,body,823,1,True,,""". Primum omnium saepe tremuit terra et nihil umoris noui fluxit; deinde si ex hac causa unda prorumperet, a lateribus terrae circumfunderetur (sicut in fluminibus ac mari uidemus incidere, ut incrementum aquarum, quotiens nauigia desidunt, in lateribus maxime appareat); ad ultimum non tam exigua fieret quam tu dicis eruptio nec uelut per rimam sentina subreperet, sed fieret ingens inundatio ut ex infinito liquore et ferente uniuersa.",primum omnium saepe tremuit terra et nihil umoris noui fluxit deinde si ex hac causa unda prorumperet a lateribus terrae circumfunderetur sicut in fluminibus ac mari uidemus incidere ut incrementum aquarum quotiens nauigia desidunt in lateribus maxime appareat ad ultimum non tam exigua fieret quam tu dicis eruptio nec uelut per rimam sentina subreperet sed fieret ingens inundatio ut ex infinito liquore et ferente uniuersa,primum omnium saepe tremuit terra et nihil umoris noui fluxit deinde si ex hac causa unda prorumperet a lateribus terrae circumfunderetur sicut in fluminibus ac mari uidemus incidere ut incrementum aquarum quotiens nauigia desidunt in lateribus maxime appareat ad ultimum non tam exigua fieret quam tu dicis eruptio nec uelut per rimam sentina subreperet sed fieret ingens inundatio ut ex infinito liquore et ferente uniuersa
12196,head,824,0,True,,CAPUT 7,caput,caput
12196,body,825,0,False,,"Quidam motum terrarum aquae imputauerunt, sed non ex eadem causa.",quidam motum terrarum aquae imputauerunt sed non ex eadem causa,quidam motum terrarum aquae imputauerunt sed non ex eadem causa
12196,body,825,1,True,,"Per omnem, inquit, terram multa aquarum genera decurrunt: aliubi perpetui amnes, quorum nauigabilis etiam sine adiutorio imbrium magnitudo est: hinc Nilus, per aestatem ingentes aquas inuehit; hinc, qui medius inter pacata et hostilia fluit, Danuuius ac Rhenus, alter Sarmaticos impetus cohibens et Europam Asiamque disterminans, alter Germanos, auidam belli gentem, repellens.",per omnem inquit terram multa aquarum genera decurrunt aliubi perpetui amnes quorum nauigabilis etiam sine adiutorio imbrium magnitudo est hinc nilus per aestatem ingentes aquas inuehit hinc qui medius inter pacata et hostilia fluit danuuius ac rhenus alter sarmaticos impetus cohibens et europam asiamque disterminans alter germanos auidam belli gentem repellens,per omnem inquit terram multa aquarum genera decurrunt aliubi perpetui amnes quorum nauigabilis etiam sine adiutorio imbrium magnitudo est hinc nilus per aestatem ingentes aquas inuehit hinc qui medius inter pacata et hostilia fluit danuuius ac rhenus alter sarmaticos impetus cohibens et europam asiamque disterminans alter germanos auidam belli gentem repellens
12196,body,826,0,True,,"Adice nunc patentissimos lacus et stagna populis inter se ignotis circumdata et ineluctabiles nauigio paludes, ne ipsis quidem inter se peruias quibus incoluntur; deinde tot fontes, tot capita fluminum subitos et ex occulto amnes uomentia, tot deinde ad tempus collectos torrentium impetus, quorum uires quam repentinae tam breues.",adice nunc patentissimos lacus et stagna populis inter se ignotis circumdata et ineluctabiles nauigio paludes ne ipsis quidem inter se peruias quibus incoluntur deinde tot fontes tot capita fluminum subitos et ex occulto amnes uomentia tot deinde ad tempus collectos torrentium impetus quorum uires quam repentinae tam breues,adice nunc patentissimos lacus et stagna populis inter se ignotis circumdata et ineluctabiles nauigio paludes ne ipsis quidem inter se peruias quibus incoluntur deinde tot fontes tot capita fluminum subitos et ex occulto amnes uomentia tot deinde ad tempus collectos torrentium impetus quorum uires quam repentinae tam breues
12196,body,827,0,False,,"Omnis aquarum et intra terram natura faciesque est: illic quoque aliae uasto cursu deferuntur et in praeceps uolutae cadunt, aliae languidiores in uadis refunduntur et leniter ac quiete fluunt; quis autem neget uastis illas receptaculis concipi et cessare multis inertes locis?",omnis aquarum et intra terram natura faciesque est illic quoque aliae uasto cursu deferuntur et in praeceps uolutae cadunt aliae languidiores in uadis refunduntur et leniter ac quiete fluunt quis autem neget uastis illas receptaculis concipi et cessare multis inertes locis,omnis aquarum et intra terram natura faciesque est illic quoque aliae uasto cursu deferuntur et in praeceps uolutae cadunt aliae languidiores in uadis refunduntur et leniter ac quiete fluunt quis autem neget uastis illas receptaculis concipi et cessare multis inertes locis
12196,body,827,1,True,,"Non est diu probandum ibi multas aquas esse, unde omnes sunt; neque enim sufficeret tellus ad tot flumina edenda, nisi ex reposito multoque funderet.",non est diu probandum ibi multas aquas esse unde omnes sunt neque enim sufficeret tellus ad tot flumina edenda nisi ex reposito multoque funderet,non est diu probandum ibi multas aquas esse unde omnes sunt neque enim sufficeret tellus ad tot flumina edenda nisi ex reposito multoque funderet
12196,body,828,0,False,,"Si hoc uerum est, necesse est aliquando illic amnis excrescat et relictis ripis uiolentus in obstantia incurrat: sic fiet motus alicuius partis in quam flumen impetum dedit et quam, donec decrescat, uerberabit.",si hoc uerum est necesse est aliquando illic amnis excrescat et relictis ripis uiolentus in obstantia incurrat sic fiet motus alicuius partis in quam flumen impetum dedit et quam donec decrescat uerberabit,si hoc uerum est necesse est aliquando illic amnis excrescat et relictis ripis uiolentus in obstantia incurrat sic fiet motus alicuius partis in quam flumen impetum dedit et quam donec decrescat uerberabit
12196,body,828,1,True,,"Potest fieri ut aliquam regionem riuus affluens exedat ac secum trahat aliquam molem, qua lapsa superposita quatiantur.",potest fieri ut aliquam regionem riuus affluens exedat ac secum trahat aliquam molem qua lapsa superposita quatiantur,potest fieri ut aliquam regionem riuus affluens exedat ac secum trahat aliquam molem qua lapsa superposita quatiantur
12196,body,829,0,False,,"Iam uero nimis oculis permittit nec ultra illos scit producere animum, qui non credit esse in abdito terrae sinus maris uasti.",iam uero nimis oculis permittit nec ultra illos scit producere animum qui non credit esse in abdito terrae sinus maris uasti,iam uero nimis oculis permittit nec ultra illos scit producere animum qui non credit esse in abdito terrae sinus maris uasti
12196,body,829,1,True,,"Nec enim uideo quid prohibeat aut obstet quo minus habeat aliquod etiam in abdito litus et per occultos aditus receptum mare, quod illic quoque tantundem loci teneat aut fortassis hoc amplius quod superiora cum tot animalibus erant diuidenda: abstrusa enim et sine possessore deserta liberius undis uacant.",nec enim uideo quid prohibeat aut obstet quo minus habeat aliquod etiam in abdito litus et per occultos aditus receptum mare quod illic quoque tantundem loci teneat aut fortassis hoc amplius quod superiora cum tot animalibus erant diuidenda abstrusa enim et sine possessore deserta liberius undis uacant,nec enim uideo quid prohibeat aut obstet quo minus habeat aliquod etiam in abdito litus et per occultos aditus receptum mare quod illic quoque tantundem loci teneat aut fortassis hoc amplius quod superiora cum tot animalibus erant diuidenda abstrusa enim et sine possessore deserta liberius undis uacant
12196,body,830,0,False,,"Quas quid uetat illic fluctuare et uentis, quos omne interuallum terrarum et omnis aer creat, impelli?",quas quid uetat illic fluctuare et uentis quos omne interuallum terrarum et omnis aer creat impelli,quas quid uetat illic fluctuare et uentis quos omne interuallum terrarum et omnis aer creat impelli
12196,body,830,1,False,,Potest ergo maior solito exorta tempestas aliquam partem terrarum impulsam uehementius commouere.,potest ergo maior solito exorta tempestas aliquam partem terrarum impulsam uehementius commouere,potest ergo maior solito exorta tempestas aliquam partem terrarum impulsam uehementius commouere
12196,body,830,2,True,,Nam apud nos quoque multa quae procul a mari fuerant subito eius accessu uapulauerunt et uillas in prospectu collocatas fluctus qui longe audiebatur inuasit; illic quoque potest accedere ac recedere pelagus infernum: quorum neutrum fit sine motu superstantium.,nam apud nos quoque multa quae procul a mari fuerant subito eius accessu uapulauerunt et uillas in prospectu collocatas fluctus qui longe audiebatur inuasit illic quoque potest accedere ac recedere pelagus infernum quorum neutrum fit sine motu superstantium,nam apud nos quoque multa quae procul a mari fuerant subito eius accessu uapulauerunt et uillas in prospectu collocatas fluctus qui longe audiebatur inuasit illic quoque potest accedere ac recedere pelagus infernum quorum neutrum fit sine motu superstantium
12196,head,831,0,True,,CAPUT 8,caput,caput
12196,body,832,0,True,,"Non quidem existimo diu te haesitaturum an credas esse subterraneos amnes et mare absconditum: unde enim ista prorepunt, unde ad nos ueniunt, nisi quod origo umoris inclusa est?",non quidem existimo diu te haesitaturum an credas esse subterraneos amnes et mare absconditum unde enim ista prorepunt unde ad nos ueniunt nisi quod origo umoris inclusa est,non quidem existimo diu te haesitaturum an credas esse subterraneos amnes et mare absconditum unde enim ista prorepunt unde ad nos ueniunt nisi quod origo umoris inclusa est
12196,body,833,0,False,,"Age, cum uides interruptum Tigrin in medio itinere siccari et non uniuersum auerti, sed paulatim non apparentibus damnis minui primum, deinde consumi, quo illum putas abire nisi in obscura terrarum, utique cum uideas emergere iterum non minorem eo qui prius fluxerat?",age cum uides interruptum tigrin in medio itinere siccari et non uniuersum auerti sed paulatim non apparentibus damnis minui primum deinde consumi quo illum putas abire nisi in obscura terrarum utique cum uideas emergere iterum non minorem eo qui prius fluxerat,age cum uides interruptum tigrin in medio itinere siccari et non uniuersum auerti sed paulatim non apparentibus damnis minui primum deinde consumi quo illum putas abire nisi in obscura terrarum utique cum uideas emergere iterum non minorem eo qui prius fluxerat
12196,body,833,1,True,,"Quid, cum uides Alpheon, celebratum poetis, in Achaia mergi et in Sicilia rursus traiecto mari effundere amoenissimum fontem Arethusam?",quid cum uides alpheon celebratum poetis in achaia mergi et in sicilia rursus traiecto mari effundere amoenissimum fontem arethusam,quid cum uides alpheon celebratum poetis in achaia mergi et in sicilia rursus traiecto mari effundere amoenissimum fontem arethusam
12196,body,834,0,False,,"Nescis autem inter opiniones, quibus enarratur Nili aestiua inundatio, et hanc esse, a terra illum erumpere et augeri non supernis aquis sed ex intimo redditis?",nescis autem inter opiniones quibus enarratur nili aestiua inundatio et hanc esse a terra illum erumpere et augeri non supernis aquis sed ex intimo redditis,nescis autem inter opiniones quibus enarratur nili aestiua inundatio et hanc esse a terra illum erumpere et augeri non supernis aquis sed ex intimo redditis
12196,body,834,1,True,,"Ego quidem centuriones duos, quos Nero Caesar, ut aliarum uirtutum ita ueritatis in primis amantissimus, ad inuestigandum caput Nili miserat, audiui narrantes longum illos iter peregisse, cum a rege Aethiopiae instructi auxilio commendatique proximis regibus penetrassent ad ulteriorem.",ego quidem centuriones duos quos nero caesar ut aliarum uirtutum ita ueritatis in primis amantissimus ad inuestigandum caput nili miserat audiui narrantes longum illos iter peregisse cum a rege aethiopiae instructi auxilio commendatique proximis regibus penetrassent ad ulteriorem,ego quidem centuriones duos quos nero caesar ut aliarum uirtutum ita ueritatis in primis amantissimus ad inuestigandum caput nili miserat audiui narrantes longum illos iter peregisse cum a rege aethiopiae instructi auxilio commendatique proximis regibus penetrassent ad ulteriorem
12196,body,835,0,False,,"Inde, ut quidam aiebant, peruenimus ad immensas paludes, quarum exitum nec incolae nouerant nec sperare quisquam potest: ita implicatae aquis herbae sunt et aquae nec pediti eluctabiles nec nauigio, quod nisi paruum et unius capax limosa et obsita palus non fert.",inde ut quidam aiebant peruenimus ad immensas paludes quarum exitum nec incolae nouerant nec sperare quisquam potest ita implicatae aquis herbae sunt et aquae nec pediti eluctabiles nec nauigio quod nisi paruum et unius capax limosa et obsita palus non fert,inde ut quidam aiebant peruenimus ad immensas paludes quarum exitum nec incolae nouerant nec sperare quisquam potest ita implicatae aquis herbae sunt et aquae nec pediti eluctabiles nec nauigio quod nisi paruum et unius capax limosa et obsita palus non fert
12196,body,835,1,True,,"Ibi, inquit, uidimus duas petras, ex quibus ingens uis fluminis excidebat.",ibi inquit uidimus duas petras ex quibus ingens uis fluminis excidebat,ibi inquit uidimus duas petras ex quibus ingens uis fluminis excidebat
12196,body,836,0,False,,"Sed siue caput illa siue accessio est Nili, siue tunc nascitur siue in terras ex priore recepta cursu redit, nonne tu credis illam, quicquid est, ex magno terrarum lacu ascendere?",sed siue caput illa siue accessio est nili siue tunc nascitur siue in terras ex priore recepta cursu redit nonne tu credis illam quicquid est ex magno terrarum lacu ascendere,sed siue caput illa siue accessio est nili siue tunc nascitur siue in terras ex priore recepta cursu redit nonne tu credis illam quicquid est ex magno terrarum lacu ascendere
12196,body,836,1,True,,"Habeant enim oportet pluribus locis sparsum umorem et in uno coactum, ut eructare tanto impetu possint.",habeant enim oportet pluribus locis sparsum umorem et in uno coactum ut eructare tanto impetu possint,habeant enim oportet pluribus locis sparsum umorem et in uno coactum ut eructare tanto impetu possint
12196,head,837,0,True,,CAPUT 9,caput,caput
12196,body,838,0,True,,"Ignem causam motus quidam iudicant, imprimis Anaxagoras, qui existimat simili paene ex causa et aera concuti et terram: cum in inferiore parte spiritus crassum aera et in nubes coactum eadem ui qua apud nos quoque nubila frangi solent rupit et ignis ex hoc collisu nubium cursuque elisi aeris emicuit, hic ipse in obuia incurrit exitum quaerens ac diuellit repugnantia, donec per angustum aut nactus est uiam exeundi ad caelum aut ui et iniuria fecit.",ignem causam motus quidam iudicant imprimis anaxagoras qui existimat simili paene ex causa et aera concuti et terram cum in inferiore parte spiritus crassum aera et in nubes coactum eadem ui qua apud nos quoque nubila frangi solent rupit et ignis ex hoc collisu nubium cursuque elisi aeris emicuit hic ipse in obuia incurrit exitum quaerens ac diuellit repugnantia donec per angustum aut nactus est uiam exeundi ad caelum aut ui et iniuria fecit,ignem causam motus quidam iudicant imprimis anaxagoras qui existimat simili paene ex causa et aera concuti et terram cum in inferiore parte spiritus crassum aera et in nubes coactum eadem ui qua apud nos quoque nubila frangi solent rupit et ignis ex hoc collisu nubium cursuque elisi aeris emicuit hic ipse in obuia incurrit exitum quaerens ac diuellit repugnantia donec per angustum aut nactus est uiam exeundi ad caelum aut ui et iniuria fecit
12196,body,839,0,True,,"Alii in igne causam quidam esse, sed non ob hoc iudicant, sed quia pluribus obrutus locis ardeat et proxima quaeque consumat; quae si quando exesa ceciderint, tunc sequi motum earum partium quae subiectis adminiculis destitutae labant, donec corruerunt nullo occurrente quod onus exciperet; tunc chasmata, tunc hiatus uasti aperiuntur aut, cum diu dubitauerunt, super ea se quae supersunt stantque componunt.",alii in igne causam quidam esse sed non ob hoc iudicant sed quia pluribus obrutus locis ardeat et proxima quaeque consumat quae si quando exesa ceciderint tunc sequi motum earum partium quae subiectis adminiculis destitutae labant donec corruerunt nullo occurrente quod onus exciperet tunc chasmata tunc hiatus uasti aperiuntur aut cum diu dubitauerunt super ea se quae supersunt stantque componunt,alii in igne causam quidam esse sed non ob hoc iudicant sed quia pluribus obrutus locis ardeat et proxima quaeque consumat quae si quando exesa ceciderint tunc sequi motum earum partium quae subiectis adminiculis destitutae labant donec corruerunt nullo occurrente quod onus exciperet tunc chasmata tunc hiatus uasti aperiuntur aut cum diu dubitauerunt super ea se quae supersunt stantque componunt
12196,body,840,0,True,,"Hoc apud nos quoque uidemus accidere, quotiens incendio laborat pars ciuitatis: cum exustae trabes sunt aut corrupta quae superioribus firmamentum dabant, tunc diu agitata fastigia concidunt et tam diu deferuntur atque incerta sunt, donec in solido resederunt.",hoc apud nos quoque uidemus accidere quotiens incendio laborat pars ciuitatis cum exustae trabes sunt aut corrupta quae superioribus firmamentum dabant tunc diu agitata fastigia concidunt et tam diu deferuntur atque incerta sunt donec in solido resederunt,hoc apud nos quoque uidemus accidere quotiens incendio laborat pars ciuitatis cum exustae trabes sunt aut corrupta quae superioribus firmamentum dabant tunc diu agitata fastigia concidunt et tam diu deferuntur atque incerta sunt donec in solido resederunt
12196,head,841,0,True,,CAPUT 10,caput,caput
12196,body,842,0,False,,"Anaximenes ait terram ipsam sibi causam esse motus nec extrinsecus incurrere quod illam impellat, sed intra ipsam et ex ipsa: quasdam enim partes eius decidere, quas aut umor resoluerit aut ignis exederit aut spiritus uiolentia excusserit.",anaximenes ait terram ipsam sibi causam esse motus nec extrinsecus incurrere quod illam impellat sed intra ipsam et ex ipsa quasdam enim partes eius decidere quas aut umor resoluerit aut ignis exederit aut spiritus uiolentia excusserit,anaximenes ait terram ipsam sibi causam esse motus nec extrinsecus incurrere quod illam impellat sed intra ipsam et ex ipsa quasdam enim partes eius decidere quas aut umor resoluerit aut ignis exederit aut spiritus uiolentia excusserit
12196,body,842,1,True,,Sed his quoque cessantibus non deesse propter quod aliquid abscedat aut reuellatur; nam primum omnia uetustate labuntur nec quicquam tutum a senectute est; haec solida quoque et magni roboris carpit.,sed his quoque cessantibus non deesse propter quod aliquid abscedat aut reuellatur nam primum omnia uetustate labuntur nec quicquam tutum a senectute est haec solida quoque et magni roboris carpit,sed his quoque cessantibus non deesse propter quod aliquid abscedat aut reuellatur nam primum omnia uetustate labuntur nec quicquam tutum a senectute est haec solida quoque et magni roboris carpit
12196,body,843,0,True,,"Itaque quemadmodum in aedificiis ueteribus quasdam non percussa tamen decidunt, cum plus ponderis habuere quam uirium, ita in hoc uniuerso terrae corpore euenit ut partes eius uetustate soluantur, solutae cadant et tremorem superioribus afferant: primum, dum abscedunt (nihil enim utique magnum sine motu eius cui haesit absciditur); deinde, cum deciderunt, solido exceptae resiliunt pilae more (quae, cum cecidit, exultat ac saepius pellitur, totiens a solo in nouum impetum missa); si uero in stagnantibus aquis delatae sunt, hic ipse casus uicina concutit fluctu, quem subitum uastumque illisum ex alto pondus eiecit.",itaque quemadmodum in aedificiis ueteribus quasdam non percussa tamen decidunt cum plus ponderis habuere quam uirium ita in hoc uniuerso terrae corpore euenit ut partes eius uetustate soluantur solutae cadant et tremorem superioribus afferant primum dum abscedunt nihil enim utique magnum sine motu eius cui haesit absciditur deinde cum deciderunt solido exceptae resiliunt pilae more quae cum cecidit exultat ac saepius pellitur totiens a solo in nouum impetum missa si uero in stagnantibus aquis delatae sunt hic ipse casus uicina concutit fluctu quem subitum uastumque illisum ex alto pondus eiecit,itaque quemadmodum in aedificiis ueteribus quasdam non percussa tamen decidunt cum plus ponderis habuere quam uirium ita in hoc uniuerso terrae corpore euenit ut partes eius uetustate soluantur solutae cadant et tremorem superioribus afferant primum dum abscedunt nihil enim utique magnum sine motu eius cui haesit absciditur deinde cum deciderunt solido exceptae resiliunt pilae more quae cum cecidit exultat ac saepius pellitur totiens a solo in nouum impetum missa si uero in stagnantibus aquis delatae sunt hic ipse casus uicina concutit fluctu quem subitum uastumque illisum ex alto pondus eiecit
12196,head,844,0,True,,CAPUT 11,caput,caput
12196,body,845,0,False,,"Quidam ignibus quidem assignant hunc tremorem, sed aliter.",quidam ignibus quidem assignant hunc tremorem sed aliter,quidam ignibus quidem assignant hunc tremorem sed aliter
12196,body,845,1,False,,"Nam cum pluribus locis ferueant, necesse est ingentem uaporem sine exitu uoluant, qui ui sua spiritum intendit et, si acrius institit, opposita diffindit, si uero remissior fuit, nihil amplius quam mouet.",nam cum pluribus locis ferueant necesse est ingentem uaporem sine exitu uoluant qui ui sua spiritum intendit et si acrius institit opposita diffindit si uero remissior fuit nihil amplius quam mouet,nam cum pluribus locis ferueant necesse est ingentem uaporem sine exitu uoluant qui ui sua spiritum intendit et si acrius institit opposita diffindit si uero remissior fuit nihil amplius quam mouet
12196,body,845,2,True,,"Uidemus aquam spumare igne subiecto: quod in hac aqua facit inclusa et angusta, multo magis illum facere credamus, cum uiolentus ac uastus ingentes aquas excitat: tunc illa euaporatione fluctuantium undarum quicquid pulsauit, agitatur.",uidemus aquam spumare igne subiecto quod in hac aqua facit inclusa et angusta multo magis illum facere credamus cum uiolentus ac uastus ingentes aquas excitat tunc illa euaporatione fluctuantium undarum quicquid pulsauit agitatur,uidemus aquam spumare igne subiecto quod in hac aqua facit inclusa et angusta multo magis illum facere credamus cum uiolentus ac uastus ingentes aquas excitat tunc illa euaporatione fluctuantium undarum quicquid pulsauit agitatur
12196,head,846,0,True,,CAPUT 12,caput,caput
12196,body,847,0,False,,Spiritum esse qui moueat et plurimis et maximis auctoribus placet.,spiritum esse qui moueat et plurimis et maximis auctoribus placet,spiritum esse qui moueat et plurimis et maximis auctoribus placet
12196,body,847,1,True,,"Archelaus, uir quidem satis diligens, ait ita: Uenti in concaua terrarum deferuntur; deinde, ubi iam omnia spatia plena sunt et in quantum aer potuit densatus est, is qui superuertit spiritus priorem premit et elidit ac frequentibus plagis primo cogit, deinde proturbat;",archelaus uir quidem satis diligens ait ita uenti in concaua terrarum deferuntur deinde ubi iam omnia spatia plena sunt et in quantum aer potuit densatus est is qui superuertit spiritus priorem premit et elidit ac frequentibus plagis primo cogit deinde proturbat,archelaus uir quidem satis diligens ait ita uenti in concaua terrarum deferuntur deinde ubi iam omnia spatia plena sunt et in quantum aer potuit densatus est is qui superuertit spiritus priorem premit et elidit ac frequentibus plagis primo cogit deinde proturbat
12196,body,848,0,False,,"tunc ille quaerens locum omnes angustias dimouet et claustra sua conatur effringere: sic euenit ut terrae, spiritu luctante et fugam quaerente, moueantur.",tunc ille quaerens locum omnes angustias dimouet et claustra sua conatur effringere sic euenit ut terrae spiritu luctante et fugam quaerente moueantur,tunc ille quaerens locum omnes angustias dimouet et claustra sua conatur effringere sic euenit ut terrae spiritu luctante et fugam quaerente moueantur
12196,body,848,1,False,,"Itaque cum terrae motus futurus est, praecedit aeris tranquillitas et quies, uidelicet quia uis spiritus, quae concitare uentos solet, in inferna sede retinetur.",itaque cum terrae motus futurus est praecedit aeris tranquillitas et quies uidelicet quia uis spiritus quae concitare uentos solet in inferna sede retinetur,itaque cum terrae motus futurus est praecedit aeris tranquillitas et quies uidelicet quia uis spiritus quae concitare uentos solet in inferna sede retinetur
12196,body,848,2,True,,"Nunc quoque, cum hic motus in Campania fuit, quamuis hiberno tempore et inquieto, per superiores dies caelo aer stetit.",nunc quoque cum hic motus in campania fuit quamuis hiberno tempore et inquieto per superiores dies caelo aer stetit,nunc quoque cum hic motus in campania fuit quamuis hiberno tempore et inquieto per superiores dies caelo aer stetit
12196,body,849,0,False,,Quid ergo?,quid ergo,quid ergo
12196,body,849,1,False,,Numquam flante uento terra concussa est?,numquam flante uento terra concussa est,numquam flante uento terra concussa est
12196,body,849,2,False,,Admodum raro; duo ‹si› simul flauere uenti fieri; tamen et potest et solet.,admodum raro duo si simul flauere uenti fieri tamen et potest et solet,admodum raro duo si simul flauere uenti fieri tamen et potest et solet
12196,body,849,3,True,,"Quod si recipimus et constat duos uentos rem simul gerere, quidni accidere possit ut alter superiorem aera agitet, alter infernum?",quod si recipimus et constat duos uentos rem simul gerere quidni accidere possit ut alter superiorem aera agitet alter infernum,quod si recipimus et constat duos uentos rem simul gerere quidni accidere possit ut alter superiorem aera agitet alter infernum
12196,head,850,0,True,,CAPUT 13,caput,caput
12196,body,851,0,False,,"In hac sententia licet portas Aristotelem et discipulum eius Theophrastum (non, ut Graecis uisum est, diuini, tamen et dulcis eloquii uirum et nitidi sine labore).",in hac sententia licet portas aristotelem et discipulum eius theophrastum non ut graecis uisum est diuini tamen et dulcis eloquii uirum et nitidi sine labore,in hac sententia licet portas aristotelem et discipulum eius theophrastum non ut graecis uisum est diuini tamen et dulcis eloquii uirum et nitidi sine labore
12196,body,851,1,False,,Quid utrique placeat exponam.,quid utrique placeat exponam,quid utrique placeat exponam
12196,body,851,2,True,,"Semper aliqua euaporatio est e terra, quae modo arida est, modo umido mixta; haec ab infimo edita et in quantum potuit elata, cum ulteriorem locum in quem exeat non habet, retro fertur atque in se reuoluitur; deinde rixa spiritus reciprocantis iactat obstantia et, siue interclusus siue per angusta enisus est, motum ac tumultum ciet.",semper aliqua euaporatio est e terra quae modo arida est modo umido mixta haec ab infimo edita et in quantum potuit elata cum ulteriorem locum in quem exeat non habet retro fertur atque in se reuoluitur deinde rixa spiritus reciprocantis iactat obstantia et siue interclusus siue per angusta enisus est motum ac tumultum ciet,semper aliqua euaporatio est e terra quae modo arida est modo umido mixta haec ab infimo edita et in quantum potuit elata cum ulteriorem locum in quem exeat non habet retro fertur atque in se reuoluitur deinde rixa spiritus reciprocantis iactat obstantia et siue interclusus siue per angusta enisus est motum ac tumultum ciet
12196,body,852,0,False,,"Straton ex eadem schola est, qui hanc partem philosophiae maxime coluit et rerum naturae inquisitor fuit; huius tale decretum est.",straton ex eadem schola est qui hanc partem philosophiae maxime coluit et rerum naturae inquisitor fuit huius tale decretum est,straton ex eadem schola est qui hanc partem philosophiae maxime coluit et rerum naturae inquisitor fuit huius tale decretum est
12196,body,852,1,False,,"Frigidum et calidum semper in contraria abeunt, una esse non possunt: eo frigidum confluit unde uis calidi discessit, et inuicem ibi calidum est unde frigus expulsum est.",frigidum et calidum semper in contraria abeunt una esse non possunt eo frigidum confluit unde uis calidi discessit et inuicem ibi calidum est unde frigus expulsum est,frigidum et calidum semper in contraria abeunt una esse non possunt eo frigidum confluit unde uis calidi discessit et inuicem ibi calidum est unde frigus expulsum est
12196,body,852,2,True,,Hoc quod dico uerum esse et utrumque in contrarium agi ex hoc tibi appareat:,hoc quod dico uerum esse et utrumque in contrarium agi ex hoc tibi appareat,hoc quod dico uerum esse et utrumque in contrarium agi ex hoc tibi appareat
12196,body,853,0,False,,"hiberno tempore, cum supra terram frigus est, calent putei nec minus specus atque omnes sub terra recessus, quia illo se calor contulit superiora possidenti frigori cedens; qui, cum in inferiora peruenit et eo se quantum poterat ingessit, quo densior, hoc ualidior est.",hiberno tempore cum supra terram frigus est calent putei nec minus specus atque omnes sub terra recessus quia illo se calor contulit superiora possidenti frigori cedens qui cum in inferiora peruenit et eo se quantum poterat ingessit quo densior hoc ualidior est,hiberno tempore cum supra terram frigus est calent putei nec minus specus atque omnes sub terra recessus quia illo se calor contulit superiora possidenti frigori cedens qui cum in inferiora peruenit et eo se quantum poterat ingessit quo densior hoc ualidior est
12196,body,853,1,True,,"Frigori cal‹idi› uis superuenit, cui necessario congregatus ille iam et in angustum pressus loco cedit.",frigori calidi uis superuenit cui necessario congregatus ille iam et in angustum pressus loco cedit,frigori calidi uis superuenit cui necessario congregatus ille iam et in angustum pressus loco cedit
12196,body,854,0,False,,"Idem contrario euenit: cum uis maior frigidi illata in cauernis est, quicquid illic calidi latet, frigori cedens abit in angustum et magno impetu agitur, quia non patitur utriusque natura concordiam nec in uno moram.",idem contrario euenit cum uis maior frigidi illata in cauernis est quicquid illic calidi latet frigori cedens abit in angustum et magno impetu agitur quia non patitur utriusque natura concordiam nec in uno moram,idem contrario euenit cum uis maior frigidi illata in cauernis est quicquid illic calidi latet frigori cedens abit in angustum et magno impetu agitur quia non patitur utriusque natura concordiam nec in uno moram
12196,body,854,1,True,,Fugiens ergo et omni modo cupiens excedere proxima quaeque remolitur ac iactat.,fugiens ergo et omni modo cupiens excedere proxima quaeque remolitur ac iactat,fugiens ergo et omni modo cupiens excedere proxima quaeque remolitur ac iactat
12196,body,855,0,False,,"Ideoque antequam terra moueatur, solet mugitus s audiri uentis in abdito tumultuantibus.",ideoque antequam terra moueatur solet mugitus s audiri uentis in abdito tumultuantibus,ideoque antequam terra moueatur solet mugitus s audiri uentis in abdito tumultuantibus
12196,body,855,1,False,,"Nec enim aliter posset, ut ait noster Uergilius, ""sub pedibus mugire solum et iuga celsa moueri"", nisi hoc esset uentorum opus. v [13,6] Uices deinde huius pugnae sunt eaedem: fit calidi congregatio ac rursus eruptio; tunc frigida compescuntur et secedunt mox futura potentiora.",nec enim aliter posset ut ait noster uergilius sub pedibus mugire solum et iuga celsa moueri nisi hoc esset uentorum opus v uices deinde huius pugnae sunt eaedem fit calidi congregatio ac rursus eruptio tunc frigida compescuntur et secedunt mox futura potentiora,nec enim aliter posset ut ait noster uergilius sub pedibus mugire solum et iuga celsa moueri nisi hoc esset uentorum opus u uices deinde huius pugnae sunt eaedem fit calidi congregatio ac rursus eruptio tunc frigida compescuntur et secedunt mox futura potentiora
12196,body,855,2,True,,"Dum ergo alterna uis cursat et ultro citroque spiritus commeat, terra concutitur.",dum ergo alterna uis cursat et ultro citroque spiritus commeat terra concutitur,dum ergo alterna uis cursat et ultro citroque spiritus commeat terra concutitur
12196,head,856,0,True,,CAPUT 14,caput,caput
12196,body,857,0,False,,"Sunt qui existiment spiritu quidem et nulla alia ratione tremere terram, sed ex alia causa quam Aristoteli placuit.",sunt qui existiment spiritu quidem et nulla alia ratione tremere terram sed ex alia causa quam aristoteli placuit,sunt qui existiment spiritu quidem et nulla alia ratione tremere terram sed ex alia causa quam aristoteli placuit
12196,body,857,1,False,,"Quid sit quod ab his dicatur audi: corpus nostrum et sanguine irrigatur et spiritu, qui per sua itinera decurrit.",quid sit quod ab his dicatur audi corpus nostrum et sanguine irrigatur et spiritu qui per sua itinera decurrit,quid sit quod ab his dicatur audi corpus nostrum et sanguine irrigatur et spiritu qui per sua itinera decurrit
12196,body,857,2,False,,"Habemus autem quaedam angustiora receptacula animae per quae nihil amplius quam meat, quaedam patentiora in quibus colligitur et unde diuiditur in partes.",habemus autem quaedam angustiora receptacula animae per quae nihil amplius quam meat quaedam patentiora in quibus colligitur et unde diuiditur in partes,habemus autem quaedam angustiora receptacula animae per quae nihil amplius quam meat quaedam patentiora in quibus colligitur et unde diuiditur in partes
12196,body,857,3,False,,"Sic hoc totum terrarum omnium corpus et aquis, quae uicem sanguinis tenent, et uentis, quos nihil aliud quis quam animam uocauerit, peruium est.",sic hoc totum terrarum omnium corpus et aquis quae uicem sanguinis tenent et uentis quos nihil aliud quis quam animam uocauerit peruium est,sic hoc totum terrarum omnium corpus et aquis quae uicem sanguinis tenent et uentis quos nihil aliud quis quam animam uocauerit peruium est
12196,body,857,4,True,,"Haec duo aliubi currunt, aliubi consistunt.",haec duo aliubi currunt aliubi consistunt,haec duo aliubi currunt aliubi consistunt
12196,body,858,0,False,,"Sed quemadmodum in corpore nostro, dum bona ualetudo est, uenarum quoque imperturbata mobilitas modum seruat; ubi aliquid aduersi est, micat crebrius et suspiria atque anhelitus laborantis ac fessi signa sunt: ita terrae quoque, dum illis positio naturalis est, inconcussae manent; cum aliquid peccatur, tunc uelut aegri corporis motus est, spiritu illo qui modestius perfluebat icto uehementius et quassante uenas suas.",sed quemadmodum in corpore nostro dum bona ualetudo est uenarum quoque imperturbata mobilitas modum seruat ubi aliquid aduersi est micat crebrius et suspiria atque anhelitus laborantis ac fessi signa sunt ita terrae quoque dum illis positio naturalis est inconcussae manent cum aliquid peccatur tunc uelut aegri corporis motus est spiritu illo qui modestius perfluebat icto uehementius et quassante uenas suas,sed quemadmodum in corpore nostro dum bona ualetudo est uenarum quoque imperturbata mobilitas modum seruat ubi aliquid aduersi est micat crebrius et suspiria atque anhelitus laborantis ac fessi signa sunt ita terrae quoque dum illis positio naturalis est inconcussae manent cum aliquid peccatur tunc uelut aegri corporis motus est spiritu illo qui modestius perfluebat icto uehementius et quassante uenas suas
12196,body,858,1,False,,"Nec, ut illi paulo ante dicebant, quibus animal placet esse terram.",nec ut illi paulo ante dicebant quibus animal placet esse terram,nec ut illi paulo ante dicebant quibus animal placet esse terram
12196,body,858,2,True,,"Nisi hoc est, quemadmodum animal totum uexationem sentiet; neque enim in nobis febris alias partes moratius, alias citius impellit, sed per omnes pari aequalitate discurrit.",nisi hoc est quemadmodum animal totum uexationem sentiet neque enim in nobis febris alias partes moratius alias citius impellit sed per omnes pari aequalitate discurrit,nisi hoc est quemadmodum animal totum uexationem sentiet neque enim in nobis febris alias partes moratius alias citius impellit sed per omnes pari aequalitate discurrit
12196,body,859,0,False,,Uide ergo num quid intret in illam spiritus ex circumfuso aere.,uide ergo num quid intret in illam spiritus ex circumfuso aere,uide ergo num quid intret in illam spiritus ex circumfuso aere
12196,body,859,1,False,,"Qui, quamdiu habet exitum, sine iniuria labitur; si offendit aliquid et incidit quod uiam clauderet, tunc oneratur primo infundente se a tergo aere, deinde per aliquam rimam maligne fugit et hoc acrius fertur, quo angustius.",qui quamdiu habet exitum sine iniuria labitur si offendit aliquid et incidit quod uiam clauderet tunc oneratur primo infundente se a tergo aere deinde per aliquam rimam maligne fugit et hoc acrius fertur quo angustius,qui quamdiu habet exitum sine iniuria labitur si offendit aliquid et incidit quod uiam clauderet tunc oneratur primo infundente se a tergo aere deinde per aliquam rimam maligne fugit et hoc acrius fertur quo angustius
12196,body,859,2,True,,"Id sine pugna non potest fieri, nec pugna sine motu.",id sine pugna non potest fieri nec pugna sine motu,id sine pugna non potest fieri nec pugna sine motu
12196,body,860,0,False,,"At si ne rimam quidem per quam efflueret inuenit, conglobatus illic furit et hoc atque illo circumagitur aliaque deicit, alia intercidit, cum tenuissimus idemque fortissimus et irrepat quamuis in obstructa et quicquid intrauit ui sua diducat ac dissipet.",at si ne rimam quidem per quam efflueret inuenit conglobatus illic furit et hoc atque illo circumagitur aliaque deicit alia intercidit cum tenuissimus idemque fortissimus et irrepat quamuis in obstructa et quicquid intrauit ui sua diducat ac dissipet,at si ne rimam quidem per quam efflueret inuenit conglobatus illic furit et hoc atque illo circumagitur aliaque deicit alia intercidit cum tenuissimus idemque fortissimus et irrepat quamuis in obstructa et quicquid intrauit ui sua diducat ac dissipet
12196,body,860,1,True,,"Tunc terra iactatur: aut enim datura uento locum discedit, aut, cum dedit, in ipsam qua illum emisit cauernam fundamento spoliata considit.",tunc terra iactatur aut enim datura uento locum discedit aut cum dedit in ipsam qua illum emisit cauernam fundamento spoliata considit,tunc terra iactatur aut enim datura uento locum discedit aut cum dedit in ipsam qua illum emisit cauernam fundamento spoliata considit
12196,head,861,0,True,,CAPUT 15,caput,caput
12196,body,862,0,False,,"Quidam ita existimant: terra multis locis perforata est nec tantum primos illos aditus habet quos uelut spiramenta ab initio sui recepit, sed multos illi casus imposuit.",quidam ita existimant terra multis locis perforata est nec tantum primos illos aditus habet quos uelut spiramenta ab initio sui recepit sed multos illi casus imposuit,quidam ita existimant terra multis locis perforata est nec tantum primos illos aditus habet quos uelut spiramenta ab initio sui recepit sed multos illi casus imposuit
12196,body,862,1,False,,"Aliubi deduxit quicquid superne terreni erat aqua, alia torrentes cecidere, alia aestibus magnis disrupta patuerunt.",aliubi deduxit quicquid superne terreni erat aqua alia torrentes cecidere alia aestibus magnis disrupta patuerunt,aliubi deduxit quicquid superne terreni erat aqua alia torrentes cecidere alia aestibus magnis disrupta patuerunt
12196,body,862,2,True,,"Per haec interualla intrat spiritus: quem si inclusit mare et altius adegit nec fluctus retro abire permisit, tunc ille exitu simul redituque praecluso uolutatur et, quia in rectum non potest tendere, quod illi naturale est, in sublime se intendit et terram prementem diuerberat.",per haec interualla intrat spiritus quem si inclusit mare et altius adegit nec fluctus retro abire permisit tunc ille exitu simul redituque praecluso uolutatur et quia in rectum non potest tendere quod illi naturale est in sublime se intendit et terram prementem diuerberat,per haec interualla intrat spiritus quem si inclusit mare et altius adegit nec fluctus retro abire permisit tunc ille exitu simul redituque praecluso uolutatur et quia in rectum non potest tendere quod illi naturale est in sublime se intendit et terram prementem diuerberat
12196,head,863,0,True,,CAPUT 16,caput,caput
12196,body,864,0,False,,Etiamnunc dicendum est quod plerisque auctoribus placet et in quod fortasse fiet discessio.,etiamnunc dicendum est quod plerisque auctoribus placet et in quod fortasse fiet discessio,etiamnunc dicendum est quod plerisque auctoribus placet et in quod fortasse fiet discessio
12196,body,864,1,False,,"Non esse terram sine spiritu palam est, non tantum illo dico quo se tenet ac partes sui iungit, qui inest etiam saxis mortuisque corporibus, sed illo dico uitali et uegeto et alente omnia.",non esse terram sine spiritu palam est non tantum illo dico quo se tenet ac partes sui iungit qui inest etiam saxis mortuisque corporibus sed illo dico uitali et uegeto et alente omnia,non esse terram sine spiritu palam est non tantum illo dico quo se tenet ac partes sui iungit qui inest etiam saxis mortuisque corporibus sed illo dico uitali et uegeto et alente omnia
12196,body,864,2,False,,"Hunc nisi haberet, quomodo tot arbustis spiritum infunderet non aliunde uiuentibus et tot satis?",hunc nisi haberet quomodo tot arbustis spiritum infunderet non aliunde uiuentibus et tot satis,hunc nisi haberet quomodo tot arbustis spiritum infunderet non aliunde uiuentibus et tot satis
12196,body,864,3,True,,"Quemadmodum tam diuersas radices aliter atque aliter in se mersas foueret, quasdam summa receptas parte, quasdam altius tractas, nisi multum haberet animae tam multa tam uaria generantis et haustu atque alimento sui educantis?",quemadmodum tam diuersas radices aliter atque aliter in se mersas foueret quasdam summa receptas parte quasdam altius tractas nisi multum haberet animae tam multa tam uaria generantis et haustu atque alimento sui educantis,quemadmodum tam diuersas radices aliter atque aliter in se mersas foueret quasdam summa receptas parte quasdam altius tractas nisi multum haberet animae tam multa tam uaria generantis et haustu atque alimento sui educantis
12196,body,865,0,True,,"Leuibus adhuc argumentis ago: totum hoc caelum, quod igneus aether, mundi summa pars, claudit, omnes hae stellae, quarum iniri non potest numerus, omnis hic caelestium coetus et, ut alia praeteream, hic tam prope a nobis agens cursum sol, omni terrarum ambitu non semel maior, alimentum ex terreno trahunt et inter se partiuntur nec ullo alio scilicet quam halitu terrarum sustinentur: hoc illis alimentum, hic pastus est.",leuibus adhuc argumentis ago totum hoc caelum quod igneus aether mundi summa pars claudit omnes hae stellae quarum iniri non potest numerus omnis hic caelestium coetus et ut alia praeteream hic tam prope a nobis agens cursum sol omni terrarum ambitu non semel maior alimentum ex terreno trahunt et inter se partiuntur nec ullo alio scilicet quam halitu terrarum sustinentur hoc illis alimentum hic pastus est,leuibus adhuc argumentis ago totum hoc caelum quod igneus aether mundi summa pars claudit omnes hae stellae quarum iniri non potest numerus omnis hic caelestium coetus et ut alia praeteream hic tam prope a nobis agens cursum sol omni terrarum ambitu non semel maior alimentum ex terreno trahunt et inter se partiuntur nec ullo alio scilicet quam halitu terrarum sustinentur hoc illis alimentum hic pastus est
12196,body,866,0,False,,"Non posset autem tam multa tantoque se ipsa maiora nutrire, nisi plena esset animae, quam per diem ac noctem ab omnibus partibus sui fundit; fieri enim non potest ut non multum illi supersit, ex qua tantum petitur ac sumitur.",non posset autem tam multa tantoque se ipsa maiora nutrire nisi plena esset animae quam per diem ac noctem ab omnibus partibus sui fundit fieri enim non potest ut non multum illi supersit ex qua tantum petitur ac sumitur,non posset autem tam multa tantoque se ipsa maiora nutrire nisi plena esset animae quam per diem ac noctem ab omnibus partibus sui fundit fieri enim non potest ut non multum illi supersit ex qua tantum petitur ac sumitur
12196,body,866,1,True,,"Et ad tempus quidem quod exeat nascitur (nec enim esset perennis illi copia suffecturi in tot caelestia spiritus, nisi inuicem elementa recurrerent et in aliud alia soluerentur), sed tamen necesse est abundet ac plena sit et ex condito proferat:",et ad tempus quidem quod exeat nascitur nec enim esset perennis illi copia suffecturi in tot caelestia spiritus nisi inuicem elementa recurrerent et in aliud alia soluerentur sed tamen necesse est abundet ac plena sit et ex condito proferat,et ad tempus quidem quod exeat nascitur nec enim esset perennis illi copia suffecturi in tot caelestia spiritus nisi inuicem elementa recurrerent et in aliud alia soluerentur sed tamen necesse est abundet ac plena sit et ex condito proferat
12196,body,867,0,False,,non est ergo dubium quin multum spiritus intus lateat et caeca sub terra spatia aer latus obtineat.,non est ergo dubium quin multum spiritus intus lateat et caeca sub terra spatia aer latus obtineat,non est ergo dubium quin multum spiritus intus lateat et caeca sub terra spatia aer latus obtineat
12196,body,867,1,True,,"Quod si uerum est, necesse est id saepe moueatur quod re mobilissima plenum est: numquid enim dubium esse cuiquam potest quin nihil sit tam inquietum quam aer, tam uersabile et agitatione gaudens?",quod si uerum est necesse est id saepe moueatur quod re mobilissima plenum est numquid enim dubium esse cuiquam potest quin nihil sit tam inquietum quam aer tam uersabile et agitatione gaudens,quod si uerum est necesse est id saepe moueatur quod re mobilissima plenum est numquid enim dubium esse cuiquam potest quin nihil sit tam inquietum quam aer tam uersabile et agitatione gaudens
12196,head,868,0,True,,CAPUT 17,caput,caput
12196,body,869,0,False,,"Sequitur ergo ut naturam suam exerceat et quod semper moueri uult, aliquando et alia moueat.",sequitur ergo ut naturam suam exerceat et quod semper moueri uult aliquando et alia moueat,sequitur ergo ut naturam suam exerceat et quod semper moueri uult aliquando et alia moueat
12196,body,869,1,False,,Id quando fit?,id quando fit,id quando fit
12196,body,869,2,False,,Quando illi cursus interdictus est.,quando illi cursus interdictus est,quando illi cursus interdictus est
12196,body,869,3,True,,"Nam quamdiu non impeditur, it placide; cum offenditur et retinetur, insanit et moras suas abripit, non aliter quam ille ""pontem indignatus Araxes"":",nam quamdiu non impeditur it placide cum offenditur et retinetur insanit et moras suas abripit non aliter quam ille pontem indignatus araxes,nam quamdiu non impeditur it placide cum offenditur et retinetur insanit et moras suas abripit non aliter quam ille pontem indignatus araxes
12196,body,870,0,False,,"quamdiu illi facilis et liber est alueus, primas quasque aquas explicat; ubi saxa manu uel casu illata repressere uenientem, tunc impetum mora quaerit et, quo plura opposita sunt, plus inuenit uirium: omnis enim illa unda, quae a tergo superuenit et in se crescit, cum onus suum sustinere non potuit, uim ruina parat et prona cum ipsis quae obiacebant fugit.",quamdiu illi facilis et liber est alueus primas quasque aquas explicat ubi saxa manu uel casu illata repressere uenientem tunc impetum mora quaerit et quo plura opposita sunt plus inuenit uirium omnis enim illa unda quae a tergo superuenit et in se crescit cum onus suum sustinere non potuit uim ruina parat et prona cum ipsis quae obiacebant fugit,quamdiu illi facilis et liber est alueus primas quasque aquas explicat ubi saxa manu uel casu illata repressere uenientem tunc impetum mora quaerit et quo plura opposita sunt plus inuenit uirium omnis enim illa unda quae a tergo superuenit et in se crescit cum onus suum sustinere non potuit uim ruina parat et prona cum ipsis quae obiacebant fugit
12196,body,870,1,True,,"Idem spiritu fit, qui quo ualentior agiliorque est, citius eripitur et uehementius saeptum omne disturbat: ex quo motus fit, scilicet eius partis sub qua pugnatum est.",idem spiritu fit qui quo ualentior agiliorque est citius eripitur et uehementius saeptum omne disturbat ex quo motus fit scilicet eius partis sub qua pugnatum est,idem spiritu fit qui quo ualentior agiliorque est citius eripitur et uehementius saeptum omne disturbat ex quo motus fit scilicet eius partis sub qua pugnatum est
12196,body,871,0,False,,"Quod dicitur uerum esse et illo probatur: saepe, cum terrae motus fuit, si modo pars eius aliqua disrupta est, inde uentus per multos dies fluxit, ut traditur factum eo motu quo Chalcis laborauit: quod apud Asclepiodotum inuenies, auditorem Posidonii, in his ipsis quaestionum naturalium causis.",quod dicitur uerum esse et illo probatur saepe cum terrae motus fuit si modo pars eius aliqua disrupta est inde uentus per multos dies fluxit ut traditur factum eo motu quo chalcis laborauit quod apud asclepiodotum inuenies auditorem posidonii in his ipsis quaestionum naturalium causis,quod dicitur uerum esse et illo probatur saepe cum terrae motus fuit si modo pars eius aliqua disrupta est inde uentus per multos dies fluxit ut traditur factum eo motu quo chalcis laborauit quod apud asclepiodotum inuenies auditorem posidonii in his ipsis quaestionum naturalium causis
12196,body,871,1,True,,"Inuenies et apud alios auctores hiasse uno loto terram et inde non exiguo tempore spirasse uentum, qui scilicet illud iter ipse sibi fecerat per quod ferebatur.",inuenies et apud alios auctores hiasse uno loto terram et inde non exiguo tempore spirasse uentum qui scilicet illud iter ipse sibi fecerat per quod ferebatur,inuenies et apud alios auctores hiasse uno loto terram et inde non exiguo tempore spirasse uentum qui scilicet illud iter ipse sibi fecerat per quod ferebatur
12196,head,872,0,True,,CAPUT 18,caput,caput
12196,body,873,0,False,,Maxima ergo causa est propter quam terra moueatur spiritus natura citus et locum e loto mutans.,maxima ergo causa est propter quam terra moueatur spiritus natura citus et locum e loto mutans,maxima ergo causa est propter quam terra moueatur spiritus natura citus et locum e loto mutans
12196,body,873,1,True,,"Hic quamdiu non impellitur et in uacanti spatio latet, iacet innoxius nec circum iectis molestus est;",hic quamdiu non impellitur et in uacanti spatio latet iacet innoxius nec circum iectis molestus est,hic quamdiu non impellitur et in uacanti spatio latet iacet innoxius nec circum iectis molestus est
12196,body,874,0,True,,"ubi illum extrinsecus superueniens causa sollicite compellitque et in artum agit, si licet adhuc, cedit tantum et uagatur: ubi erepta discedendi facultas est et undique obsistitur, tunc ""magno cum murmure montis circum claustra"" fremit, quae diu pulsata conuellit ac iactat, eo acrior quo cum mora ualentiore luctatus est.",ubi illum extrinsecus superueniens causa sollicite compellitque et in artum agit si licet adhuc cedit tantum et uagatur ubi erepta discedendi facultas est et undique obsistitur tunc magno cum murmure montis circum claustra fremit quae diu pulsata conuellit ac iactat eo acrior quo cum mora ualentiore luctatus est,ubi illum extrinsecus superueniens causa sollicite compellitque et in artum agit si licet adhuc cedit tantum et uagatur ubi erepta discedendi facultas est et undique obsistitur tunc magno cum murmure montis circum claustra fremit quae diu pulsata conuellit ac iactat eo acrior quo cum mora ualentiore luctatus est
12196,body,875,0,False,,"Deinde cum circa perlustrauit omne quo tenebatur, nec potuit euadere, inde, quo maxime impactus est, resilit et aut per occulta diuiditur ipso terrae motu raritate facta, aut per nouum uulnus emicuit: ita eius non potest uis tanta cohiberi nec uentum tenet ulla compages.",deinde cum circa perlustrauit omne quo tenebatur nec potuit euadere inde quo maxime impactus est resilit et aut per occulta diuiditur ipso terrae motu raritate facta aut per nouum uulnus emicuit ita eius non potest uis tanta cohiberi nec uentum tenet ulla compages,deinde cum circa perlustrauit omne quo tenebatur nec potuit euadere inde quo maxime impactus est resilit et aut per occulta diuiditur ipso terrae motu raritate facta aut per nouum uulnus emicuit ita eius non potest uis tanta cohiberi nec uentum tenet ulla compages
12196,body,875,1,True,,"Soluit enim quodcumque uinculum et onus omne fert secum infususque per minima laxamentum sibi parat et indomita naturae potentia liberat se, utique cum concitatus sibi ius suum uindicat.",soluit enim quodcumque uinculum et onus omne fert secum infususque per minima laxamentum sibi parat et indomita naturae potentia liberat se utique cum concitatus sibi ius suum uindicat,soluit enim quodcumque uinculum et onus omne fert secum infususque per minima laxamentum sibi parat et indomita naturae potentia liberat se utique cum concitatus sibi ius suum uindicat
12196,body,876,0,True,,"Spiritus ueto inuicta res est: nihil erit quod ""luctantes uentos tempestatesque sonoras imperio premat ac uinclis et carcere frenet. """,spiritus ueto inuicta res est nihil erit quod luctantes uentos tempestatesque sonoras imperio premat ac uinclis et carcere frenet,spiritus ueto inuicta res est nihil erit quod luctantes uentos tempestatesque sonoras imperio premat ac uinclis et carcere frenet
12196,body,877,0,False,,"Sine dubio poetae hunc uoluerunt uideri carcerem in quo sub terra clausi laterent, sed hoc non intellexerunt, nec id quod clausum est esse adhuc uentum nec id quod uentus est posse iam claudi.",sine dubio poetae hunc uoluerunt uideri carcerem in quo sub terra clausi laterent sed hoc non intellexerunt nec id quod clausum est esse adhuc uentum nec id quod uentus est posse iam claudi,sine dubio poetae hunc uoluerunt uideri carcerem in quo sub terra clausi laterent sed hoc non intellexerunt nec id quod clausum est esse adhuc uentum nec id quod uentus est posse iam claudi
12196,body,877,1,True,,Nam quod in clauso est quiescit et aeris statio est; omnis in fuga uentus est.,nam quod in clauso est quiescit et aeris statio est omnis in fuga uentus est,nam quod in clauso est quiescit et aeris statio est omnis in fuga uentus est
12196,body,878,0,True,,"Etiamnunc et illud accedit his argumentis per quod appareat motum effici spiritu, quod corpora quoque nostra non aliter tremunt quam si spiritum aliqua causa perturbat, cum timore contractus est, cum senectute languescit et uenis torpentibus marcet, cum frigore inhibetur aut sub accessionem cursu suo deicitur.",etiamnunc et illud accedit his argumentis per quod appareat motum effici spiritu quod corpora quoque nostra non aliter tremunt quam si spiritum aliqua causa perturbat cum timore contractus est cum senectute languescit et uenis torpentibus marcet cum frigore inhibetur aut sub accessionem cursu suo deicitur,etiamnunc et illud accedit his argumentis per quod appareat motum effici spiritu quod corpora quoque nostra non aliter tremunt quam si spiritum aliqua causa perturbat cum timore contractus est cum senectute languescit et uenis torpentibus marcet cum frigore inhibetur aut sub accessionem cursu suo deicitur
12196,body,879,0,True,,"Nam quamdiu sine iniuria perfluit et ex more procedit, nullus est tremor corpori: cum aliquid occurrit quod inhibeat eius officium, tunc parum potens in perferendis his quae integer tulerat, deficiens concutit quicquid suo uigore tendebat.",nam quamdiu sine iniuria perfluit et ex more procedit nullus est tremor corpori cum aliquid occurrit quod inhibeat eius officium tunc parum potens in perferendis his quae integer tulerat deficiens concutit quicquid suo uigore tendebat,nam quamdiu sine iniuria perfluit et ex more procedit nullus est tremor corpori cum aliquid occurrit quod inhibeat eius officium tunc parum potens in perferendis his quae integer tulerat deficiens concutit quicquid suo uigore tendebat
12196,head,880,0,True,,CAPUT 19,caput,caput
12196,body,881,0,False,,"Metrodorum Chium, quia necesse est, audiamus, quod uult sententiae loco dicentem.",metrodorum chium quia necesse est audiamus quod uult sententiae loco dicentem,metrodorum chium quia necesse est audiamus quod uult sententiae loco dicentem
12196,body,881,1,True,,"Non enim permitto mihi ne eas quidem opiniones praeterire quas improbo, cum satius sit omnium copiam fieri et quae improbamus damnare potius quam praeterire.",non enim permitto mihi ne eas quidem opiniones praeterire quas improbo cum satius sit omnium copiam fieri et quae improbamus damnare potius quam praeterire,non enim permitto mihi ne eas quidem opiniones praeterire quas improbo cum satius sit omnium copiam fieri et quae improbamus damnare potius quam praeterire
12196,body,882,0,False,,Quid ergo dicit?,quid ergo dicit,quid ergo dicit
12196,body,882,1,True,,"Quomodo, cum in dolio cantatur, uox illa per totum cum quadam discussione percurrit ac resonat et tam leuiter mota tamen circumit non sine tactu eius tumultuque quo inclusa est, sic speluncarum sub terra pendentium uastitas habet aera suum, quem, simul alius superne incidens percussit, agitat, non aliter quam illa, de quibus paulo ante rettuli, inania indito clamore sonuerunt.",quomodo cum in dolio cantatur uox illa per totum cum quadam discussione percurrit ac resonat et tam leuiter mota tamen circumit non sine tactu eius tumultuque quo inclusa est sic speluncarum sub terra pendentium uastitas habet aera suum quem simul alius superne incidens percussit agitat non aliter quam illa de quibus paulo ante rettuli inania indito clamore sonuerunt,quomodo cum in dolio cantatur uox illa per totum cum quadam discussione percurrit ac resonat et tam leuiter mota tamen circumit non sine tactu eius tumultuque quo inclusa est sic speluncarum sub terra pendentium uastitas habet aera suum quem simul alius superne incidens percussit agitat non aliter quam illa de quibus paulo ante rettuli inania indito clamore sonuerunt
12196,head,883,0,True,,CAPUT 20,caput,caput
12196,body,884,0,False,,Ueniamus nunc ad eos qui omnia ista quae rettuli in causa esse dixerunt aut ex his plura.,ueniamus nunc ad eos qui omnia ista quae rettuli in causa esse dixerunt aut ex his plura,ueniamus nunc ad eos qui omnia ista quae rettuli in causa esse dixerunt aut ex his plura
12196,body,884,1,False,,Democritus plura putat.,democritus plura putat,democritus plura putat
12196,body,884,2,False,,"Ait enim motum aliquando spiritu fieri, aliquando aqua, aliquando utroque, et id hoc modo prosequitur.",ait enim motum aliquando spiritu fieri aliquando aqua aliquando utroque et id hoc modo prosequitur,ait enim motum aliquando spiritu fieri aliquando aqua aliquando utroque et id hoc modo prosequitur
12196,body,884,3,False,,Aliqua pars terrae concaua est; in hanc aquae magna uis confluit.,aliqua pars terrae concaua est in hanc aquae magna uis confluit,aliqua pars terrae concaua est in hanc aquae magna uis confluit
12196,body,884,4,False,,Ex hac est aliquid tenue et ceteris liquidius.,ex hac est aliquid tenue et ceteris liquidius,ex hac est aliquid tenue et ceteris liquidius
12196,body,884,5,True,,"Hoc, cum superueniente grauitate reiectum est, illiditur terris et illas mouet, nec enim fluctuari potest sine motu eius in quod impingitur.",hoc cum superueniente grauitate reiectum est illiditur terris et illas mouet nec enim fluctuari potest sine motu eius in quod impingitur,hoc cum superueniente grauitate reiectum est illiditur terris et illas mouet nec enim fluctuari potest sine motu eius in quod impingitur
12196,body,885,0,False,,"Etiamnunc quomodo de spiritu dicebamus, de aqua quoque dicendum est.",etiamnunc quomodo de spiritu dicebamus de aqua quoque dicendum est,etiamnunc quomodo de spiritu dicebamus de aqua quoque dicendum est
12196,body,885,1,True,,"Ubi in unum locum congesta est et capere se desiit, aliquo incumbit et primo uiam pondere aperit, deinde impetu; nec enim exire nisi per deuexum potest diu inclusa nec in directum cadere moderate aut sine concussione eorum per quae uel in quae cadit.",ubi in unum locum congesta est et capere se desiit aliquo incumbit et primo uiam pondere aperit deinde impetu nec enim exire nisi per deuexum potest diu inclusa nec in directum cadere moderate aut sine concussione eorum per quae uel in quae cadit,ubi in unum locum congesta est et capere se desiit aliquo incumbit et primo uiam pondere aperit deinde impetu nec enim exire nisi per deuexum potest diu inclusa nec in directum cadere moderate aut sine concussione eorum per quae uel in quae cadit
12196,body,886,0,False,,"Si uero, cum iam rapi coepit, aliquo loco substitit et illa uis fluminis in se reuoluta est, in continentem terram repellitur et illam, qua parte maxime pendet, exagitat.",si uero cum iam rapi coepit aliquo loco substitit et illa uis fluminis in se reuoluta est in continentem terram repellitur et illam qua parte maxime pendet exagitat,si uero cum iam rapi coepit aliquo loco substitit et illa uis fluminis in se reuoluta est in continentem terram repellitur et illam qua parte maxime pendet exagitat
12196,body,886,1,True,,Praeterea aliquando madefacta tellus liquore penitus accepto altius sedit et fundus ipse uitiatur: tunc ea pars premitur in quam maxime aquarum uergentium pondus inclinat.,praeterea aliquando madefacta tellus liquore penitus accepto altius sedit et fundus ipse uitiatur tunc ea pars premitur in quam maxime aquarum uergentium pondus inclinat,praeterea aliquando madefacta tellus liquore penitus accepto altius sedit et fundus ipse uitiatur tunc ea pars premitur in quam maxime aquarum uergentium pondus inclinat
12196,body,887,0,False,,"Spiritus uero nonnumquam impellit undas et, si uehementius institit, eam scilicet partem terrae mouet in quam coactas aquas intulit; nonnumquam in terrena itinera coniectus et exitum quaerens mouet omnia.",spiritus uero nonnumquam impellit undas et si uehementius institit eam scilicet partem terrae mouet in quam coactas aquas intulit nonnumquam in terrena itinera coniectus et exitum quaerens mouet omnia,spiritus uero nonnumquam impellit undas et si uehementius institit eam scilicet partem terrae mouet in quam coactas aquas intulit nonnumquam in terrena itinera coniectus et exitum quaerens mouet omnia
12196,body,887,1,True,,"Terra autem tem penetrabilis uentis est et spiritus subtilior est quam ut possit excludi, uehementior quam ut sustineri concitatus ac rapidus.",terra autem tem penetrabilis uentis est et spiritus subtilior est quam ut possit excludi uehementior quam ut sustineri concitatus ac rapidus,terra autem tem penetrabilis uentis est et spiritus subtilior est quam ut possit excludi uehementior quam ut sustineri concitatus ac rapidus
12196,body,888,0,True,,"Omnes istas esse posse causas Epicurus ait pluresque alias temptat et illos qui aliquid unum ex istis esse affirmauerunt corripit, cum sit arduum de his quae coniectura assequenda sunt aliquid certi promittere.",omnes istas esse posse causas epicurus ait pluresque alias temptat et illos qui aliquid unum ex istis esse affirmauerunt corripit cum sit arduum de his quae coniectura assequenda sunt aliquid certi promittere,omnes istas esse posse causas epicurus ait pluresque alias temptat et illos qui aliquid unum ex istis esse affirmauerunt corripit cum sit arduum de his quae coniectura assequenda sunt aliquid certi promittere
12196,body,889,0,False,,"Ergo, ut ait, potest terram mouere aqua, si partes aliquas eluit et adrosit, quibus desiit posse extenuatis sustineri quod integris ferebatur.",ergo ut ait potest terram mouere aqua si partes aliquas eluit et adrosit quibus desiit posse extenuatis sustineri quod integris ferebatur,ergo ut ait potest terram mouere aqua si partes aliquas eluit et adrosit quibus desiit posse extenuatis sustineri quod integris ferebatur
12196,body,889,1,True,,"Potest terram mouere impressio spiritus: fortasse enim aer extrinsecus alio intrante aere agitatur, fortasse aliqua parte subito decidente percutitur et inde motum capit. Fortasse aliqua pars terrae uelut columnis quibusdam ac pilis sustinetur, quibus uitiatis ac recedentibus tremit pondus impositum.",potest terram mouere impressio spiritus fortasse enim aer extrinsecus alio intrante aere agitatur fortasse aliqua parte subito decidente percutitur et inde motum capit fortasse aliqua pars terrae uelut columnis quibusdam ac pilis sustinetur quibus uitiatis ac recedentibus tremit pondus impositum,potest terram mouere impressio spiritus fortasse enim aer extrinsecus alio intrante aere agitatur fortasse aliqua parte subito decidente percutitur et inde motum capit fortasse aliqua pars terrae uelut columnis quibusdam ac pilis sustinetur quibus uitiatis ac recedentibus tremit pondus impositum
12196,body,890,0,False,,Fortasse calida uis spiritus in ignem uersa et fulmini similis cum magna strage obstantium fertur.,fortasse calida uis spiritus in ignem uersa et fulmini similis cum magna strage obstantium fertur,fortasse calida uis spiritus in ignem uersa et fulmini similis cum magna strage obstantium fertur
12196,body,890,1,False,,Fortasse palustres et iacentes aquas aliquis flatus impellit et inde aut ictus terram quatit aut spiritus agitatio ipso motu crescens et se incitans ab imo in summa usque perfertur.,fortasse palustres et iacentes aquas aliquis flatus impellit et inde aut ictus terram quatit aut spiritus agitatio ipso motu crescens et se incitans ab imo in summa usque perfertur,fortasse palustres et iacentes aquas aliquis flatus impellit et inde aut ictus terram quatit aut spiritus agitatio ipso motu crescens et se incitans ab imo in summa usque perfertur
12196,body,890,2,True,,Nullam tamen illi placet causam motus esse maiorem quam spiritum.,nullam tamen illi placet causam motus esse maiorem quam spiritum,nullam tamen illi placet causam motus esse maiorem quam spiritum
12196,head,891,0,True,,CAPUT 21,caput,caput
12196,body,892,0,False,,"Nobis quoque placet hune spiritum esse qui possit tanta conari, quo nihil est in rerum natura potentius, nihil acrius, sine quo ne illa quidem quae uehementissima sunt ualent: ignem spiritus concitat; aquae, si uentum detrahas, inertes sunt: tunc demum impetum sumunt, cum illas agit flatus.",nobis quoque placet hune spiritum esse qui possit tanta conari quo nihil est in rerum natura potentius nihil acrius sine quo ne illa quidem quae uehementissima sunt ualent ignem spiritus concitat aquae si uentum detrahas inertes sunt tunc demum impetum sumunt cum illas agit flatus,nobis quoque placet hune spiritum esse qui possit tanta conari quo nihil est in rerum natura potentius nihil acrius sine quo ne illa quidem quae uehementissima sunt ualent ignem spiritus concitat aquae si uentum detrahas inertes sunt tunc demum impetum sumunt cum illas agit flatus
12196,body,892,1,True,,"Et potest dissipare magna terrarum spatia et nouos montes subiectus extollere et insulas non ante uisas in medio mari ponere: Theren et Therasiam et hanc nostrae aetatis insulam, spectantibus nobis in Aegaeo mari natam, quis dubitat quin in lucem spiritus uexerit?",et potest dissipare magna terrarum spatia et nouos montes subiectus extollere et insulas non ante uisas in medio mari ponere theren et therasiam et hanc nostrae aetatis insulam spectantibus nobis in aegaeo mari natam quis dubitat quin in lucem spiritus uexerit,et potest dissipare magna terrarum spatia et nouos montes subiectus extollere et insulas non ante uisas in medio mari ponere theren et therasiam et hanc nostrae aetatis insulam spectantibus nobis in aegaeo mari natam quis dubitat quin in lucem spiritus uexerit
12196,body,893,0,False,,"Duo genera sunt, ut Posidonio placet, quibus mouetur terra.",duo genera sunt ut posidonio placet quibus mouetur terra,duo genera sunt ut posidonio placet quibus mouetur terra
12196,body,893,1,False,,"Utrique nomen est proprium: altera succussio est, cum terra quatitur et sursum ac deorsum mouetur, altera inclinatio, qua in latera nutat alternis nauigii more.",utrique nomen est proprium altera succussio est cum terra quatitur et sursum ac deorsum mouetur altera inclinatio qua in latera nutat alternis nauigii more,utrique nomen est proprium altera succussio est cum terra quatitur et sursum ac deorsum mouetur altera inclinatio qua in latera nutat alternis nauigii more
12196,body,893,2,True,,"Ego et tertium illud existimo quod nostro uocabulo signatum est; non enim sine causa tremorem terrae dixere maiores, qui utrique dissimilis est; nam nec succutiuntur tunc omnia nec inclinantur sed uibrantur, res minime in eiusmodi casu noxia; sicut longe perniciosior est inclinatio concussione: nam nisi celeriter ex altera parte properabit motus qui inclinata restituat, ruina necessario sequitur.",ego et tertium illud existimo quod nostro uocabulo signatum est non enim sine causa tremorem terrae dixere maiores qui utrique dissimilis est nam nec succutiuntur tunc omnia nec inclinantur sed uibrantur res minime in eiusmodi casu noxia sicut longe perniciosior est inclinatio concussione nam nisi celeriter ex altera parte properabit motus qui inclinata restituat ruina necessario sequitur,ego et tertium illud existimo quod nostro uocabulo signatum est non enim sine causa tremorem terrae dixere maiores qui utrique dissimilis est nam nec succutiuntur tunc omnia nec inclinantur sed uibrantur res minime in eiusmodi casu noxia sicut longe perniciosior est inclinatio concussione nam nisi celeriter ex altera parte properabit motus qui inclinata restituat ruina necessario sequitur
12196,head,894,0,True,,CAPUT 22,caput,caput
12196,body,895,0,False,,"Cum dissimiles hi motus inter se sint, causae quoque eorum diuersae sunt.",cum dissimiles hi motus inter se sint causae quoque eorum diuersae sunt,cum dissimiles hi motus inter se sint causae quoque eorum diuersae sunt
12196,body,895,1,False,,Prius ergo de motu quatiente dicamus.,prius ergo de motu quatiente dicamus,prius ergo de motu quatiente dicamus
12196,body,895,2,True,,"Si quando magna onera per uices uehiculorum plurium tracta sunt et rotae maiore nisu in salebras inciderunt, terram concuti senties.",si quando magna onera per uices uehiculorum plurium tracta sunt et rotae maiore nisu in salebras inciderunt terram concuti senties,si quando magna onera per uices uehiculorum plurium tracta sunt et rotae maiore nisu in salebras inciderunt terram concuti senties
12196,body,896,0,False,,"Asclepiodotus tradit: cum petra e latere montis abrupta cecidisset, aedificia uicina tremore collapsa sunt.",asclepiodotus tradit cum petra e latere montis abrupta cecidisset aedificia uicina tremore collapsa sunt,asclepiodotus tradit cum petra e latere montis abrupta cecidisset aedificia uicina tremore collapsa sunt
12196,body,896,1,True,,"Idem sub terris fieri potest, ut ex his quae impendent rupibus aliqua resoluta magno pondere ac sono in subiacentem cauernam cadat, eo uehementius quo aut plus ponderis uenit aut altius: et sic commouetur omne tectum cauatae uallis.",idem sub terris fieri potest ut ex his quae impendent rupibus aliqua resoluta magno pondere ac sono in subiacentem cauernam cadat eo uehementius quo aut plus ponderis uenit aut altius et sic commouetur omne tectum cauatae uallis,idem sub terris fieri potest ut ex his quae impendent rupibus aliqua resoluta magno pondere ac sono in subiacentem cauernam cadat eo uehementius quo aut plus ponderis uenit aut altius et sic commouetur omne tectum cauatae uallis
12196,body,897,0,False,,"Nec tantum pondere suo abscindi saxa credibile est sed cum flumina supra ferantur, assiduus umor commissuras lapidis extenuat et cotidie aliquid his ad quae religatus est aufert et illam, ut ita dicam, glutem, qua continetur, abradit.",nec tantum pondere suo abscindi saxa credibile est sed cum flumina supra ferantur assiduus umor commissuras lapidis extenuat et cotidie aliquid his ad quae religatus est aufert et illam ut ita dicam glutem qua continetur abradit,nec tantum pondere suo abscindi saxa credibile est sed cum flumina supra ferantur assiduus umor commissuras lapidis extenuat et cotidie aliquid his ad quae religatus est aufert et illam ut ita dicam glutem qua continetur abradit
12196,body,897,1,True,,"Deinde longa per aeuum deminutio usque eo infirmat illa quae cotidie attriuit, ut desinant esse oneri ferendo:",deinde longa per aeuum deminutio usque eo infirmat illa quae cotidie attriuit ut desinant esse oneri ferendo,deinde longa per aeuum deminutio usque eo infirmat illa quae cotidie attriuit ut desinant esse oneri ferendo
12196,body,898,0,True,,"tunc saxa uasti ponderis decidunt; tunc illa praecipitata rupes quicquid ab imo repercussit non passura consistere "" sonitu uenit, et ruere omnia uisa repente"", ut ait Uergilius noster.",tunc saxa uasti ponderis decidunt tunc illa praecipitata rupes quicquid ab imo repercussit non passura consistere sonitu uenit et ruere omnia uisa repente ut ait uergilius noster,tunc saxa uasti ponderis decidunt tunc illa praecipitata rupes quicquid ab imo repercussit non passura consistere sonitu uenit et ruere omnia uisa repente ut ait uergilius noster
12196,head,899,0,True,,CAPUT 23,caput,caput
12196,body,900,0,False,,Huius motus succutientis terras haec erit causa: ad alteram transeo.,huius motus succutientis terras haec erit causa ad alteram transeo,huius motus succutientis terras haec erit causa ad alteram transeo
12196,body,900,1,True,,"Rara terrae natura est multumque habens uacui: per has raritates spiritus fertur, qui, ubi maior influxit nec emittitur, concutit terram.",rara terrae natura est multumque habens uacui per has raritates spiritus fertur qui ubi maior influxit nec emittitur concutit terram,rara terrae natura est multumque habens uacui per has raritates spiritus fertur qui ubi maior influxit nec emittitur concutit terram
12196,body,901,0,False,,"Haec placet et aliis, ut paulo ante rettuli, causa, si quid apud te profectura testium turba est: hanc etiam Callisthenes probat, non contemptus uir: fuit enim illi nobile ingenium et furibundi regis impatiens.",haec placet et aliis ut paulo ante rettuli causa si quid apud te profectura testium turba est hanc etiam callisthenes probat non contemptus uir fuit enim illi nobile ingenium et furibundi regis impatiens,haec placet et aliis ut paulo ante rettuli causa si quid apud te profectura testium turba est hanc etiam callisthenes probat non contemptus uir fuit enim illi nobile ingenium et furibundi regis impatiens
12196,body,901,1,True,,"Hic est Alexandri crimen aeternum, quod nulla uirtus, nulla bellorum felicitas redimet;",hic est alexandri crimen aeternum quod nulla uirtus nulla bellorum felicitas redimet,hic est alexandri crimen aeternum quod nulla uirtus nulla bellorum felicitas redimet
12196,body,902,0,True,,"nam quotiens quis dixerit: ""Occidit Persarum multa milia"", opponetur ei ""et Callisthenen""; quotiens dictum erit: ""Occidit Darium, penes quem tum maximum regnum erat"", opponetur ei ""et Callisthenen""; quotiens dictum erit: ""Omnia oceano tenus uicit, ipsum quoque temptauit nouis classibus et imperium ex angulo Thraciae usque ad Orientis terminos protulit"", dicetur: ""Sed Callisthenen occidit"": omnia licet antiqua ducum regumque exempla transierit, ex his quae fecit nihil tam magnum erit quam scelus.",nam quotiens quis dixerit occidit persarum multa milia opponetur ei et callisthenen quotiens dictum erit occidit darium penes quem tum maximum regnum erat opponetur ei et callisthenen quotiens dictum erit omnia oceano tenus uicit ipsum quoque temptauit nouis classibus et imperium ex angulo thraciae usque ad orientis terminos protulit dicetur sed callisthenen occidit omnia licet antiqua ducum regumque exempla transierit ex his quae fecit nihil tam magnum erit quam scelus,nam quotiens quis dixerit occidit persarum multa milia opponetur ei et callisthenen quotiens dictum erit occidit darium penes quem tum maximum regnum erat opponetur ei et callisthenen quotiens dictum erit omnia oceano tenus uicit ipsum quoque temptauit nouis classibus et imperium ex angulo thraciae usque ad orientis terminos protulit dicetur sed callisthenen occidit omnia licet antiqua ducum regumque exempla transierit ex his quae fecit nihil tam magnum erit quam scelus
12196,body,903,0,False,,"Hic Callisthenes in libris quibus describit quemadmodum Helice Burisque mersae sint, quis illas casus in mare uel in illas mare immiserit, dicit id quod in priore parte dictum est: Spiritus intrat terram per occulta foramina, quemadmodum ubique, ita et sub mari; deinde, cum obstructus ille est trames per quem descenderat, reditum autem illi a tergo resistens aqua abstulit, huc et illuc refertur et sibi ipse occurrens terram labefactat.",hic callisthenes in libris quibus describit quemadmodum helice burisque mersae sint quis illas casus in mare uel in illas mare immiserit dicit id quod in priore parte dictum est spiritus intrat terram per occulta foramina quemadmodum ubique ita et sub mari deinde cum obstructus ille est trames per quem descenderat reditum autem illi a tergo resistens aqua abstulit huc et illuc refertur et sibi ipse occurrens terram labefactat,hic callisthenes in libris quibus describit quemadmodum helice burisque mersae sint quis illas casus in mare uel in illas mare immiserit dicit id quod in priore parte dictum est spiritus intrat terram per occulta foramina quemadmodum ubique ita et sub mari deinde cum obstructus ille est trames per quem descenderat reditum autem illi a tergo resistens aqua abstulit huc et illuc refertur et sibi ipse occurrens terram labefactat
12196,body,903,1,False,,Ideo frequentissime mari apposita uexantur et inde Neptuno haec assignata est terras mouendi potentia.,ideo frequentissime mari apposita uexantur et inde neptuno haec assignata est terras mouendi potentia,ideo frequentissime mari apposita uexantur et inde neptuno haec assignata est terras mouendi potentia
12196,body,903,2,True,,"Quisquis primas litteras didicit, scit illum apud Homerum G–enosichthona uocari.",quisquis primas litteras didicit scit illum apud homerum genosichthona uocari,quisquis primas litteras didicit scit illum apud homerum genosichthona uocari
12196,head,904,0,True,,CAPUT 24,caput,caput
12196,body,905,0,False,,Spiritum esse huius mali causam et ipse consentio.,spiritum esse huius mali causam et ipse consentio,spiritum esse huius mali causam et ipse consentio
12196,body,905,1,True,,"De illo disputabo: quomodo intret hic spiritus, utrum per tenuia foramina nec oculis comprehensibilia an per maiora ac patentiora, et utrum ab imo an etiam per summa terrarum.",de illo disputabo quomodo intret hic spiritus utrum per tenuia foramina nec oculis comprehensibilia an per maiora ac patentiora et utrum ab imo an etiam per summa terrarum,de illo disputabo quomodo intret hic spiritus utrum per tenuia foramina nec oculis comprehensibilia an per maiora ac patentiora et utrum ab imo an etiam per summa terrarum
12196,body,906,0,False,,Hoc incredibile est.,hoc incredibile est,hoc incredibile est
12196,body,906,1,True,,"Nam in nostris quoque corporibus cutis spiritum respuit nec est illi introitus nisi per quae trahitur, nec consistere quidem a nobis receptus potest nisi in laxiore corporis parte: non enim inter neruos pulpasue sed in uisceribus et patulo interioris partis recessu commoratur.",nam in nostris quoque corporibus cutis spiritum respuit nec est illi introitus nisi per quae trahitur nec consistere quidem a nobis receptus potest nisi in laxiore corporis parte non enim inter neruos pulpasue sed in uisceribus et patulo interioris partis recessu commoratur,nam in nostris quoque corporibus cutis spiritum respuit nec est illi introitus nisi per quae trahitur nec consistere quidem a nobis receptus potest nisi in laxiore corporis parte non enim inter neruos pulpasue sed in uisceribus et patulo interioris partis recessu commoratur
12196,body,907,0,False,,Idem de terra suspicari licet uel ex hoc quod motus non in summa terra circaue summam est sed subter et ab imo.,idem de terra suspicari licet uel ex hoc quod motus non in summa terra circaue summam est sed subter et ab imo,idem de terra suspicari licet uel ex hoc quod motus non in summa terra circaue summam est sed subter et ab imo
12196,body,907,1,True,,"Huius indicium est quod altitudinis profundae maria iactantur, motis scilicet his supra quae fusa sunt: ergo uerisimile est terram ex alto moueri et illic spiritum in cauernis ingentibus concipi.",huius indicium est quod altitudinis profundae maria iactantur motis scilicet his supra quae fusa sunt ergo uerisimile est terram ex alto moueri et illic spiritum in cauernis ingentibus concipi,huius indicium est quod altitudinis profundae maria iactantur motis scilicet his supra quae fusa sunt ergo uerisimile est terram ex alto moueri et illic spiritum in cauernis ingentibus concipi
12196,body,908,0,False,,"""Immo"", inquit', ""ceu, cum frigore inhorruimus, tremor sequitur, sic terras quoque spiritus extrinsecus accidens quassat"".",immo inquit ceu cum frigore inhorruimus tremor sequitur sic terras quoque spiritus extrinsecus accidens quassat,immo inquit ceu cum frigore inhorruimus tremor sequitur sic terras quoque spiritus extrinsecus accidens quassat
12196,body,908,1,False,,Quod nullo modo potest fieri.,quod nullo modo potest fieri,quod nullo modo potest fieri
12196,body,908,2,False,,"Algere enim debet, ut idem illi accidat quod nobis, quos externa causa in horrorem agit.",algere enim debet ut idem illi accidat quod nobis quos externa causa in horrorem agit,algere enim debet ut idem illi accidat quod nobis quos externa causa in horrorem agit
12196,body,908,3,False,,"Accidere autem terrae simile quiddam nostrae affectioni, sed non ex simili causa concesserim.",accidere autem terrae simile quiddam nostrae affectioni sed non ex simili causa concesserim,accidere autem terrae simile quiddam nostrae affectioni sed non ex simili causa concesserim
12196,body,908,4,True,,Illam interior et altior iniuria debet impellere:,illam interior et altior iniuria debet impellere,illam interior et altior iniuria debet impellere
12196,body,909,0,True,,"cuius rei argumentum uel maximum hoc potest esse quod, cum uehementi motu adapertum ingenti ruina solum est, totas nonnumquam urbes et recipit hiatus ille et abscondit.",cuius rei argumentum uel maximum hoc potest esse quod cum uehementi motu adapertum ingenti ruina solum est totas nonnumquam urbes et recipit hiatus ille et abscondit,cuius rei argumentum uel maximum hoc potest esse quod cum uehementi motu adapertum ingenti ruina solum est totas nonnumquam urbes et recipit hiatus ille et abscondit
12196,body,910,0,False,,Thucydides ait circa Peloponnesiaci belli tempus Atalanten insulam aut totam aut certe maxima ex parte suppressam.,thucydides ait circa peloponnesiaci belli tempus atalanten insulam aut totam aut certe maxima ex parte suppressam,thucydides ait circa peloponnesiaci belli tempus atalanten insulam aut totam aut certe maxima ex parte suppressam
12196,body,910,1,False,,Idem Sidone accidisse Posidonio crede.,idem sidone accidisse posidonio crede,idem sidone accidisse posidonio crede
12196,body,910,2,False,,Nec ad hoc testibus opus est: meminimus enim terris interno motu diuulsis loca disiecta et campos interisse.,nec ad hoc testibus opus est meminimus enim terris interno motu diuulsis loca disiecta et campos interisse,nec ad hoc testibus opus est meminimus enim terris interno motu diuulsis loca disiecta et campos interisse
12196,body,910,3,True,,Quod iam dicam quemadmodum existimem fieri.,quod iam dicam quemadmodum existimem fieri,quod iam dicam quemadmodum existimem fieri
12196,head,911,0,True,,CAPUT 25,caput,caput
12196,body,912,0,False,,"Cum spiritus magna ui uacuum terrarum locum penitus oppleuit coepitque rixari et de exitu cogitare, latera ipsa inter quae latet saepius percutit, supra quae urbes interdum sitae sunt.",cum spiritus magna ui uacuum terrarum locum penitus oppleuit coepitque rixari et de exitu cogitare latera ipsa inter quae latet saepius percutit supra quae urbes interdum sitae sunt,cum spiritus magna ui uacuum terrarum locum penitus oppleuit coepitque rixari et de exitu cogitare latera ipsa inter quae latet saepius percutit supra quae urbes interdum sitae sunt
12196,body,912,1,True,,"Haec nonnumquam adeo concutiuntur ut aedificia superposita procumbant, nonnumquam in tantum ut parietes quibus fertur omne tegimen caui, decidant in illum subteruacantem locum totaeque urbes in immensam altitudinem uergant.",haec nonnumquam adeo concutiuntur ut aedificia superposita procumbant nonnumquam in tantum ut parietes quibus fertur omne tegimen caui decidant in illum subteruacantem locum totaeque urbes in immensam altitudinem uergant,haec nonnumquam adeo concutiuntur ut aedificia superposita procumbant nonnumquam in tantum ut parietes quibus fertur omne tegimen caui decidant in illum subteruacantem locum totaeque urbes in immensam altitudinem uergant
12196,body,913,0,False,,"Si uelis credere, aiunt aliquando Ossam Olympo cohaesisse, deinde terrarum motu recessisse et fissam unius magnitudinem montis in duas partes.",si uelis credere aiunt aliquando ossam olympo cohaesisse deinde terrarum motu recessisse et fissam unius magnitudinem montis in duas partes,si uelis credere aiunt aliquando ossam olympo cohaesisse deinde terrarum motu recessisse et fissam unius magnitudinem montis in duas partes
12196,body,913,1,False,,"Tunc effluxisse Peneon, qui paludes quibus laborabat Thessalia siccauit, abductis in se quae sine exitu stagnauerant aquis.",tunc effluxisse peneon qui paludes quibus laborabat thessalia siccauit abductis in se quae sine exitu stagnauerant aquis,tunc effluxisse peneon qui paludes quibus laborabat thessalia siccauit abductis in se quae sine exitu stagnauerant aquis
12196,body,913,2,True,,"Ladon flumen inter Elin et Megalenpolin medius est, quem terrarum motus effudit.",ladon flumen inter elin et megalenpolin medius est quem terrarum motus effudit,ladon flumen inter elin et megalenpolin medius est quem terrarum motus effudit
12196,body,914,0,False,,Per haec quid probo?,per haec quid probo,per haec quid probo
12196,body,914,1,False,,In laxos specus (quid enim aliud appellem loca uacua?,in laxos specus quid enim aliud appellem loca uacua,in laxos specus quid enim aliud appellem loca uacua
12196,body,914,2,False,,") sub terras spiritum conuenire; quod nisi esset, magna terrarum spatia commouerentur et una multa titubarent: nunc exiguae partes laborant nec umquam per ducenta milia motus extenditur.",sub terras spiritum conuenire quod nisi esset magna terrarum spatia commouerentur et una multa titubarent nunc exiguae partes laborant nec umquam per ducenta milia motus extenditur,sub terras spiritum conuenire quod nisi esset magna terrarum spatia commouerentur et una multa titubarent nunc exiguae partes laborant nec umquam per ducenta milia motus extenditur
12196,body,914,3,True,,"Ecce hic, qui impleuit fabulis orbem, non transcendit Campaniam.",ecce hic qui impleuit fabulis orbem non transcendit campaniam,ecce hic qui impleuit fabulis orbem non transcendit campaniam
12196,body,915,0,False,,"Quid dicam; cum Chalcis tremuit, Thebas stetisse?",quid dicam cum chalcis tremuit thebas stetisse,quid dicam cum chalcis tremuit thebas stetisse
12196,body,915,1,False,,"cum laborauit Aegium, tam propinquas illi Patras de motu audisse?",cum laborauit aegium tam propinquas illi patras de motu audisse,cum laborauit aegium tam propinquas illi patras de motu audisse
12196,body,915,2,False,,"Illa uasta concussio quae duas suppressit urbes, Helicen et Burin, circa Aegium constitit.",illa uasta concussio quae duas suppressit urbes helicen et burin circa aegium constitit,illa uasta concussio quae duas suppressit urbes helicen et burin circa aegium constitit
12196,body,915,3,True,,Apparet ergo in tantum spatium motum pertendere quantum illa sub terris uacantis loci inanitas pateat.,apparet ergo in tantum spatium motum pertendere quantum illa sub terris uacantis loci inanitas pateat,apparet ergo in tantum spatium motum pertendere quantum illa sub terris uacantis loci inanitas pateat
12196,head,916,0,True,,CAPUT 26,caput,caput
12196,body,917,0,False,,"Poteram ad hoc probandum abuti auctoritate magnorum uirorum, qui Aegyptum numquam tremuisse tradunt.",poteram ad hoc probandum abuti auctoritate magnorum uirorum qui aegyptum numquam tremuisse tradunt,poteram ad hoc probandum abuti auctoritate magnorum uirorum qui aegyptum numquam tremuisse tradunt
12196,body,917,1,False,,"Rationem autem huius rei hanc reddunt, quod ex limo tota concreuerit.",rationem autem huius rei hanc reddunt quod ex limo tota concreuerit,rationem autem huius rei hanc reddunt quod ex limo tota concreuerit
12196,body,917,2,False,,"Tantum enim, si Homero fides est, aberat a continenti Pharos quantum nauis diurno cursu metiri plenis lata uelis potest; sed continenti ammota est: turbidus enim defluens Nilus multumque secum caeni trahens et id subinde apponens prioribus terris Aegyptum annuo incremento semper ultra tulit.",tantum enim si homero fides est aberat a continenti pharos quantum nauis diurno cursu metiri plenis lata uelis potest sed continenti ammota est turbidus enim defluens nilus multumque secum caeni trahens et id subinde apponens prioribus terris aegyptum annuo incremento semper ultra tulit,tantum enim si homero fides est aberat a continenti pharos quantum nauis diurno cursu metiri plenis lata uelis potest sed continenti ammota est turbidus enim defluens nilus multumque secum caeni trahens et id subinde apponens prioribus terris aegyptum annuo incremento semper ultra tulit
12196,body,917,3,True,,"Inde pinguis et limosi soli est nec ulla interualla in se habet sed creuit in solidum arescente limo; cuius pressa erat et sedens structura, cum partes glutinarentur, nec quicquam inane interuenire poterat, cum solido liquidum ac molle semper accederet.",inde pinguis et limosi soli est nec ulla interualla in se habet sed creuit in solidum arescente limo cuius pressa erat et sedens structura cum partes glutinarentur nec quicquam inane interuenire poterat cum solido liquidum ac molle semper accederet,inde pinguis et limosi soli est nec ulla interualla in se habet sed creuit in solidum arescente limo cuius pressa erat et sedens structura cum partes glutinarentur nec quicquam inane interuenire poterat cum solido liquidum ac molle semper accederet
12196,body,918,0,False,,"Sed mouetur et Aegyptus et Delos, quam Uergilius stare iussit: ""immotamque coli dedit et contemnere uentos""; hanc philosophi quoque, credula natio, dixerunt non moueri auctore Pindaro.",sed mouetur et aegyptus et delos quam uergilius stare iussit immotamque coli dedit et contemnere uentos hanc philosophi quoque credula natio dixerunt non moueri auctore pindaro,sed mouetur et aegyptus et delos quam uergilius stare iussit immotamque coli dedit et contemnere uentos hanc philosophi quoque credula natio dixerunt non moueri auctore pindaro
12196,body,918,1,True,,Thucydides ait antea quidem immotam fuisse sed circa Peloponnesiacum bellum tremuisse;,thucydides ait antea quidem immotam fuisse sed circa peloponnesiacum bellum tremuisse,thucydides ait antea quidem immotam fuisse sed circa peloponnesiacum bellum tremuisse
12196,body,919,0,True,,"Callisthenes et alio tempore ait hoc accidisse: ""Inter multa"", inquit, ""prodigia, quibus denuntiata est duarum urbium, Helices et Buris, euersio, fuere maxime notabilia columna ignis immensi et Delos agitata""; quam ideo stabilem uideri uult, quia mari imposita sit habeatque concauas rupes et saxa peruia, quae dent deprehenso aeri reditum: ob hoc et insulas esse certioris soli urbesque eo tutiores quo propius ad mare accesserint.",callisthenes et alio tempore ait hoc accidisse inter multa inquit prodigia quibus denuntiata est duarum urbium helices et buris euersio fuere maxime notabilia columna ignis immensi et delos agitata quam ideo stabilem uideri uult quia mari imposita sit habeatque concauas rupes et saxa peruia quae dent deprehenso aeri reditum ob hoc et insulas esse certioris soli urbesque eo tutiores quo propius ad mare accesserint,callisthenes et alio tempore ait hoc accidisse inter multa inquit prodigia quibus denuntiata est duarum urbium helices et buris euersio fuere maxime notabilia columna ignis immensi et delos agitata quam ideo stabilem uideri uult quia mari imposita sit habeatque concauas rupes et saxa peruia quae dent deprehenso aeri reditum ob hoc et insulas esse certioris soli urbesque eo tutiores quo propius ad mare accesserint
12196,body,920,0,False,,Falsa haec esse Pompei et Herculaneum sensere.,falsa haec esse pompei et herculaneum sensere,falsa haec esse pompei et herculaneum sensere
12196,body,920,1,False,,Adice nunc quod omnis ora maris obnoxia est motibus: sic Paphos non semel corruit; sic mobilis et huic iam familiaris malo Nicopolis; Cyprum ambit altum mare et agitatur; Tyros et ipsa tam mouetur quam diluitur.,adice nunc quod omnis ora maris obnoxia est motibus sic paphos non semel corruit sic mobilis et huic iam familiaris malo nicopolis cyprum ambit altum mare et agitatur tyros et ipsa tam mouetur quam diluitur,adice nunc quod omnis ora maris obnoxia est motibus sic paphos non semel corruit sic mobilis et huic iam familiaris malo nicopolis cyprum ambit altum mare et agitatur tyros et ipsa tam mouetur quam diluitur
12196,body,920,2,True,,Hae fere causae redduntur propter quas tremat terra.,hae fere causae redduntur propter quas tremat terra,hae fere causae redduntur propter quas tremat terra
12196,head,921,0,True,,CAPUT 27,caput,caput
12196,body,922,0,False,,"Quaedam tamen propria in hoc Campano motu accidisse narrantur, quorum ratio reddenda est.",quaedam tamen propria in hoc campano motu accidisse narrantur quorum ratio reddenda est,quaedam tamen propria in hoc campano motu accidisse narrantur quorum ratio reddenda est
12196,body,922,1,False,,Diximus sexcentarum ouium gregem exanimatum in Pompeiana regione.,diximus sexcentarum ouium gregem exanimatum in pompeiana regione,diximus sexcentarum ouium gregem exanimatum in pompeiana regione
12196,body,922,2,True,,Non est quare hoc putes ouibus illis timore accidisse.,non est quare hoc putes ouibus illis timore accidisse,non est quare hoc putes ouibus illis timore accidisse
12196,body,923,0,False,,"Aiuni enim solere post magnos terrarum motus pestilentiam fieri, nec id mirum est.",aiuni enim solere post magnos terrarum motus pestilentiam fieri nec id mirum est,aiuni enim solere post magnos terrarum motus pestilentiam fieri nec id mirum est
12196,body,923,1,True,,"Multa enim mortifera in alto latent: aer ipse, qui uel terrarum culpa uel pigritia et aeterna nocte torpescit, grauis haurientibus est, uel corruptus internorum ignium uitio, cum e longo situ emissus est, purum hunc liquidumque maculat ac polluit insuetumque ducentibus spiritum affert noua genera morborum.",multa enim mortifera in alto latent aer ipse qui uel terrarum culpa uel pigritia et aeterna nocte torpescit grauis haurientibus est uel corruptus internorum ignium uitio cum e longo situ emissus est purum hunc liquidumque maculat ac polluit insuetumque ducentibus spiritum affert noua genera morborum,multa enim mortifera in alto latent aer ipse qui uel terrarum culpa uel pigritia et aeterna nocte torpescit grauis haurientibus est uel corruptus internorum ignium uitio cum e longo situ emissus est purum hunc liquidumque maculat ac polluit insuetumque ducentibus spiritum affert noua genera morborum
12196,body,924,0,False,,"Quid, quod aquae quoque inutiles pestilentesque in abdito latent, ut quas numquam usus exerceat, numquam aura liberior euerberet?",quid quod aquae quoque inutiles pestilentesque in abdito latent ut quas numquam usus exerceat numquam aura liberior euerberet,quid quod aquae quoque inutiles pestilentesque in abdito latent ut quas numquam usus exerceat numquam aura liberior euerberet
12196,body,924,1,False,,Crassae itaque et graui caligine sempiternaque tectae nihil nisi pestiferum in se et corporibus nostris contrarium habent.,crassae itaque et graui caligine sempiternaque tectae nihil nisi pestiferum in se et corporibus nostris contrarium habent,crassae itaque et graui caligine sempiternaque tectae nihil nisi pestiferum in se et corporibus nostris contrarium habent
12196,body,924,2,True,,"Aer quoque, qui mixtus est illis quique inter illas paludes iacet, cum emersit, late uitium suum spargit et haurientes necat.",aer quoque qui mixtus est illis quique inter illas paludes iacet cum emersit late uitium suum spargit et haurientes necat,aer quoque qui mixtus est illis quique inter illas paludes iacet cum emersit late uitium suum spargit et haurientes necat
12196,body,925,0,False,,"Facilius autem pecora sentiunt, in quae primum pestilentia incurrere solet, quo auidiora sunt: aperto caelo plurimum utuntur et aquis, quarum maxima in pestilentia culpa est.",facilius autem pecora sentiunt in quae primum pestilentia incurrere solet quo auidiora sunt aperto caelo plurimum utuntur et aquis quarum maxima in pestilentia culpa est,facilius autem pecora sentiunt in quae primum pestilentia incurrere solet quo auidiora sunt aperto caelo plurimum utuntur et aquis quarum maxima in pestilentia culpa est
12196,body,925,1,False,,"Oues uero mollioris naturae, quo propiora terris ferunt capita, correptas esse non miror, cum afflatus aeris diri circa ipsam humum exceperint.",oues uero mollioris naturae quo propiora terris ferunt capita correptas esse non miror cum afflatus aeris diri circa ipsam humum exceperint,oues uero mollioris naturae quo propiora terris ferunt capita correptas esse non miror cum afflatus aeris diri circa ipsam humum exceperint
12196,body,925,2,True,,"Nocuisset ille et hominibus, si maior exisset; sed illum sinceri aeris copia extinxit, antequam ut ab homine posset trahi surgeret.",nocuisset ille et hominibus si maior exisset sed illum sinceri aeris copia extinxit antequam ut ab homine posset trahi surgeret,nocuisset ille et hominibus si maior exisset sed illum sinceri aeris copia extinxit antequam ut ab homine posset trahi surgeret
12196,head,926,0,True,,CAPUT 28,caput,caput
12196,body,927,0,False,,"Multa autem terras habere mortifera uel ex hoc intellege, quod tot uenena nascuntur non manu sparsa sed sponte, solo scilicet habente ut boni ita mali semina.",multa autem terras habere mortifera uel ex hoc intellege quod tot uenena nascuntur non manu sparsa sed sponte solo scilicet habente ut boni ita mali semina,multa autem terras habere mortifera uel ex hoc intellege quod tot uenena nascuntur non manu sparsa sed sponte solo scilicet habente ut boni ita mali semina
12196,body,927,1,False,,"Quid, quod pluribus Italiae locis per quaedam foramina pestilens exhalatur uapor, quem non homini ducere, non ferae tutum est?",quid quod pluribus italiae locis per quaedam foramina pestilens exhalatur uapor quem non homini ducere non ferae tutum est,quid quod pluribus italiae locis per quaedam foramina pestilens exhalatur uapor quem non homini ducere non ferae tutum est
12196,body,927,2,True,,"Aues quoque si in illum inciderunt, antequam caelo meliore leniatur, in ipso uolatu cadunt liuentque corpora et non aliter quam per uim elisae fauces tument.",aues quoque si in illum inciderunt antequam caelo meliore leniatur in ipso uolatu cadunt liuentque corpora et non aliter quam per uim elisae fauces tument,aues quoque si in illum inciderunt antequam caelo meliore leniatur in ipso uolatu cadunt liuentque corpora et non aliter quam per uim elisae fauces tument
12196,body,928,0,True,,"Hic spiritus, quamdiu terra se continet, tenui foramine fluens non plus potentiae habet quam ut despectantia et ultro sibi illata conficiat; ubi per saecula conditus tenebris ac tristitia loci creuit in uitium, ipsa ingrauescit mora, peior quo segnior: cum exitum nactus est, aeternum illud umbrosi frigoris malum et infernam noctem euomit ac regionis nostrae aera infuscat; uincuntur enim meliora peioribus.",hic spiritus quamdiu terra se continet tenui foramine fluens non plus potentiae habet quam ut despectantia et ultro sibi illata conficiat ubi per saecula conditus tenebris ac tristitia loci creuit in uitium ipsa ingrauescit mora peior quo segnior cum exitum nactus est aeternum illud umbrosi frigoris malum et infernam noctem euomit ac regionis nostrae aera infuscat uincuntur enim meliora peioribus,hic spiritus quamdiu terra se continet tenui foramine fluens non plus potentiae habet quam ut despectantia et ultro sibi illata conficiat ubi per saecula conditus tenebris ac tristitia loci creuit in uitium ipsa ingrauescit mora peior quo segnior cum exitum nactus est aeternum illud umbrosi frigoris malum et infernam noctem euomit ac regionis nostrae aera infuscat uincuntur enim meliora peioribus
12196,body,929,0,False,,"Tunc etiam ille spiritus purior transit in noxium: inde subitae continuaeque mortes et monstruosa genera morborum, ut ex nouis orta causis.",tunc etiam ille spiritus purior transit in noxium inde subitae continuaeque mortes et monstruosa genera morborum ut ex nouis orta causis,tunc etiam ille spiritus purior transit in noxium inde subitae continuaeque mortes et monstruosa genera morborum ut ex nouis orta causis
12196,body,929,1,True,,"Breuis autem aut longa clades est, prout uitia ualuere, nec prius pestilentia desinit quam spiritum illum grauem exercuit laxitas caeli uentorumque iactatio.",breuis autem aut longa clades est prout uitia ualuere nec prius pestilentia desinit quam spiritum illum grauem exercuit laxitas caeli uentorumque iactatio,breuis autem aut longa clades est prout uitia ualuere nec prius pestilentia desinit quam spiritum illum grauem exercuit laxitas caeli uentorumque iactatio
12196,head,930,0,True,,CAPUT 29,caput,caput
12196,body,931,0,False,,"Nam aliquos insanis attonitisque similes discurrere fecit metus, qui excutit mentes, ubi priuatus ac modicus est: quid?",nam aliquos insanis attonitisque similes discurrere fecit metus qui excutit mentes ubi priuatus ac modicus est quid,nam aliquos insanis attonitisque similes discurrere fecit metus qui excutit mentes ubi priuatus ac modicus est quid
12196,body,931,1,True,,"ubi publice terret, ubi cadunt urbes, populi opprimuntur, terra concutitur, quid mirum est animos inter dolorem et metum destitutos aberrasse?",ubi publice terret ubi cadunt urbes populi opprimuntur terra concutitur quid mirum est animos inter dolorem et metum destitutos aberrasse,ubi publice terret ubi cadunt urbes populi opprimuntur terra concutitur quid mirum est animos inter dolorem et metum destitutos aberrasse
12196,body,932,0,False,,Non est facile inter magna mala consipere.,non est facile inter magna mala consipere,non est facile inter magna mala consipere
12196,body,932,1,False,,Itaque leuissima fere ingenia in tantum uenere formidinis ut sibi exciderent.,itaque leuissima fere ingenia in tantum uenere formidinis ut sibi exciderent,itaque leuissima fere ingenia in tantum uenere formidinis ut sibi exciderent
12196,body,932,2,True,,"Nemo quidem sine aliqua iactura sanitatis expauit, similisque est furentis quisquis timet: sed alios cito timor sibi reddit, alios uehementius perturbat et in dementiam transfert.",nemo quidem sine aliqua iactura sanitatis expauit similisque est furentis quisquis timet sed alios cito timor sibi reddit alios uehementius perturbat et in dementiam transfert,nemo quidem sine aliqua iactura sanitatis expauit similisque est furentis quisquis timet sed alios cito timor sibi reddit alios uehementius perturbat et in dementiam transfert
12196,body,933,0,True,,"Inde inter bella errauere lymphatici, nec usquam plura exempla uaticinantium inuenies quam ubi formido mentes religione mixta percussit.",inde inter bella errauere lymphatici nec usquam plura exempla uaticinantium inuenies quam ubi formido mentes religione mixta percussit,inde inter bella errauere lymphatici nec usquam plura exempla uaticinantium inuenies quam ubi formido mentes religione mixta percussit
12196,head,934,0,True,,CAPUT 30,caput,caput
12196,body,935,0,False,,"Statuam diuisam non miror, cum dixerim montes a montibus recessisse et ipsum disruptum esse ab imo solum.",statuam diuisam non miror cum dixerim montes a montibus recessisse et ipsum disruptum esse ab imo solum,statuam diuisam non miror cum dixerim montes a montibus recessisse et ipsum disruptum esse ab imo solum
12196,body,935,1,False,,"""Haec loca ui quondam et uasta conuulsa ruina (tantum aeui longinqua ualet mutare uetustas) dissiluisse ferunt, cum protinus utraque tellus una foret.",haec loca ui quondam et uasta conuulsa ruina tantum aeui longinqua ualet mutare uetustas dissiluisse ferunt cum protinus utraque tellus una foret,haec loca ui quondam et uasta conuulsa ruina tantum aeui longinqua ualet mutare uetustas dissiluisse ferunt cum protinus utraque tellus una foret
12196,body,935,2,True,,"Uenit ingenti ui pontus et ingens Hesperium Siculo latus abscidit aruaque et urbes aequore diductas angusto interluit aestu. """,uenit ingenti ui pontus et ingens hesperium siculo latus abscidit aruaque et urbes aequore diductas angusto interluit aestu,uenit ingenti ui pontus et ingens hesperium siculo latus abscidit aruaque et urbes aequore diductas angusto interluit aestu
12196,body,936,0,True,,"Uides totas regiones a suis sedibus reuelli et trans mare iacere quod in confinio fuerat; uides et urbium fieri gentiumque discidium, cum pars naturae concita est dehiscens et aliquo mare, ignem, spiritum impegit; quorum mira ut ex toto uis est: quamuis enim parte saeuiat, mundi tamen uiribus saeuit.",uides totas regiones a suis sedibus reuelli et trans mare iacere quod in confinio fuerat uides et urbium fieri gentiumque discidium cum pars naturae concita est dehiscens et aliquo mare ignem spiritum impegit quorum mira ut ex toto uis est quamuis enim parte saeuiat mundi tamen uiribus saeuit,uides totas regiones a suis sedibus reuelli et trans mare iacere quod in confinio fuerat uides et urbium fieri gentiumque discidium cum pars naturae concita est dehiscens et aliquo mare ignem spiritum impegit quorum mira ut ex toto uis est quamuis enim parte saeuiat mundi tamen uiribus saeuit
12196,body,937,0,False,,"Sic et Hispanias a contextu Africae mare eripuit, sic per hanc inundationem, quam poetarum maximi celebrant, ab Italia Sicilia reiecta est.",sic et hispanias a contextu africae mare eripuit sic per hanc inundationem quam poetarum maximi celebrant ab italia sicilia reiecta est,sic et hispanias a contextu africae mare eripuit sic per hanc inundationem quam poetarum maximi celebrant ab italia sicilia reiecta est
12196,body,937,1,True,,Aliquanto autem plus impetus habent quae ex infimo ueniunt: acriora enim sunt quibus nisus est per angusta.,aliquanto autem plus impetus habent quae ex infimo ueniunt acriora enim sunt quibus nisus est per angusta,aliquanto autem plus impetus habent quae ex infimo ueniunt acriora enim sunt quibus nisus est per angusta
12196,body,938,0,False,,"Quantas res hi terrarum tremores quamque mira spectacula ediderint, satis dictum est: cur ergo aliquis ad hoc stupet quod aes unius statuae, ne solidum quidem sed concauum ac tenue, disruptum est, cum fortasse in illud se spiritus quaerens fugam incluserit?",quantas res hi terrarum tremores quamque mira spectacula ediderint satis dictum est cur ergo aliquis ad hoc stupet quod aes unius statuae ne solidum quidem sed concauum ac tenue disruptum est cum fortasse in illud se spiritus quaerens fugam incluserit,quantas res hi terrarum tremores quamque mira spectacula ediderint satis dictum est cur ergo aliquis ad hoc stupet quod aes unius statuae ne solidum quidem sed concauum ac tenue disruptum est cum fortasse in illud se spiritus quaerens fugam incluserit
12196,body,938,1,False,,Illud uero quis nescit?,illud uero quis nescit,illud uero quis nescit
12196,body,938,2,False,,Diductis aedificia angulis uidimus moueri iterumque componi.,diductis aedificia angulis uidimus moueri iterumque componi,diductis aedificia angulis uidimus moueri iterumque componi
12196,body,938,3,True,,Quaedam uero parum aptata positu suo et a fabris neglegentius solutiusque composita terrae motus saepius agitata compegit.,quaedam uero parum aptata positu suo et a fabris neglegentius solutiusque composita terrae motus saepius agitata compegit,quaedam uero parum aptata positu suo et a fabris neglegentius solutiusque composita terrae motus saepius agitata compegit
12196,body,939,0,True,,"Quod si totos parietes et totas findit domos et latera magnarum turrium, quamuis solida sint, scindit et pilas operibus subditas dissipat, quid est quare quisquam dignum adnotari putet sectam esse aequaliter ab imo ad caput in partes duas statuam?",quod si totos parietes et totas findit domos et latera magnarum turrium quamuis solida sint scindit et pilas operibus subditas dissipat quid est quare quisquam dignum adnotari putet sectam esse aequaliter ab imo ad caput in partes duas statuam,quod si totos parietes et totas findit domos et latera magnarum turrium quamuis solida sint scindit et pilas operibus subditas dissipat quid est quare quisquam dignum adnotari putet sectam esse aequaliter ab imo ad caput in partes duas statuam
12196,head,940,0,True,,CAPUT 31,caput,caput
12196,body,941,0,False,,Quare tamen per plures dies motus fuit?,quare tamen per plures dies motus fuit,quare tamen per plures dies motus fuit
12196,body,941,1,False,,"Non desiit enim assidue tremere Campania, clementius quidem sed cum ingenti damno, quia quassa quatiebat, quibus ad cadendum male stantibus non erat impelli sed agitari: nondum uidelicet spiritus omnis exierat, sed adhuc, emissa sui parte maiore, oberrabat.",non desiit enim assidue tremere campania clementius quidem sed cum ingenti damno quia quassa quatiebat quibus ad cadendum male stantibus non erat impelli sed agitari nondum uidelicet spiritus omnis exierat sed adhuc emissa sui parte maiore oberrabat,non desiit enim assidue tremere campania clementius quidem sed cum ingenti damno quia quassa quatiebat quibus ad cadendum male stantibus non erat impelli sed agitari nondum uidelicet spiritus omnis exierat sed adhuc emissa sui parte maiore oberrabat
12196,body,941,2,True,,"Inter argumenta quibus probatur spiritu ista fieri, non est quod dubites et hoc ponere:",inter argumenta quibus probatur spiritu ista fieri non est quod dubites et hoc ponere,inter argumenta quibus probatur spiritu ista fieri non est quod dubites et hoc ponere
12196,body,942,0,True,,"cum maximus editus tremor est, quo in urbes terrasque saeuitum est, non potest par illi subsequi alius, sed post maximum lenes motus sunt, quia iam uehement‹ior› uis exitum uentis luctantibus fecit; reliquiae deinde residui spiritus non idem possunt, nec illis pugna opus est, cum iam uiam inuenerint sequanturque ea qua prima uis ac maxima euasit.",cum maximus editus tremor est quo in urbes terrasque saeuitum est non potest par illi subsequi alius sed post maximum lenes motus sunt quia iam uehementior uis exitum uentis luctantibus fecit reliquiae deinde residui spiritus non idem possunt nec illis pugna opus est cum iam uiam inuenerint sequanturque ea qua prima uis ac maxima euasit,cum maximus editus tremor est quo in urbes terrasque saeuitum est non potest par illi subsequi alius sed post maximum lenes motus sunt quia iam uehementior uis exitum uentis luctantibus fecit reliquiae deinde residui spiritus non idem possunt nec illis pugna opus est cum iam uiam inuenerint sequanturque ea qua prima uis ac maxima euasit
12196,body,943,0,False,,"Hoc quoque dignum memoria iudico ab eruditissimo et grauissimo uiro cognitum (forte enim, cum hoc euenit, lauabatur): uidisse se affirmat in balneo tessellas quibus solum erat stratum alteram ab altera separari iterumque committi et aquam modo recipi in commissuras pauimento recedente, modo compresso bullire et elidi.",hoc quoque dignum memoria iudico ab eruditissimo et grauissimo uiro cognitum forte enim cum hoc euenit lauabatur uidisse se affirmat in balneo tessellas quibus solum erat stratum alteram ab altera separari iterumque committi et aquam modo recipi in commissuras pauimento recedente modo compresso bullire et elidi,hoc quoque dignum memoria iudico ab eruditissimo et grauissimo uiro cognitum forte enim cum hoc euenit lauabatur uidisse se affirmat in balneo tessellas quibus solum erat stratum alteram ab altera separari iterumque committi et aquam modo recipi in commissuras pauimento recedente modo compresso bullire et elidi
12196,body,943,1,True,,Eundem audiui narrantem uidisse se macerias mollius crebriusque tremere quam natura duri sinit.,eundem audiui narrantem uidisse se macerias mollius crebriusque tremere quam natura duri sinit,eundem audiui narrantem uidisse se macerias mollius crebriusque tremere quam natura duri sinit
12196,head,944,0,True,,CAPUT 32,caput,caput
12196,body,945,0,False,,"Haec, Lucili, uirorum optime, quantum ad ipsas causas: illa nunc quae ad confirmationem animorum pertinent.",haec lucili uirorum optime quantum ad ipsas causas illa nunc quae ad confirmationem animorum pertinent,haec lucili uirorum optime quantum ad ipsas causas illa nunc quae ad confirmationem animorum pertinent
12196,body,945,1,True,,"Quos magis refert nostra fortiores fieri quam doctiores; sed alterum sine altero non fit: non enim aliunde animo uenit robur quam a bonis artibus, quam a contemplatione naturae.",quos magis refert nostra fortiores fieri quam doctiores sed alterum sine altero non fit non enim aliunde animo uenit robur quam a bonis artibus quam a contemplatione naturae,quos magis refert nostra fortiores fieri quam doctiores sed alterum sine altero non fit non enim aliunde animo uenit robur quam a bonis artibus quam a contemplatione naturae
12196,body,946,0,False,,"Quem enim non hic ipse casus aduersus omnes firmauerit, erexerit?",quem enim non hic ipse casus aduersus omnes firmauerit erexerit,quem enim non hic ipse casus aduersus omnes firmauerit erexerit
12196,body,946,1,False,,"Quid est enim cur ego hominem aut feram, quid est cur sagittam aut lanceam tremam?",quid est enim cur ego hominem aut feram quid est cur sagittam aut lanceam tremam,quid est enim cur ego hominem aut feram quid est cur sagittam aut lanceam tremam
12196,body,946,2,True,,Maiora me pericula expectant: fulminibus et terris et magnis naturae partibus petimur.,maiora me pericula expectant fulminibus et terris et magnis naturae partibus petimur,maiora me pericula expectant fulminibus et terris et magnis naturae partibus petimur
12196,body,947,0,False,,"Ingenti itaque animo mors prouocanda est, siue nos aequo uastoque impetu aggreditur, siue cotidiano et uulgari exitu.",ingenti itaque animo mors prouocanda est siue nos aequo uastoque impetu aggreditur siue cotidiano et uulgari exitu,ingenti itaque animo mors prouocanda est siue nos aequo uastoque impetu aggreditur siue cotidiano et uulgari exitu
12196,body,947,1,True,,"Nihil refert quam minax ueniat quantumque sit quod in nos trahat; quod a nobis petit minimum est: hoc senectus a nobis ablatura est, hoc auriculae dolor, hoc umoris in nobis corrupti abundantia, hoc cibus parum obsequens stomacho, hoc pes leuiter offensus.",nihil refert quam minax ueniat quantumque sit quod in nos trahat quod a nobis petit minimum est hoc senectus a nobis ablatura est hoc auriculae dolor hoc umoris in nobis corrupti abundantia hoc cibus parum obsequens stomacho hoc pes leuiter offensus,nihil refert quam minax ueniat quantumque sit quod in nos trahat quod a nobis petit minimum est hoc senectus a nobis ablatura est hoc auriculae dolor hoc umoris in nobis corrupti abundantia hoc cibus parum obsequens stomacho hoc pes leuiter offensus
12196,body,948,0,False,,"Pusilla res est hominis anima, sed ingens res contemptus animae: hanc qui contempsit securus uidebit maria turbari, etiamsi illa omnes excitauerunt uenti, etiamsi aestus aliqua perturbatione mundi totum in terras uertet oceanum; securus aspiciet fulminantis caeli trucem atque horridam faciem, frangatur licet caelum et ignes suos in exitium omnium, in primis suum, misceat; securus aspiciet ruptis compagibus dehiscens solum, illa licet inferorum regna retegantur.",pusilla res est hominis anima sed ingens res contemptus animae hanc qui contempsit securus uidebit maria turbari etiamsi illa omnes excitauerunt uenti etiamsi aestus aliqua perturbatione mundi totum in terras uertet oceanum securus aspiciet fulminantis caeli trucem atque horridam faciem frangatur licet caelum et ignes suos in exitium omnium in primis suum misceat securus aspiciet ruptis compagibus dehiscens solum illa licet inferorum regna retegantur,pusilla res est hominis anima sed ingens res contemptus animae hanc qui contempsit securus uidebit maria turbari etiamsi illa omnes excitauerunt uenti etiamsi aestus aliqua perturbatione mundi totum in terras uertet oceanum securus aspiciet fulminantis caeli trucem atque horridam faciem frangatur licet caelum et ignes suos in exitium omnium in primis suum misceat securus aspiciet ruptis compagibus dehiscens solum illa licet inferorum regna retegantur
12196,body,948,1,True,,Stabit super illam uoraginem intrepidus et fortasse quo debebit cadere desiliet.,stabit super illam uoraginem intrepidus et fortasse quo debebit cadere desiliet,stabit super illam uoraginem intrepidus et fortasse quo debebit cadere desiliet
12196,body,949,0,False,,Quid ad me quam magna sint quibus pereo?,quid ad me quam magna sint quibus pereo,quid ad me quam magna sint quibus pereo
12196,body,949,1,False,,Ipsum perire non magnum est.,ipsum perire non magnum est,ipsum perire non magnum est
12196,body,949,2,True,,"Proinde si uolumus esse felices, si nec hominum nec deorum nec rerum timore uersari, si despicere fortunam superuacua promittentem, leuia minitantem, si uolumus tranquille degere et ipsis diis de felicitate controuersiam agere, anima in expedito est habenda: siue illam insidiae siue morbi petent siue hostium gladii siue insularum cadentium fragor siue ipsarum ruina terrarum siue uasta uis ignium urbes agrosque pari clade complexa, qui uolet illam accipiat.",proinde si uolumus esse felices si nec hominum nec deorum nec rerum timore uersari si despicere fortunam superuacua promittentem leuia minitantem si uolumus tranquille degere et ipsis diis de felicitate controuersiam agere anima in expedito est habenda siue illam insidiae siue morbi petent siue hostium gladii siue insularum cadentium fragor siue ipsarum ruina terrarum siue uasta uis ignium urbes agrosque pari clade complexa qui uolet illam accipiat,proinde si uolumus esse felices si nec hominum nec deorum nec rerum timore uersari si despicere fortunam superuacua promittentem leuia minitantem si uolumus tranquille degere et ipsis diis de felicitate controuersiam agere anima in expedito est habenda siue illam insidiae siue morbi petent siue hostium gladii siue insularum cadentium fragor siue ipsarum ruina terrarum siue uasta uis ignium urbes agrosque pari clade complexa qui uolet illam accipiat
12196,body,950,0,False,,Quid aliud debeo quam exeuntem hortari et cum bonis ominibus emittere?,quid aliud debeo quam exeuntem hortari et cum bonis ominibus emittere,quid aliud debeo quam exeuntem hortari et cum bonis ominibus emittere
12196,body,950,1,False,,"""Uade fortiter, uade feliciter!",uade fortiter uade feliciter,uade fortiter uade feliciter
12196,body,950,2,False,,Nihil dubitaueris: redderis.,nihil dubitaueris redderis,nihil dubitaueris redderis
12196,body,950,3,False,,"Non de re sed de tempore est quaestio, facis quod quandoque faciendum est.",non de re sed de tempore est quaestio facis quod quandoque faciendum est,non de re sed de tempore est quaestio facis quod quandoque faciendum est
12196,body,950,4,True,,"Nec rogaueris nec timueris nec te uelut in aliquod malum exiturum tuleris retro: rerum natura te, quae genuit, expectat et locus melior ac tutior.",nec rogaueris nec timueris nec te uelut in aliquod malum exiturum tuleris retro rerum natura te quae genuit expectat et locus melior ac tutior,nec rogaueris nec timueris nec te uelut in aliquod malum exiturum tuleris retro rerum natura te quae genuit expectat et locus melior ac tutior
12196,body,951,0,False,,"Illic non tremunt terrae nec inter se uenti cum magno nubium fragore concurrunt, non incendia regiones urbesque uastant, non naufragiorum totas classes sorbentium metus est, non arma contrariis disposita uexillis et in mutuam perniciem multorum milium par furor, non pestilentia et ardentes promiscue communes populis cadentibus rogi"".",illic non tremunt terrae nec inter se uenti cum magno nubium fragore concurrunt non incendia regiones urbesque uastant non naufragiorum totas classes sorbentium metus est non arma contrariis disposita uexillis et in mutuam perniciem multorum milium par furor non pestilentia et ardentes promiscue communes populis cadentibus rogi,illic non tremunt terrae nec inter se uenti cum magno nubium fragore concurrunt non incendia regiones urbesque uastant non naufragiorum totas classes sorbentium metus est non arma contrariis disposita uexillis et in mutuam perniciem multorum milium par furor non pestilentia et ardentes promiscue communes populis cadentibus rogi
12196,body,951,1,False,,Istud leue est: quid timemus?,istud leue est quid timemus,istud leue est quid timemus
12196,body,951,2,True,,graue est: potius semel incidat quam semper impendeat.,graue est potius semel incidat quam semper impendeat,graue est potius semel incidat quam semper impendeat
12196,body,952,0,False,,"Ego autem perire timeam, cum terra ante me pereat, cum ista quatiantur quae quatiunt et in iniuriam nostram non sine sua ueniant?",ego autem perire timeam cum terra ante me pereat cum ista quatiantur quae quatiunt et in iniuriam nostram non sine sua ueniant,ego autem perire timeam cum terra ante me pereat cum ista quatiantur quae quatiunt et in iniuriam nostram non sine sua ueniant
12196,body,952,1,False,,Helicen Burinque totas mare accepit: ego de uno corpusculo timeam?,helicen burinque totas mare accepit ego de uno corpusculo timeam,helicen burinque totas mare accepit ego de uno corpusculo timeam
12196,body,952,2,False,,"Supra oppida duo nauigatur (duo autem quae nouimus, quae in nostram notitiam memoria litteris seruata perduxit: quam multa alia aliis locis mersa sunt, quot populos aut terra aut infra se mare inclusit!",supra oppida duo nauigatur duo autem quae nouimus quae in nostram notitiam memoria litteris seruata perduxit quam multa alia aliis locis mersa sunt quot populos aut terra aut infra se mare inclusit,supra oppida duo nauigatur duo autem quae nouimus quae in nostram notitiam memoria litteris seruata perduxit quam multa alia aliis locis mersa sunt quot populos aut terra aut infra se mare inclusit
12196,body,952,3,False,,"): ego recusem mei finem, cum sciam me sine fine non esse?",ego recusem mei finem cum sciam me sine fine non esse,ego recusem mei finem cum sciam me sine fine non esse
12196,body,952,4,True,,"Immo cum sciam omnia esse finita, ego ultimum suspirium timeam?",immo cum sciam omnia esse finita ego ultimum suspirium timeam,immo cum sciam omnia esse finita ego ultimum suspirium timeam
12196,body,953,0,False,,"Quantum potes itaque, ipse te cohortare, Lucili, contra metum mortis: hic est qui nos humiles facit; hic est qui uitam ipsam, cui parcit, inquietat ac perdit; hic omnia ista dilatat, terrarum motus et fulmina.",quantum potes itaque ipse te cohortare lucili contra metum mortis hic est qui nos humiles facit hic est qui uitam ipsam cui parcit inquietat ac perdit hic omnia ista dilatat terrarum motus et fulmina,quantum potes itaque ipse te cohortare lucili contra metum mortis hic est qui nos humiles facit hic est qui uitam ipsam cui parcit inquietat ac perdit hic omnia ista dilatat terrarum motus et fulmina
12196,body,953,1,True,,"Quae omnia feres constanter, si cogitaueris nihil interesse inter exiguum tempus et longum.",quae omnia feres constanter si cogitaueris nihil interesse inter exiguum tempus et longum,quae omnia feres constanter si cogitaueris nihil interesse inter exiguum tempus et longum
12196,body,954,0,False,,"Horae sunt quas perdimus; puta dies esse, puta menses, puta annos: perdimus illos nempe perituros.",horae sunt quas perdimus puta dies esse puta menses puta annos perdimus illos nempe perituros,horae sunt quas perdimus puta dies esse puta menses puta annos perdimus illos nempe perituros
12196,body,954,1,False,,"Quid, oro te, refert num perueniam ad illos?",quid oro te refert num perueniam ad illos,quid oro te refert num perueniam ad illos
12196,body,954,2,True,,"Fluit tempus et auidissimos sui deserit; nec quod futurum est meum est nec quod fuit: in puncto fugientis temporis pendeo, et magni est modicum fuisse.",fluit tempus et auidissimos sui deserit nec quod futurum est meum est nec quod fuit in puncto fugientis temporis pendeo et magni est modicum fuisse,fluit tempus et auidissimos sui deserit nec quod futurum est meum est nec quod fuit in puncto fugientis temporis pendeo et magni est modicum fuisse
12196,body,955,0,False,,"Eleganter ille Laelius sapiens dicenti cuidam ""Sexaginta annos habeo"", ""Hos"", inquit, ""dicis sexaginta quos non habes"".",eleganter ille laelius sapiens dicenti cuidam sexaginta annos habeo hos inquit dicis sexaginta quos non habes,eleganter ille laelius sapiens dicenti cuidam sexaginta annos habeo hos inquit dicis sexaginta quos non habes
12196,body,955,1,True,,"Ne ex hoc quidem intellegimus incomprehensibilis uitae condicionem et sortem temporis semper alieni, quod annos numeramus amissos?",ne ex hoc quidem intellegimus incomprehensibilis uitae condicionem et sortem temporis semper alieni quod annos numeramus amissos,ne ex hoc quidem intellegimus incomprehensibilis uitae condicionem et sortem temporis semper alieni quod annos numeramus amissos
12196,body,956,0,False,,"Hoc affigamus animo, hoc nobis subinde dicamus: moriendum est. Quando?",hoc affigamus animo hoc nobis subinde dicamus moriendum est quando,hoc affigamus animo hoc nobis subinde dicamus moriendum est quando
12196,body,956,1,False,,Quid tua?,quid tua,quid tua
12196,body,956,2,False,,"Mors naturae lex est, mors tributum officiumque mortalium malorumque omnium remedium est: optauit illam quisquis timet.",mors naturae lex est mors tributum officiumque mortalium malorumque omnium remedium est optauit illam quisquis timet,mors naturae lex est mors tributum officiumque mortalium malorumque omnium remedium est optauit illam quisquis timet
12196,body,956,3,True,,"Omnibus omissis, hoc unum, Lucili, meditare, ne mortis nomen reformides; effice illam tibi cogitatione multa familiarem, ut, si ita tulerit, possis illi et obuiam exire.",omnibus omissis hoc unum lucili meditare ne mortis nomen reformides effice illam tibi cogitatione multa familiarem ut si ita tulerit possis illi et obuiam exire,omnibus omissis hoc unum lucili meditare ne mortis nomen reformides effice illam tibi cogitatione multa familiarem ut si ita tulerit possis illi et obuiam exire
12196,head,957,0,True,,Liber VII De cometis,liber vii de cometis,liber uii de cometis
12196,head,958,0,True,,CAPUT 1,caput,caput
12196,body,959,0,False,,"Nemo usque eo tardus et hebes et demissus in terram est ut ad diuina non erigatur ac tota mente consurgat, utique ubi nouum aliquod e caelo miraculum fulsit.",nemo usque eo tardus et hebes et demissus in terram est ut ad diuina non erigatur ac tota mente consurgat utique ubi nouum aliquod e caelo miraculum fulsit,nemo usque eo tardus et hebes et demissus in terram est ut ad diuina non erigatur ac tota mente consurgat utique ubi nouum aliquod e caelo miraculum fulsit
12196,body,959,1,True,,"Nam quamdiu solita decurrunt, magnitudinem rerum consuetudo subducit: ita enim compositi sumus ut nos cotidiana, etiamsi admiratione digna sunt, transeant, contra minimarum quoque rerum, si insolitae prodierunt, spectaculum dulce fiat.",nam quamdiu solita decurrunt magnitudinem rerum consuetudo subducit ita enim compositi sumus ut nos cotidiana etiamsi admiratione digna sunt transeant contra minimarum quoque rerum si insolitae prodierunt spectaculum dulce fiat,nam quamdiu solita decurrunt magnitudinem rerum consuetudo subducit ita enim compositi sumus ut nos cotidiana etiamsi admiratione digna sunt transeant contra minimarum quoque rerum si insolitae prodierunt spectaculum dulce fiat
12196,body,960,0,False,,"Hic itaque coetus astrorum, quibus immensi corporis pulchritudo distinguitur, populum non conuocat: at cum aliquid ex more mutatum est, omnium uultus in caelo est.",hic itaque coetus astrorum quibus immensi corporis pulchritudo distinguitur populum non conuocat at cum aliquid ex more mutatum est omnium uultus in caelo est,hic itaque coetus astrorum quibus immensi corporis pulchritudo distinguitur populum non conuocat at cum aliquid ex more mutatum est omnium uultus in caelo est
12196,body,960,1,True,,"Sol spectatorem, nisi deficit, non habet; nemo obseruat lunam nisi laborantem: tunc urbes conclamant, tunc pro se quisque superstitione uana strepit.",sol spectatorem nisi deficit non habet nemo obseruat lunam nisi laborantem tunc urbes conclamant tunc pro se quisque superstitione uana strepit,sol spectatorem nisi deficit non habet nemo obseruat lunam nisi laborantem tunc urbes conclamant tunc pro se quisque superstitione uana strepit
12196,body,961,0,True,,"At quanto illa maiora sunt, quod sol totidem, ut ita dicam, gradus quot dies habet et annum circuitu suo claudit, quod a solstitio ad minuendos dies uertitur, quod ab aequinoctio statim inclinat et dat noctibus spatium, quod sidera abscondit, quod terras, cum tanto maior sit illis, non urit sed calorem suum intensionibus ac remissionibus temperando fouet, quod lunam numquam implet nisi aduersam sibi nec obscurat ‹nisi uicinam›?",at quanto illa maiora sunt quod sol totidem ut ita dicam gradus quot dies habet et annum circuitu suo claudit quod a solstitio ad minuendos dies uertitur quod ab aequinoctio statim inclinat et dat noctibus spatium quod sidera abscondit quod terras cum tanto maior sit illis non urit sed calorem suum intensionibus ac remissionibus temperando fouet quod lunam numquam implet nisi aduersam sibi nec obscurat nisi uicinam,at quanto illa maiora sunt quod sol totidem ut ita dicam gradus quot dies habet et annum circuitu suo claudit quod a solstitio ad minuendos dies uertitur quod ab aequinoctio statim inclinat et dat noctibus spatium quod sidera abscondit quod terras cum tanto maior sit illis non urit sed calorem suum intensionibus ac remissionibus temperando fouet quod lunam numquam implet nisi aduersam sibi nec obscurat nisi uicinam
12196,body,962,0,True,,"Haec tamen non adnotamus, quamdiu ordo seruatur; si quid turbatum est aut praeter consuetudinem emicuit, spectamus interrogamus ostendimus: adeo naturale est magis noua quam magna mirari.",haec tamen non adnotamus quamdiu ordo seruatur si quid turbatum est aut praeter consuetudinem emicuit spectamus interrogamus ostendimus adeo naturale est magis noua quam magna mirari,haec tamen non adnotamus quamdiu ordo seruatur si quid turbatum est aut praeter consuetudinem emicuit spectamus interrogamus ostendimus adeo naturale est magis noua quam magna mirari
12196,body,963,0,False,,"Idem in cometis fit: si rarus et insolitae figurae ignis apparuit, nemo non scire quid sit cupit et, oblitus aliorum, de aduenticio quaerit, ignarus utrum debeat mirari an timere.",idem in cometis fit si rarus et insolitae figurae ignis apparuit nemo non scire quid sit cupit et oblitus aliorum de aduenticio quaerit ignarus utrum debeat mirari an timere,idem in cometis fit si rarus et insolitae figurae ignis apparuit nemo non scire quid sit cupit et oblitus aliorum de aduenticio quaerit ignarus utrum debeat mirari an timere
12196,body,963,1,False,,"Non enim desunt qui terreant, qui significationes eius graues praedicent.",non enim desunt qui terreant qui significationes eius graues praedicent,non enim desunt qui terreant qui significationes eius graues praedicent
12196,body,963,2,True,,Sciscitantur itaque et cognoscere uolunt prodigium sit an sidus.,sciscitantur itaque et cognoscere uolunt prodigium sit an sidus,sciscitantur itaque et cognoscere uolunt prodigium sit an sidus
12196,body,964,0,True,,"At mehercules non aliud quis aut magnificentius quaesierit aut didicerit utilius quam de stellarum siderumque natura, utrum flamma contracta, quod et uisus noster aflirmat et ipsum ab illis fluens lumen et calor inde descendens, an non sint flammei orbes, sed solida quaedam terrenaque corpora, quae per igneos tractus labentia inde splendorem trahant caloremque, non de suo clara.",at mehercules non aliud quis aut magnificentius quaesierit aut didicerit utilius quam de stellarum siderumque natura utrum flamma contracta quod et uisus noster aflirmat et ipsum ab illis fluens lumen et calor inde descendens an non sint flammei orbes sed solida quaedam terrenaque corpora quae per igneos tractus labentia inde splendorem trahant caloremque non de suo clara,at mehercules non aliud quis aut magnificentius quaesierit aut didicerit utilius quam de stellarum siderumque natura utrum flamma contracta quod et uisus noster aflirmat et ipsum ab illis fluens lumen et calor inde descendens an non sint flammei orbes sed solida quaedam terrenaque corpora quae per igneos tractus labentia inde splendorem trahant caloremque non de suo clara
12196,body,965,0,False,,"In qua opinione magni fuere uiri, qui sidera crediderunt ex duro concreta et ignem alienum pascentia.",in qua opinione magni fuere uiri qui sidera crediderunt ex duro concreta et ignem alienum pascentia,in qua opinione magni fuere uiri qui sidera crediderunt ex duro concreta et ignem alienum pascentia
12196,body,965,1,True,,"Nam per se, inquiunt, flamma diffugeret, nisi aliquid haberet quod teneret et a quo teneretur, conglobatamque nec stabili inditam corpori profecto iam mundus turbine suo dissipasset.",nam per se inquiunt flamma diffugeret nisi aliquid haberet quod teneret et a quo teneretur conglobatamque nec stabili inditam corpori profecto iam mundus turbine suo dissipasset,nam per se inquiunt flamma diffugeret nisi aliquid haberet quod teneret et a quo teneretur conglobatamque nec stabili inditam corpori profecto iam mundus turbine suo dissipasset
12196,head,966,0,True,,CAPUT 2,caput,caput
12196,body,967,0,False,,Ad haec inuestiganda proderit quaerere num cometae condicionis sint cuius superiora.,ad haec inuestiganda proderit quaerere num cometae condicionis sint cuius superiora,ad haec inuestiganda proderit quaerere num cometae condicionis sint cuius superiora
12196,body,967,1,True,,"Videntur enim cura illis quaedam habere communia: ortus et occasus, ipsam quoque, quam uis spargatur et longius exeat, faciem (aeque enim ignei splendidique sunt).",videntur enim cura illis quaedam habere communia ortus et occasus ipsam quoque quam uis spargatur et longius exeat faciem aeque enim ignei splendidique sunt,uidentur enim cura illis quaedam habere communia ortus et occasus ipsam quoque quam uis spargatur et longius exeat faciem aeque enim ignei splendidique sunt
12196,body,968,0,True,,"Itaque si omnia terrena sidera sunt, his quoque eadem sors erit; si uero nihil aliud sunt quam purus ignis manensque mensibus senis nec illos conuersio mundi soluit et uelocitas, illa quoque possunt et tenui constare materia nec ob hoc discuti assiduo caeli circumactu.",itaque si omnia terrena sidera sunt his quoque eadem sors erit si uero nihil aliud sunt quam purus ignis manensque mensibus senis nec illos conuersio mundi soluit et uelocitas illa quoque possunt et tenui constare materia nec ob hoc discuti assiduo caeli circumactu,itaque si omnia terrena sidera sunt his quoque eadem sors erit si uero nihil aliud sunt quam purus ignis manensque mensibus senis nec illos conuersio mundi soluit et uelocitas illa quoque possunt et tenui constare materia nec ob hoc discuti assiduo caeli circumactu
12196,body,969,0,False,,Illo quoque pertinebit haec excussisse ut sciamus utrum mundus terra stante circumeat an mundo stante terra uertatur.,illo quoque pertinebit haec excussisse ut sciamus utrum mundus terra stante circumeat an mundo stante terra uertatur,illo quoque pertinebit haec excussisse ut sciamus utrum mundus terra stante circumeat an mundo stante terra uertatur
12196,body,969,1,True,,"Fuerunt enim qui dicerent nos esse quos rerum natura nescientes ferat, nec caeli motu fieri ortus et occasus, nos ipsos oriri et occidere: digna res contemplatione, ut sciamus in quo rerum statu simus, pigerrimam sortiti an uelocissimam sedem, circa nos deus omnia an nos agat.",fuerunt enim qui dicerent nos esse quos rerum natura nescientes ferat nec caeli motu fieri ortus et occasus nos ipsos oriri et occidere digna res contemplatione ut sciamus in quo rerum statu simus pigerrimam sortiti an uelocissimam sedem circa nos deus omnia an nos agat,fuerunt enim qui dicerent nos esse quos rerum natura nescientes ferat nec caeli motu fieri ortus et occasus nos ipsos oriri et occidere digna res contemplatione ut sciamus in quo rerum statu simus pigerrimam sortiti an uelocissimam sedem circa nos deus omnia an nos agat
12196,head,970,0,True,,CAPUT 3,caput,caput
12196,body,971,0,False,,Necessarium est autem ueteres ortus cometarum habere collectos.,necessarium est autem ueteres ortus cometarum habere collectos,necessarium est autem ueteres ortus cometarum habere collectos
12196,body,971,1,False,,"Deprehendi enim propter raritatem eorum cursus adhuc non potest, nec explorari an uices seruent et illos ad suum diem certus ordo producat.",deprehendi enim propter raritatem eorum cursus adhuc non potest nec explorari an uices seruent et illos ad suum diem certus ordo producat,deprehendi enim propter raritatem eorum cursus adhuc non potest nec explorari an uices seruent et illos ad suum diem certus ordo producat
12196,body,971,2,True,,Noua haec caelestium obseruatio est et nuper in Graeciam inuecta.,noua haec caelestium obseruatio est et nuper in graeciam inuecta,noua haec caelestium obseruatio est et nuper in graeciam inuecta
12196,body,972,0,False,,"Democritus quoque, subtilissimus antiquorum omnium, suspicari se ait plures stellas esse quae currant, sed nec numerum illarum posuit nec nomina, nondum comprehensis quinque siderum cursibus.",democritus quoque subtilissimus antiquorum omnium suspicari se ait plures stellas esse quae currant sed nec numerum illarum posuit nec nomina nondum comprehensis quinque siderum cursibus,democritus quoque subtilissimus antiquorum omnium suspicari se ait plures stellas esse quae currant sed nec numerum illarum posuit nec nomina nondum comprehensis quinque siderum cursibus
12196,body,972,1,True,,"Eudoxus primus ab Aegypto hos motus in Graeciam transtulit; hic tamen de cometis nihil dicit: ex quo apparet ne apud Aegyptios quidem, quibus maior caeli cura fuit, hanc partem elaboratam.",eudoxus primus ab aegypto hos motus in graeciam transtulit hic tamen de cometis nihil dicit ex quo apparet ne apud aegyptios quidem quibus maior caeli cura fuit hanc partem elaboratam,eudoxus primus ab aegypto hos motus in graeciam transtulit hic tamen de cometis nihil dicit ex quo apparet ne apud aegyptios quidem quibus maior caeli cura fuit hanc partem elaboratam
12196,body,973,0,True,,"Conon postea, diligens et ipse inquisitor, defectiones quidem solis seruatas ab Aegyptiis collegit, nullam autem mentionem fecit cometarum, non praetermissurus, si quid explorati apud illos comperisset.",conon postea diligens et ipse inquisitor defectiones quidem solis seruatas ab aegyptiis collegit nullam autem mentionem fecit cometarum non praetermissurus si quid explorati apud illos comperisset,conon postea diligens et ipse inquisitor defectiones quidem solis seruatas ab aegyptiis collegit nullam autem mentionem fecit cometarum non praetermissurus si quid explorati apud illos comperisset
12196,head,974,0,True,,CAPUT 4,caput,caput
12196,body,975,0,False,,"Duo certe, qui apud Chaldaeos studuisse se dicunt, Epigenes et Apollonius Myndius, peritissimus inspiciendorum natalium, inter se dissident.",duo certe qui apud chaldaeos studuisse se dicunt epigenes et apollonius myndius peritissimus inspiciendorum natalium inter se dissident,duo certe qui apud chaldaeos studuisse se dicunt epigenes et apollonius myndius peritissimus inspiciendorum natalium inter se dissident
12196,body,975,1,False,,Hic enim ait cometas in numero stellarum errantium poni a Chaldaeis tenerique cursus eorum.,hic enim ait cometas in numero stellarum errantium poni a chaldaeis tenerique cursus eorum,hic enim ait cometas in numero stellarum errantium poni a chaldaeis tenerique cursus eorum
12196,body,975,2,True,,"Epigenes contra ait Chaldaeos nihil de cometis habere comprensi, sed uideri illos accendi turbine quodam aeris concitati et intorti.",epigenes contra ait chaldaeos nihil de cometis habere comprensi sed uideri illos accendi turbine quodam aeris concitati et intorti,epigenes contra ait chaldaeos nihil de cometis habere comprensi sed uideri illos accendi turbine quodam aeris concitati et intorti
12196,body,976,0,False,,"Primum ergo, si tibi uidetur, opiniones huius ponamus ac refellamus.",primum ergo si tibi uidetur opiniones huius ponamus ac refellamus,primum ergo si tibi uidetur opiniones huius ponamus ac refellamus
12196,body,976,1,False,,Huic uidetur plurimum uirium habere ad omnes sublimium motus stella Saturni.,huic uidetur plurimum uirium habere ad omnes sublimium motus stella saturni,huic uidetur plurimum uirium habere ad omnes sublimium motus stella saturni
12196,body,976,2,True,,"Haec, cum proxima signa Marti premit aut in lunae uiciniam transit aut in solis incidit radios, natura uentosa et frigida contrahit pluribus locis aera conglobatque; deinde si radios solis assumpsit, tonat fulguratque; si Martem quoque consentientem habet, fulminat.",haec cum proxima signa marti premit aut in lunae uiciniam transit aut in solis incidit radios natura uentosa et frigida contrahit pluribus locis aera conglobatque deinde si radios solis assumpsit tonat fulguratque si martem quoque consentientem habet fulminat,haec cum proxima signa marti premit aut in lunae uiciniam transit aut in solis incidit radios natura uentosa et frigida contrahit pluribus locis aera conglobatque deinde si radios solis assumpsit tonat fulguratque si martem quoque consentientem habet fulminat
12196,body,977,0,False,,"Praeterea, inquit, aliam materiam habent fulmina, aliam fulgurationes: aquarum enim et omnis umidi euaporatio splendores tantum caeli citra ictum minaces mouet, illa autem calidior sicciorque terrarum exhalatio fulmina extundit.",praeterea inquit aliam materiam habent fulmina aliam fulgurationes aquarum enim et omnis umidi euaporatio splendores tantum caeli citra ictum minaces mouet illa autem calidior sicciorque terrarum exhalatio fulmina extundit,praeterea inquit aliam materiam habent fulmina aliam fulgurationes aquarum enim et omnis umidi euaporatio splendores tantum caeli citra ictum minaces mouet illa autem calidior sicciorque terrarum exhalatio fulmina extundit
12196,body,977,1,True,,"Trabes uero et faces, quae nullo alio inter se quam magnitudine distant, hoc modo fiunt:",trabes uero et faces quae nullo alio inter se quam magnitudine distant hoc modo fiunt,trabes uero et faces quae nullo alio inter se quam magnitudine distant hoc modo fiunt
12196,body,978,0,True,,"cum umida terrenaque in se globus aliquis aeris clausit, quem turbinem dicimus, quacumque fertur, praebet speciem ignis extenti, quae tam diu durat quam diu mansit aeris illa complexio umidi intra se terrenique multum uehens.",cum umida terrenaque in se globus aliquis aeris clausit quem turbinem dicimus quacumque fertur praebet speciem ignis extenti quae tam diu durat quam diu mansit aeris illa complexio umidi intra se terrenique multum uehens,cum umida terrenaque in se globus aliquis aeris clausit quem turbinem dicimus quacumque fertur praebet speciem ignis extenti quae tam diu durat quam diu mansit aeris illa complexio umidi intra se terrenique multum uehens
12196,head,979,0,True,,CAPUT 5,caput,caput
12196,body,980,0,True,,"Ut a proximis mendaciis incipiam, falsum est faces et trabes exprimi turbine: turbo enim circa terras concipitur ac fertur ideoque arbusta radicitus uellit et, quacumque incubuit, solum nudat, siluas interim et tecta corripiens, inferior fere nubibus, utique numquam altior; at contra trabes editior caeli pars ostentat: itaque numquam nubibus obstiterunt.",ut a proximis mendaciis incipiam falsum est faces et trabes exprimi turbine turbo enim circa terras concipitur ac fertur ideoque arbusta radicitus uellit et quacumque incubuit solum nudat siluas interim et tecta corripiens inferior fere nubibus utique numquam altior at contra trabes editior caeli pars ostentat itaque numquam nubibus obstiterunt,ut a proximis mendaciis incipiam falsum est faces et trabes exprimi turbine turbo enim circa terras concipitur ac fertur ideoque arbusta radicitus uellit et quacumque incubuit solum nudat siluas interim et tecta corripiens inferior fere nubibus utique numquam altior at contra trabes editior caeli pars ostentat itaque numquam nubibus obstiterunt
12196,body,981,0,False,,Praeterea turbo omni nube uelocius rapitur et in orbem uertitur; super ista uelociter desinit et ipse se ui sua rumpit.,praeterea turbo omni nube uelocius rapitur et in orbem uertitur super ista uelociter desinit et ipse se ui sua rumpit,praeterea turbo omni nube uelocius rapitur et in orbem uertitur super ista uelociter desinit et ipse se ui sua rumpit
12196,body,981,1,True,,Trabes autem non transcurrunt nec praeteruolant ut faces sed commorantur et in eadem caeli parte collucent.,trabes autem non transcurrunt nec praeteruolant ut faces sed commorantur et in eadem caeli parte collucent,trabes autem non transcurrunt nec praeteruolant ut faces sed commorantur et in eadem caeli parte collucent
12196,body,982,0,False,,"Charmander quoque, in eo libro quem de cometis a composuit, ait Anaxagorae uisum grande insolitumque caelo lumen magnitudine amplae trabis, et id per multos dies fulsisse.",charmander quoque in eo libro quem de cometis a composuit ait anaxagorae uisum grande insolitumque caelo lumen magnitudine amplae trabis et id per multos dies fulsisse,charmander quoque in eo libro quem de cometis a composuit ait anaxagorae uisum grande insolitumque caelo lumen magnitudine amplae trabis et id per multos dies fulsisse
12196,body,982,1,True,,"Talem effigiem ignis longi fuisse Callisthenes tradit, antequam Burin et Helicen mare absconderet.",talem effigiem ignis longi fuisse callisthenes tradit antequam burin et helicen mare absconderet,talem effigiem ignis longi fuisse callisthenes tradit antequam burin et helicen mare absconderet
12196,body,983,0,False,,"Aristoteles ait non trabem illam sed cometen fuisse; ceterum ob nimium ardorem non apparuisse sparsum ignem, sed procedente tempore, cum iam minus flagraret, redditam suam cometis faciem.",aristoteles ait non trabem illam sed cometen fuisse ceterum ob nimium ardorem non apparuisse sparsum ignem sed procedente tempore cum iam minus flagraret redditam suam cometis faciem,aristoteles ait non trabem illam sed cometen fuisse ceterum ob nimium ardorem non apparuisse sparsum ignem sed procedente tempore cum iam minus flagraret redditam suam cometis faciem
12196,body,983,1,True,,"In quo igne multa quidem fuerunt digna quae notarentur, nihil tamen magis quam quod, ut ille fulsit in caelo, statim supra Burin et Helicen mare fuit.",in quo igne multa quidem fuerunt digna quae notarentur nihil tamen magis quam quod ut ille fulsit in caelo statim supra burin et helicen mare fuit,in quo igne multa quidem fuerunt digna quae notarentur nihil tamen magis quam quod ut ille fulsit in caelo statim supra burin et helicen mare fuit
12196,body,984,0,False,,"Numquid ergo Aristoteles non illam tantum sed omnes trabes cometas esse credebat hanc habentes differentiam quod his continuus ignis est, ceteris sparsus?",numquid ergo aristoteles non illam tantum sed omnes trabes cometas esse credebat hanc habentes differentiam quod his continuus ignis est ceteris sparsus,numquid ergo aristoteles non illam tantum sed omnes trabes cometas esse credebat hanc habentes differentiam quod his continuus ignis est ceteris sparsus
12196,body,984,1,True,,"Trabes enim flammam aequalem habent nec ullo loco intermissam aut languidam, in ultimis uero partibus coactam, qualem fuisse in illa de qua modo rettuli Callisthenes tradit.",trabes enim flammam aequalem habent nec ullo loco intermissam aut languidam in ultimis uero partibus coactam qualem fuisse in illa de qua modo rettuli callisthenes tradit,trabes enim flammam aequalem habent nec ullo loco intermissam aut languidam in ultimis uero partibus coactam qualem fuisse in illa de qua modo rettuli callisthenes tradit
12196,head,985,0,True,,CAPUT 6,caput,caput
12196,body,986,0,False,,"Duo, inquit Epigenes, cometarum genera sunt: alii ardorem undique effundunt nec locum mutant, alii in unam partem ignem uagum in modum comae porrigunt et stellas praetermeant (quales duo aetate nostra uisi sunt).",duo inquit epigenes cometarum genera sunt alii ardorem undique effundunt nec locum mutant alii in unam partem ignem uagum in modum comae porrigunt et stellas praetermeant quales duo aetate nostra uisi sunt,duo inquit epigenes cometarum genera sunt alii ardorem undique effundunt nec locum mutant alii in unam partem ignem uagum in modum comae porrigunt et stellas praetermeant quales duo aetate nostra uisi sunt
12196,body,986,1,True,,Illi priores criniti undique et immoti humiles fere sunt et isdem causis quibus trabes facesque conflantur ex intemperie aeris turbidi multa secum arida umidaque terris exhalata uersantis.,illi priores criniti undique et immoti humiles fere sunt et isdem causis quibus trabes facesque conflantur ex intemperie aeris turbidi multa secum arida umidaque terris exhalata uersantis,illi priores criniti undique et immoti humiles fere sunt et isdem causis quibus trabes facesque conflantur ex intemperie aeris turbidi multa secum arida umidaque terris exhalata uersantis
12196,body,987,0,True,,"Potest enim spiritus per angusta elisus accendere supra se positum aera plenum alimentis idoneis igni, deinde propellere et niti, donec ex aliqua causa refluat rursus ac remittatur, deinde iterum proximo die ac sequentibus consurgere et eundem locum inflammare: uidemus enim uentos per complures dies ad constitutum redire; pluuiae quoque et alia tempestatum genera ad praescriptum reuertuntur.",potest enim spiritus per angusta elisus accendere supra se positum aera plenum alimentis idoneis igni deinde propellere et niti donec ex aliqua causa refluat rursus ac remittatur deinde iterum proximo die ac sequentibus consurgere et eundem locum inflammare uidemus enim uentos per complures dies ad constitutum redire pluuiae quoque et alia tempestatum genera ad praescriptum reuertuntur,potest enim spiritus per angusta elisus accendere supra se positum aera plenum alimentis idoneis igni deinde propellere et niti donec ex aliqua causa refluat rursus ac remittatur deinde iterum proximo die ac sequentibus consurgere et eundem locum inflammare uidemus enim uentos per complures dies ad constitutum redire pluuiae quoque et alia tempestatum genera ad praescriptum reuertuntur
12196,body,988,0,True,,"Ut breuiter autem uoluntatem eius exprimam, eadem fieri ratione hos cometas existimat qua fiunt ignes turbine eiecti; hoc unum interest, quod illi turbines ex superiore parte in terras deprimuntur, hi de terra in superiora eluctantur.",ut breuiter autem uoluntatem eius exprimam eadem fieri ratione hos cometas existimat qua fiunt ignes turbine eiecti hoc unum interest quod illi turbines ex superiore parte in terras deprimuntur hi de terra in superiora eluctantur,ut breuiter autem uoluntatem eius exprimam eadem fieri ratione hos cometas existimat qua fiunt ignes turbine eiecti hoc unum interest quod illi turbines ex superiore parte in terras deprimuntur hi de terra in superiora eluctantur
12196,head,989,0,True,,CAPUT 7,caput,caput
12196,body,990,0,False,,Aduersus haec multa dicuntur.,aduersus haec multa dicuntur,aduersus haec multa dicuntur
12196,body,990,1,False,,"Primum si uentus in causa esset, numquam cometes sine uento appareret: nunc autem et quietissimo aere apparet.",primum si uentus in causa esset numquam cometes sine uento appareret nunc autem et quietissimo aere apparet,primum si uentus in causa esset numquam cometes sine uento appareret nunc autem et quietissimo aere apparet
12196,body,990,2,False,,"Deinde si uento fieret, cum uento caderet; et si uento inciperet, cresceret uento eoque esset ardentior quo ille incitatior.",deinde si uento fieret cum uento caderet et si uento inciperet cresceret uento eoque esset ardentior quo ille incitatior,deinde si uento fieret cum uento caderet et si uento inciperet cresceret uento eoque esset ardentior quo ille incitatior
12196,body,990,3,True,,"His accedit illud quoque quod uentus multas aeris partes impellit, cometes uno loco apparet; et uentus in sublime non peruenit, cometae autem uisuntur supra quam ire uentis licet.",his accedit illud quoque quod uentus multas aeris partes impellit cometes uno loco apparet et uentus in sublime non peruenit cometae autem uisuntur supra quam ire uentis licet,his accedit illud quoque quod uentus multas aeris partes impellit cometes uno loco apparet et uentus in sublime non peruenit cometae autem uisuntur supra quam ire uentis licet
12196,body,991,0,False,,"Transit deinde ad illos quos ait certiorem habere stellarum speciem, qui et procedunt et signa praetereunt.",transit deinde ad illos quos ait certiorem habere stellarum speciem qui et procedunt et signa praetereunt,transit deinde ad illos quos ait certiorem habere stellarum speciem qui et procedunt et signa praetereunt
12196,body,991,1,True,,"Hos ait ex isdem causis fieri quibus illos quos dixit humiliores; hoc tamen interesse, quod terrarum exhalationes multa secum arida ferentes celsiorem petant partem et in editiora caeli aquilone pellantur.",hos ait ex isdem causis fieri quibus illos quos dixit humiliores hoc tamen interesse quod terrarum exhalationes multa secum arida ferentes celsiorem petant partem et in editiora caeli aquilone pellantur,hos ait ex isdem causis fieri quibus illos quos dixit humiliores hoc tamen interesse quod terrarum exhalationes multa secum arida ferentes celsiorem petant partem et in editiora caeli aquilone pellantur
12196,body,992,0,False,,"si illos aquilo propelleret, ad meridiem semper agerentur, quo uentus hic nititur: atqui uarie cucurrerunt, alii in ortum, alii in occasum, omnes in flexum; quod iter non daret uentus.",si illos aquilo propelleret ad meridiem semper agerentur quo uentus hic nititur atqui uarie cucurrerunt alii in ortum alii in occasum omnes in flexum quod iter non daret uentus,si illos aquilo propelleret ad meridiem semper agerentur quo uentus hic nititur atqui uarie cucurrerunt alii in ortum alii in occasum omnes in flexum quod iter non daret uentus
12196,body,992,1,True,,"Deinde si aquilonis illos impetus a terris in altum leuaret, aliis uentis non orirentur cometae: atqui oriuntur.",deinde si aquilonis illos impetus a terris in altum leuaret aliis uentis non orirentur cometae atqui oriuntur,deinde si aquilonis illos impetus a terris in altum leuaret aliis uentis non orirentur cometae atqui oriuntur
12196,head,993,0,True,,CAPUT 8,caput,caput
12196,body,994,0,True,,"Illam nunc rationem eius (utraque enim utitur) refellamus: Quicquid umidi aridique terra efllauit, cum in unum coit, ipsa discordia corporum spiritum uersat in turbinem; tunc illa uis uenti circumeuntis quicquid intra se comprehendit cursu suo accendit et leuat in altum, ac tam diu manet splendor ignis expressi quamdiu alimenta sufficiunt; quibus desinentibus et ipse subsidit.",illam nunc rationem eius utraque enim utitur refellamus quicquid umidi aridique terra efllauit cum in unum coit ipsa discordia corporum spiritum uersat in turbinem tunc illa uis uenti circumeuntis quicquid intra se comprehendit cursu suo accendit et leuat in altum ac tam diu manet splendor ignis expressi quamdiu alimenta sufficiunt quibus desinentibus et ipse subsidit,illam nunc rationem eius utraque enim utitur refellamus quicquid umidi aridique terra efllauit cum in unum coit ipsa discordia corporum spiritum uersat in turbinem tunc illa uis uenti circumeuntis quicquid intra se comprehendit cursu suo accendit et leuat in altum ac tam diu manet splendor ignis expressi quamdiu alimenta sufficiunt quibus desinentibus et ipse subsidit
12196,body,995,0,False,,"Qui hoc dicit, non notat qualis sit turbinum cursus et qualis cometarum: illorum rapidus ac uiolentus et ipsis uentis citatior est, cometarum lenis et qui per diem noctemque quantum transierit abscondat.",qui hoc dicit non notat qualis sit turbinum cursus et qualis cometarum illorum rapidus ac uiolentus et ipsis uentis citatior est cometarum lenis et qui per diem noctemque quantum transierit abscondat,qui hoc dicit non notat qualis sit turbinum cursus et qualis cometarum illorum rapidus ac uiolentus et ipsis uentis citatior est cometarum lenis et qui per diem noctemque quantum transierit abscondat
12196,body,995,1,True,,"Deinde turbinum motus uagus est et disiectus et, ut Salustii uerbis utar, uerticosus, cometarum autem compositus et destinatum iter carpens.",deinde turbinum motus uagus est et disiectus et ut salustii uerbis utar uerticosus cometarum autem compositus et destinatum iter carpens,deinde turbinum motus uagus est et disiectus et ut salustii uerbis utar uerticosus cometarum autem compositus et destinatum iter carpens
12196,body,996,0,False,,Num quis nostrum crederet lunam aut quinque sidera rapi uento aut turbine rotari?,num quis nostrum crederet lunam aut quinque sidera rapi uento aut turbine rotari,num quis nostrum crederet lunam aut quinque sidera rapi uento aut turbine rotari
12196,body,996,1,False,,"Non, ut puto. Quare?",non ut puto quare,non ut puto quare
12196,body,996,2,False,,Quia non est illis perturbatus et impotens cursus.,quia non est illis perturbatus et impotens cursus,quia non est illis perturbatus et impotens cursus
12196,body,996,3,True,,"Ad cometas idem transferamus: non confuse nec tumultuose eunt, ut aliquis credat illos causis turbulentis et inconstantibus pelli.",ad cometas idem transferamus non confuse nec tumultuose eunt ut aliquis credat illos causis turbulentis et inconstantibus pelli,ad cometas idem transferamus non confuse nec tumultuose eunt ut aliquis credat illos causis turbulentis et inconstantibus pelli
12196,body,997,0,False,,"Deinde, etiamsi uertices isti comprehendere terrena umidaque et ex humili in altum exprimere possent, non tamen supra lunam efferrent: omnis illis usque in nubilum uis est; cometas autem immixtos stellis uidemus per superiora labentes.",deinde etiamsi uertices isti comprehendere terrena umidaque et ex humili in altum exprimere possent non tamen supra lunam efferrent omnis illis usque in nubilum uis est cometas autem immixtos stellis uidemus per superiora labentes,deinde etiamsi uertices isti comprehendere terrena umidaque et ex humili in altum exprimere possent non tamen supra lunam efferrent omnis illis usque in nubilum uis est cometas autem immixtos stellis uidemus per superiora labentes
12196,body,997,1,True,,"Ergo ueri simile non est in tantum spatium perseuerare turbinem, qui quo maior est maturius corrumpitur.",ergo ueri simile non est in tantum spatium perseuerare turbinem qui quo maior est maturius corrumpitur,ergo ueri simile non est in tantum spatium perseuerare turbinem qui quo maior est maturius corrumpitur
12196,head,998,0,True,,CAPUT 9,caput,caput
12196,body,999,0,False,,"Utrumlibet itaque eligat: aut lenis uis tam alte peruenire non poterit, aut magna et concitata citius ipsa se franget.",utrumlibet itaque eligat aut lenis uis tam alte peruenire non poterit aut magna et concitata citius ipsa se franget,utrumlibet itaque eligat aut lenis uis tam alte peruenire non poterit aut magna et concitata citius ipsa se franget
12196,body,999,1,True,,"Praeterea humiliores illi cometae ob hoc (ut putat) non exeunt altius quia plus terreni habent (grauitas illos sua in proximo tenet): atqui necesse est in his cometis diuturnioribus celsioribusque plenior materia sit; neque enim diutius apparerent, nisi maioribus nutrimentis sustinerentur.",praeterea humiliores illi cometae ob hoc ut putat non exeunt altius quia plus terreni habent grauitas illos sua in proximo tenet atqui necesse est in his cometis diuturnioribus celsioribusque plenior materia sit neque enim diutius apparerent nisi maioribus nutrimentis sustinerentur,praeterea humiliores illi cometae ob hoc ut putat non exeunt altius quia plus terreni habent grauitas illos sua in proximo tenet atqui necesse est in his cometis diuturnioribus celsioribusque plenior materia sit neque enim diutius apparerent nisi maioribus nutrimentis sustinerentur
12196,body,1000,0,False,,Dicebam modo non posse diu uerticem permanere nec supra lunam aut usque in stellarum locum crescere.,dicebam modo non posse diu uerticem permanere nec supra lunam aut usque in stellarum locum crescere,dicebam modo non posse diu uerticem permanere nec supra lunam aut usque in stellarum locum crescere
12196,body,1000,1,False,,Nempe efficit turbinem plurium uentorum inter ipsos luctatio.,nempe efficit turbinem plurium uentorum inter ipsos luctatio,nempe efficit turbinem plurium uentorum inter ipsos luctatio
12196,body,1000,2,True,,"Haec diu non potest esse: nam cum uagus et incertus spiritus conuolutatus est, nouissime uni uis omnium cedit;",haec diu non potest esse nam cum uagus et incertus spiritus conuolutatus est nouissime uni uis omnium cedit,haec diu non potest esse nam cum uagus et incertus spiritus conuolutatus est nouissime uni uis omnium cedit
12196,body,1001,0,False,,"nulla autem tempestas magna perdurat (procellae, quanto plus habent uirium, tanto minus temporis; uenti, cum ad summum uenerunt, remittuntur; omnia uiolenta necesse est ipsa concitatione in exitum sui tendant).",nulla autem tempestas magna perdurat procellae quanto plus habent uirium tanto minus temporis uenti cum ad summum uenerunt remittuntur omnia uiolenta necesse est ipsa concitatione in exitum sui tendant,nulla autem tempestas magna perdurat procellae quanto plus habent uirium tanto minus temporis uenti cum ad summum uenerunt remittuntur omnia uiolenta necesse est ipsa concitatione in exitum sui tendant
12196,body,1001,1,False,,"Nemo itaque turbinem toto die uidit, ne hora quidem: mira uelocitas eius et mira breuitas est.",nemo itaque turbinem toto die uidit ne hora quidem mira uelocitas eius et mira breuitas est,nemo itaque turbinem toto die uidit ne hora quidem mira uelocitas eius et mira breuitas est
12196,body,1001,2,True,,"Praeterea uiolentius celeriusque in terra circaque terram uoluitur; quo excelsior, eo solutior laxiorque est et ob hoc diffunditur.",praeterea uiolentius celeriusque in terra circaque terram uoluitur quo excelsior eo solutior laxiorque est et ob hoc diffunditur,praeterea uiolentius celeriusque in terra circaque terram uoluitur quo excelsior eo solutior laxiorque est et ob hoc diffunditur
12196,body,1002,0,False,,"Adice nunc quod, etiamsi in summum pertenderet, ubi sideribus iter est, utique ab eo motu qui uniuersum trahit solueretur: quid enim est illa conuersione mundi citatius?",adice nunc quod etiamsi in summum pertenderet ubi sideribus iter est utique ab eo motu qui uniuersum trahit solueretur quid enim est illa conuersione mundi citatius,adice nunc quod etiamsi in summum pertenderet ubi sideribus iter est utique ab eo motu qui uniuersum trahit solueretur quid enim est illa conuersione mundi citatius
12196,body,1002,1,True,,"Hac omnium uentorum in unum congesta uis dissiparetur et terrae solida fortisque compages, nedum particula aeris torti.",hac omnium uentorum in unum congesta uis dissiparetur et terrae solida fortisque compages nedum particula aeris torti,hac omnium uentorum in unum congesta uis dissiparetur et terrae solida fortisque compages nedum particula aeris torti
12196,head,1003,0,True,,CAPUT 10,caput,caput
12196,body,1004,0,False,,"Praeterea manere in alto non potest ignis turbine illatus, nisi ipse quoque permanet turbo.",praeterea manere in alto non potest ignis turbine illatus nisi ipse quoque permanet turbo,praeterea manere in alto non potest ignis turbine illatus nisi ipse quoque permanet turbo
12196,body,1004,1,False,,"Quid porro tam incredibile est quam in turbine longior mora, utique ubi motus motu contrario uincitur?",quid porro tam incredibile est quam in turbine longior mora utique ubi motus motu contrario uincitur,quid porro tam incredibile est quam in turbine longior mora utique ubi motus motu contrario uincitur
12196,body,1004,2,False,,"(Habet enim suam locus ille uertiginem, quae rapit caelum ""sideraque alta trahit celerique uolumine torquet"").",habet enim suam locus ille uertiginem quae rapit caelum sideraque alta trahit celerique uolumine torquet,habet enim suam locus ille uertiginem quae rapit caelum sideraque alta trahit celerique uolumine torquet
12196,body,1004,3,True,,"Et ut des ei aliquam aduocationem, quod fieri nullo modo potest, quid de his cometis dicetur qui senis mensibus apparuerunt?",et ut des ei aliquam aduocationem quod fieri nullo modo potest quid de his cometis dicetur qui senis mensibus apparuerunt,et ut des ei aliquam aduocationem quod fieri nullo modo potest quid de his cometis dicetur qui senis mensibus apparuerunt
12196,body,1005,0,False,,"Deinde duo debent esse motus eodem loco, alter ille diuinus et assiduus, suum sine intermissione peragens opus, alter nouus et recens et turbine illatus; necesse est ergo alter alteri impedimentum sit.",deinde duo debent esse motus eodem loco alter ille diuinus et assiduus suum sine intermissione peragens opus alter nouus et recens et turbine illatus necesse est ergo alter alteri impedimentum sit,deinde duo debent esse motus eodem loco alter ille diuinus et assiduus suum sine intermissione peragens opus alter nouus et recens et turbine illatus necesse est ergo alter alteri impedimentum sit
12196,body,1005,1,True,,"Atqui ‹quia› lunaris illa orbita ceterorumque supra lunam meantium motus irreuocabilis est nec haesitat usquam nec resistit nec dat ullam nobis suspicionem obiectae sibi morae, fidem non habet turbinem, uiolentissimum et perturbatissimum tempestatis genus, in medios siderum ordines peruenire et inter disposita ac tranquilla uersari.",atqui quia lunaris illa orbita ceterorumque supra lunam meantium motus irreuocabilis est nec haesitat usquam nec resistit nec dat ullam nobis suspicionem obiectae sibi morae fidem non habet turbinem uiolentissimum et perturbatissimum tempestatis genus in medios siderum ordines peruenire et inter disposita ac tranquilla uersari,atqui quia lunaris illa orbita ceterorumque supra lunam meantium motus irreuocabilis est nec haesitat usquam nec resistit nec dat ullam nobis suspicionem obiectae sibi morae fidem non habet turbinem uiolentissimum et perturbatissimum tempestatis genus in medios siderum ordines peruenire et inter disposita ac tranquilla uersari
12196,body,1006,0,True,,"Credamus ignem circumacto turbine accendi et hunc expulsum in sublime praebere nobis opinionem speciemque sideris longi: puto, talis esse debet quale est id quod ignem efficit; turbinis autem rotunda facies est (in eodem enim uestigio uersatur et columnae modo circumagentis se uoluitur): ergo ignem quoque qui inclusus est similem esse illi oportet, atqui longus est et disiectus minimeque similis in orbem coacto.",credamus ignem circumacto turbine accendi et hunc expulsum in sublime praebere nobis opinionem speciemque sideris longi puto talis esse debet quale est id quod ignem efficit turbinis autem rotunda facies est in eodem enim uestigio uersatur et columnae modo circumagentis se uoluitur ergo ignem quoque qui inclusus est similem esse illi oportet atqui longus est et disiectus minimeque similis in orbem coacto,credamus ignem circumacto turbine accendi et hunc expulsum in sublime praebere nobis opinionem speciemque sideris longi puto talis esse debet quale est id quod ignem efficit turbinis autem rotunda facies est in eodem enim uestigio uersatur et columnae modo circumagentis se uoluitur ergo ignem quoque qui inclusus est similem esse illi oportet atqui longus est et disiectus minimeque similis in orbem coacto
12196,head,1007,0,True,,CAPUT 11,caput,caput
12196,body,1008,0,False,,Epigenem relinquamus et aliorum opiniones persequamur.,epigenem relinquamus et aliorum opiniones persequamur,epigenem relinquamus et aliorum opiniones persequamur
12196,body,1008,1,True,,"Quas antequam exponere incipiam, illud imprimis praesumendum est, cometas non in una parte caeli aspici nec in signifero tantum orbe sed tam in ortu quam in occasu, frequentissime tamen circa septentrionem.",quas antequam exponere incipiam illud imprimis praesumendum est cometas non in una parte caeli aspici nec in signifero tantum orbe sed tam in ortu quam in occasu frequentissime tamen circa septentrionem,quas antequam exponere incipiam illud imprimis praesumendum est cometas non in una parte caeli aspici nec in signifero tantum orbe sed tam in ortu quam in occasu frequentissime tamen circa septentrionem
12196,body,1009,0,True,,"Forma eis, ‹ut› nomen, est una: quamuis enim Graeci discrimina fecerint eorum quibus in morem barbae flamma dependet, et eorum qui undique circa se uelut comam spargunt, et eorum quibus fusus quidem est ignis sed in uerticem tendens, tamen omnes isti eiusdem notae sunt cometaeque recte dicuntur.",forma eis ut nomen est una quamuis enim graeci discrimina fecerint eorum quibus in morem barbae flamma dependet et eorum qui undique circa se uelut comam spargunt et eorum quibus fusus quidem est ignis sed in uerticem tendens tamen omnes isti eiusdem notae sunt cometaeque recte dicuntur,forma eis ut nomen est una quamuis enim graeci discrimina fecerint eorum quibus in morem barbae flamma dependet et eorum qui undique circa se uelut comam spargunt et eorum quibus fusus quidem est ignis sed in uerticem tendens tamen omnes isti eiusdem notae sunt cometaeque recte dicuntur
12196,body,1010,0,False,,"Quorum cum post longum tempus appareant formae, inter se eos comparare difficile est: illo ipso tempore quo apparent, inter spectantes de habitu illorum non conuenit sed, prout cuique acrior acies aut hebetior est, ita ait aut lucidiorem esse aut rubicundiorem et crines aut in interiora reductos aut in latera demissos.",quorum cum post longum tempus appareant formae inter se eos comparare difficile est illo ipso tempore quo apparent inter spectantes de habitu illorum non conuenit sed prout cuique acrior acies aut hebetior est ita ait aut lucidiorem esse aut rubicundiorem et crines aut in interiora reductos aut in latera demissos,quorum cum post longum tempus appareant formae inter se eos comparare difficile est illo ipso tempore quo apparent inter spectantes de habitu illorum non conuenit sed prout cuique acrior acies aut hebetior est ita ait aut lucidiorem esse aut rubicundiorem et crines aut in interiora reductos aut in latera demissos
12196,body,1010,1,True,,"Sed siue sunt aliquae differentiae illorum siue non sunt, eadem fiant ratione necesse est cometae; illud unum constare debet: praeter solitum aspici nouam sideris faciem circa se dissipatum ignem trahentis.",sed siue sunt aliquae differentiae illorum siue non sunt eadem fiant ratione necesse est cometae illud unum constare debet praeter solitum aspici nouam sideris faciem circa se dissipatum ignem trahentis,sed siue sunt aliquae differentiae illorum siue non sunt eadem fiant ratione necesse est cometae illud unum constare debet praeter solitum aspici nouam sideris faciem circa se dissipatum ignem trahentis
12196,head,1011,0,True,,CAPUT 12,caput,caput
12196,body,1012,0,True,,"Quibusdam antiquorum haec placet ratio: cum ex stellis errantibus altera se alteri applicuit, confuso in unum duarum lumine facies longioris sideris redditur; nec hoc tunc tantum euenit, cum stella stellam attigit, sed etiam cum appropinquauit: interuallum enim quod inter duas est illustratur ab utraque inflammaturque et longum ignem efficit.",quibusdam antiquorum haec placet ratio cum ex stellis errantibus altera se alteri applicuit confuso in unum duarum lumine facies longioris sideris redditur nec hoc tunc tantum euenit cum stella stellam attigit sed etiam cum appropinquauit interuallum enim quod inter duas est illustratur ab utraque inflammaturque et longum ignem efficit,quibusdam antiquorum haec placet ratio cum ex stellis errantibus altera se alteri applicuit confuso in unum duarum lumine facies longioris sideris redditur nec hoc tunc tantum euenit cum stella stellam attigit sed etiam cum appropinquauit interuallum enim quod inter duas est illustratur ab utraque inflammaturque et longum ignem efficit
12196,body,1013,0,True,,"His illud respondebimus: certum esse numerum stellarum mobilium, solere autem eodem tempore et has apparere et cometen, ex quo manifestum fit non illarum coitu fieri cometen sed proprium esse et sui iuris.",his illud respondebimus certum esse numerum stellarum mobilium solere autem eodem tempore et has apparere et cometen ex quo manifestum fit non illarum coitu fieri cometen sed proprium esse et sui iuris,his illud respondebimus certum esse numerum stellarum mobilium solere autem eodem tempore et has apparere et cometen ex quo manifestum fit non illarum coitu fieri cometen sed proprium esse et sui iuris
12196,body,1014,0,True,,"Etiamnunc frequenter stella sub altioris stellae uestigium uenit: et Saturnus aliquando supra Iouem est et Mars Uenerem aut Mercurium recta linea despicit, nec tamen propter hunc illorum concursum, cum alter alterum subit, cometes fit; alioquin annis omnibus fieret (omnibus enim aliquae stellae in eodem signo simul sunt).",etiamnunc frequenter stella sub altioris stellae uestigium uenit et saturnus aliquando supra iouem est et mars uenerem aut mercurium recta linea despicit nec tamen propter hunc illorum concursum cum alter alterum subit cometes fit alioquin annis omnibus fieret omnibus enim aliquae stellae in eodem signo simul sunt,etiamnunc frequenter stella sub altioris stellae uestigium uenit et saturnus aliquando supra iouem est et mars uenerem aut mercurium recta linea despicit nec tamen propter hunc illorum concursum cum alter alterum subit cometes fit alioquin annis omnibus fieret omnibus enim aliquae stellae in eodem signo simul sunt
12196,body,1015,0,False,,"Si cometen faceret stella stellae superueniens, momento esse desineret.",si cometen faceret stella stellae superueniens momento esse desineret,si cometen faceret stella stellae superueniens momento esse desineret
12196,body,1015,1,False,,"Summa enim uelocitas transeuntium est, ideoque omnis defectio siderum breuis est, quia cito illa idem cursus qui admouerat abstrahit; uidemus solem et lunam intra exiguum tempus, cum obscurari coeperunt, liberari: quanto celerior debet fieri in stellis digressio tanto minoribus?",summa enim uelocitas transeuntium est ideoque omnis defectio siderum breuis est quia cito illa idem cursus qui admouerat abstrahit uidemus solem et lunam intra exiguum tempus cum obscurari coeperunt liberari quanto celerior debet fieri in stellis digressio tanto minoribus,summa enim uelocitas transeuntium est ideoque omnis defectio siderum breuis est quia cito illa idem cursus qui admouerat abstrahit uidemus solem et lunam intra exiguum tempus cum obscurari coeperunt liberari quanto celerior debet fieri in stellis digressio tanto minoribus
12196,body,1015,2,True,,"Atqui cometae senis mensibus manent, quod non accideret, si duarum stellarum conuentu gignerentur: illae enim diu cohaerere non possunt et necesse est illas lex celeritatis suae separet.",atqui cometae senis mensibus manent quod non accideret si duarum stellarum conuentu gignerentur illae enim diu cohaerere non possunt et necesse est illas lex celeritatis suae separet,atqui cometae senis mensibus manent quod non accideret si duarum stellarum conuentu gignerentur illae enim diu cohaerere non possunt et necesse est illas lex celeritatis suae separet
12196,body,1016,0,True,,"Praeterea ista nobis uicina uidentur, ceterum interuallis ingentibus dissident: quomodo ergo potest altera stella usque ad alteram stellam ignem mittere, ita ut utraque iuncta uideatur, cum sint ingenti regione diductae?",praeterea ista nobis uicina uidentur ceterum interuallis ingentibus dissident quomodo ergo potest altera stella usque ad alteram stellam ignem mittere ita ut utraque iuncta uideatur cum sint ingenti regione diductae,praeterea ista nobis uicina uidentur ceterum interuallis ingentibus dissident quomodo ergo potest altera stella usque ad alteram stellam ignem mittere ita ut utraque iuncta uideatur cum sint ingenti regione diductae
12196,body,1017,0,True,,"Stellarum, inquit, duarum lumen miscetur et praebet unius speciem, nempe sic quemadmodum rubicunda fit nubes solis incursu, quemadmodum uespertina aut matutina flauescunt, quemadmodum arcus alterue sol uisitur.",stellarum inquit duarum lumen miscetur et praebet unius speciem nempe sic quemadmodum rubicunda fit nubes solis incursu quemadmodum uespertina aut matutina flauescunt quemadmodum arcus alterue sol uisitur,stellarum inquit duarum lumen miscetur et praebet unius speciem nempe sic quemadmodum rubicunda fit nubes solis incursu quemadmodum uespertina aut matutina flauescunt quemadmodum arcus alterue sol uisitur
12196,body,1018,0,False,,Haec omnia primum magna ui efficiuntur; sol enim est qui ista succendit: stellarum non est eadem potentia.,haec omnia primum magna ui efficiuntur sol enim est qui ista succendit stellarum non est eadem potentia,haec omnia primum magna ui efficiuntur sol enim est qui ista succendit stellarum non est eadem potentia
12196,body,1018,1,True,,Deinde nihil horum nisi infra lunam in terrarum uicinia nascitur; superiora pura et sincera sunt et coloris sui semper.,deinde nihil horum nisi infra lunam in terrarum uicinia nascitur superiora pura et sincera sunt et coloris sui semper,deinde nihil horum nisi infra lunam in terrarum uicinia nascitur superiora pura et sincera sunt et coloris sui semper
12196,body,1019,0,False,,"Praeterea si quid tale accideret, non haberet moram sed extingueretur cito, sicut coronae quae solem lunamue cingunt intra breuissimum spatium exolescunt; ne arcus quidem diu perseuerat: si quid esset tale quo medium inter duas stellas spatium confunderetur, aeque cito dilaberetur; utique non in tantum maneret quantum morari cometae solent.",praeterea si quid tale accideret non haberet moram sed extingueretur cito sicut coronae quae solem lunamue cingunt intra breuissimum spatium exolescunt ne arcus quidem diu perseuerat si quid esset tale quo medium inter duas stellas spatium confunderetur aeque cito dilaberetur utique non in tantum maneret quantum morari cometae solent,praeterea si quid tale accideret non haberet moram sed extingueretur cito sicut coronae quae solem lunamue cingunt intra breuissimum spatium exolescunt ne arcus quidem diu perseuerat si quid esset tale quo medium inter duas stellas spatium confunderetur aeque cito dilaberetur utique non in tantum maneret quantum morari cometae solent
12196,body,1019,1,False,,"Stellis intra signiferum cursus est, hunc premunt gyrum.",stellis intra signiferum cursus est hunc premunt gyrum,stellis intra signiferum cursus est hunc premunt gyrum
12196,body,1019,2,True,,"At cometae ubique cernuntur: non magis certum est illis tempus quo appareant, quam locus ullus ultra quem non exeant.",at cometae ubique cernuntur non magis certum est illis tempus quo appareant quam locus ullus ultra quem non exeant,at cometae ubique cernuntur non magis certum est illis tempus quo appareant quam locus ullus ultra quem non exeant
12196,head,1020,0,True,,CAPUT 13,caput,caput
12196,body,1021,0,False,,"Aduersus haec ab Artemidoro illa dicuntur: non has tantum stellas quinque discurrere, sed has solas obseruatas esse; ceterum innumerabiles ferri per occultum aut propter obscuritatem luminis nobis ignotas aut propter circulorum positionem talem ut tunc demum, cum ad extrema eorum uenere, uisantur.",aduersus haec ab artemidoro illa dicuntur non has tantum stellas quinque discurrere sed has solas obseruatas esse ceterum innumerabiles ferri per occultum aut propter obscuritatem luminis nobis ignotas aut propter circulorum positionem talem ut tunc demum cum ad extrema eorum uenere uisantur,aduersus haec ab artemidoro illa dicuntur non has tantum stellas quinque discurrere sed has solas obseruatas esse ceterum innumerabiles ferri per occultum aut propter obscuritatem luminis nobis ignotas aut propter circulorum positionem talem ut tunc demum cum ad extrema eorum uenere uisantur
12196,body,1021,1,True,,"Ergo intercurrunt quaedam stellae, ut ait, nobis nouae, quae lumen suum constantibus misceant et maiorem quam stellis mos est porrigant ignem.",ergo intercurrunt quaedam stellae ut ait nobis nouae quae lumen suum constantibus misceant et maiorem quam stellis mos est porrigant ignem,ergo intercurrunt quaedam stellae ut ait nobis nouae quae lumen suum constantibus misceant et maiorem quam stellis mos est porrigant ignem
12196,body,1022,0,False,,Hoc ex his quae mentitur leuissimum est: tota eius enarratio mundi mendacium impudens est.,hoc ex his quae mentitur leuissimum est tota eius enarratio mundi mendacium impudens est,hoc ex his quae mentitur leuissimum est tota eius enarratio mundi mendacium impudens est
12196,body,1022,1,True,,"Nam si illi credimus, summa caeli ora solidissima est, in modum tecti durata et alti crassique corporis, quod atomi congestae coaceruataeque fecerunt.",nam si illi credimus summa caeli ora solidissima est in modum tecti durata et alti crassique corporis quod atomi congestae coaceruataeque fecerunt,nam si illi credimus summa caeli ora solidissima est in modum tecti durata et alti crassique corporis quod atomi congestae coaceruataeque fecerunt
12196,body,1023,0,True,,"Huic proxima superficies ignea est, ita compacta ut solui uitiarique non possit; habet tamen spiramenta quaedam et quasi fenestras per quas ex parte exteriore mundi influant ignes, non tam magni ut interiora conturbent, rursus‹que› ex mundo in exteriora labantur: itaque haec quae praeter consuetudinem apparent, influxerunt ex illa ultra mundum iacente materia.",huic proxima superficies ignea est ita compacta ut solui uitiarique non possit habet tamen spiramenta quaedam et quasi fenestras per quas ex parte exteriore mundi influant ignes non tam magni ut interiora conturbent rursusque ex mundo in exteriora labantur itaque haec quae praeter consuetudinem apparent influxerunt ex illa ultra mundum iacente materia,huic proxima superficies ignea est ita compacta ut solui uitiarique non possit habet tamen spiramenta quaedam et quasi fenestras per quas ex parte exteriore mundi influant ignes non tam magni ut interiora conturbent rursusque ex mundo in exteriora labantur itaque haec quae praeter consuetudinem apparent influxerunt ex illa ultra mundum iacente materia
12196,head,1024,0,True,,CAPUT 14,caput,caput
12196,body,1025,0,False,,Soluere ista quid aliud est quam manum exercere et in uentum iactare brachia?,soluere ista quid aliud est quam manum exercere et in uentum iactare brachia,soluere ista quid aliud est quam manum exercere et in uentum iactare brachia
12196,body,1025,1,False,,"Velim tamen mihi dicat iste, qui mundo tam ferma lacunaria imposuit, quid sit quare credamus illi tantam esse crassitudinem caeli.",velim tamen mihi dicat iste qui mundo tam ferma lacunaria imposuit quid sit quare credamus illi tantam esse crassitudinem caeli,uelim tamen mihi dicat iste qui mundo tam ferma lacunaria imposuit quid sit quare credamus illi tantam esse crassitudinem caeli
12196,body,1025,2,True,,Quid fuit quod illo tam solida corpora adduceret et ibi detineret?,quid fuit quod illo tam solida corpora adduceret et ibi detineret,quid fuit quod illo tam solida corpora adduceret et ibi detineret
12196,body,1026,0,False,,"Deinde quod tantae crassitudinis est, necesse est et magni ponderis sit: quomodo ergo in summo manent grauia?",deinde quod tantae crassitudinis est necesse est et magni ponderis sit quomodo ergo in summo manent grauia,deinde quod tantae crassitudinis est necesse est et magni ponderis sit quomodo ergo in summo manent grauia
12196,body,1026,1,False,,Quomodo illa moles non descendit et se onere suo frangit?,quomodo illa moles non descendit et se onere suo frangit,quomodo illa moles non descendit et se onere suo frangit
12196,body,1026,2,True,,"Fieri enim non potest ut tanta uis ponderis, quantam ille sustinuit, pendeat et leuibus innixa sit.",fieri enim non potest ut tanta uis ponderis quantam ille sustinuit pendeat et leuibus innixa sit,fieri enim non potest ut tanta uis ponderis quantam ille sustinuit pendeat et leuibus innixa sit
12196,body,1027,0,False,,"Ne illud quidem potest dici: extrinsecus esse aliqua retinacula quibus cadere prohibeatur, nec rursus de medio aliquid esse oppositi quod imminens corpus excipiat ac fulciat.",ne illud quidem potest dici extrinsecus esse aliqua retinacula quibus cadere prohibeatur nec rursus de medio aliquid esse oppositi quod imminens corpus excipiat ac fulciat,ne illud quidem potest dici extrinsecus esse aliqua retinacula quibus cadere prohibeatur nec rursus de medio aliquid esse oppositi quod imminens corpus excipiat ac fulciat
12196,body,1027,1,True,,"Illud etiamnunc nemo dicere audebit, mundum ferri per immensum et cadere quidem, sed non apparere an cadat, quia praecipitatio eius aeterna est, nihil habens nouissimum in quod incurrat.",illud etiamnunc nemo dicere audebit mundum ferri per immensum et cadere quidem sed non apparere an cadat quia praecipitatio eius aeterna est nihil habens nouissimum in quod incurrat,illud etiamnunc nemo dicere audebit mundum ferri per immensum et cadere quidem sed non apparere an cadat quia praecipitatio eius aeterna est nihil habens nouissimum in quod incurrat
12196,body,1028,0,False,,"Hoc quidam de terra dixerunt, cum rationem nullam inuenirent propter quam pondus in aere staret: Fertur, inquiunt, semper, sed non apparet an cadat, quia infinitum est in quod cadit.",hoc quidam de terra dixerunt cum rationem nullam inuenirent propter quam pondus in aere staret fertur inquiunt semper sed non apparet an cadat quia infinitum est in quod cadit,hoc quidam de terra dixerunt cum rationem nullam inuenirent propter quam pondus in aere staret fertur inquiunt semper sed non apparet an cadat quia infinitum est in quod cadit
12196,body,1028,1,False,,Quid est deinde quo probes non quinque tantum stellas moueri sed multas esse et in multis mundi regionibus?,quid est deinde quo probes non quinque tantum stellas moueri sed multas esse et in multis mundi regionibus,quid est deinde quo probes non quinque tantum stellas moueri sed multas esse et in multis mundi regionibus
12196,body,1028,2,False,,"Aut si hoc sine ullo probabili argumento licet, respondere: quid est quare non aliquis aut omnes stellas moueri aut nullam dicat?",aut si hoc sine ullo probabili argumento licet respondere quid est quare non aliquis aut omnes stellas moueri aut nullam dicat,aut si hoc sine ullo probabili argumento licet respondere quid est quare non aliquis aut omnes stellas moueri aut nullam dicat
12196,body,1028,3,True,,"Praeterea nihil te adiuuat ista stellarum passim euntium turba: nam quo plures fuerint, saepius in aliquas incident; rari autem cometae et ob hoc mirabiles sunt.",praeterea nihil te adiuuat ista stellarum passim euntium turba nam quo plures fuerint saepius in aliquas incident rari autem cometae et ob hoc mirabiles sunt,praeterea nihil te adiuuat ista stellarum passim euntium turba nam quo plures fuerint saepius in aliquas incident rari autem cometae et ob hoc mirabiles sunt
12196,head,1029,0,True,,CAPUT 15,caput,caput
12196,body,1030,0,False,,"Quid, quod testimonium dicet contra te omnis aetas, quae talium stellarum exortus et adnotauit et posteris tradidit?",quid quod testimonium dicet contra te omnis aetas quae talium stellarum exortus et adnotauit et posteris tradidit,quid quod testimonium dicet contra te omnis aetas quae talium stellarum exortus et adnotauit et posteris tradidit
12196,body,1030,1,False,,"Post mortem Demetrii Syriae regis, cuius Demetrius et Antiochus liberi fuere, paulo ante Achaicum bellum cometes effulsit non minor sole: primo igneus ac rubicundus orbis fuit clarumque lumen emittens, quanto uinceret noctem; deinde paulatim magnitudo eius districta est et euanuit claritas; nouissime totus intercidit.",post mortem demetrii syriae regis cuius demetrius et antiochus liberi fuere paulo ante achaicum bellum cometes effulsit non minor sole primo igneus ac rubicundus orbis fuit clarumque lumen emittens quanto uinceret noctem deinde paulatim magnitudo eius districta est et euanuit claritas nouissime totus intercidit,post mortem demetrii syriae regis cuius demetrius et antiochus liberi fuere paulo ante achaicum bellum cometes effulsit non minor sole primo igneus ac rubicundus orbis fuit clarumque lumen emittens quanto uinceret noctem deinde paulatim magnitudo eius districta est et euanuit claritas nouissime totus intercidit
12196,body,1030,2,False,,"Quoi ergo coire stellas oportet, ut tantum corpus efficiant?",quoi ergo coire stellas oportet ut tantum corpus efficiant,quoi ergo coire stellas oportet ut tantum corpus efficiant
12196,body,1030,3,True,,"Mille in unum licet congreges, numquam hunc habitum solis aequabunt.",mille in unum licet congreges numquam hunc habitum solis aequabunt,mille in unum licet congreges numquam hunc habitum solis aequabunt
12196,body,1031,0,False,,"Attalo regnante initio cometes modicus apparuit, deinde sustulit se diffuditque et usque in aequinoctialem circulum uenit, ita ut illam plagam caeli, cui lactea nomen est, in immensum extentus aequaret.",attalo regnante initio cometes modicus apparuit deinde sustulit se diffuditque et usque in aequinoctialem circulum uenit ita ut illam plagam caeli cui lactea nomen est in immensum extentus aequaret,attalo regnante initio cometes modicus apparuit deinde sustulit se diffuditque et usque in aequinoctialem circulum uenit ita ut illam plagam caeli cui lactea nomen est in immensum extentus aequaret
12196,body,1031,1,False,,Quid ergo?,quid ergo,quid ergo
12196,body,1031,2,True,,"‹Quot›› conuenisse debent erralicae, ut tam longum caeli tractum occuparent igne continuo?",quot conuenisse debent erralicae ut tam longum caeli tractum occuparent igne continuo,quot conuenisse debent erralicae ut tam longum caeli tractum occuparent igne continuo
12196,head,1032,0,True,,CAPUT 16,caput,caput
12196,body,1033,0,False,,"Contra argumenta dictum est, contra testes dicendum est.",contra argumenta dictum est contra testes dicendum est,contra argumenta dictum est contra testes dicendum est
12196,body,1033,1,False,,Nec magna molitione detrahenda est auctoritas Ephoro: historicus est.,nec magna molitione detrahenda est auctoritas ephoro historicus est,nec magna molitione detrahenda est auctoritas ephoro historicus est
12196,body,1033,2,True,,"Quidam incredibilium relatu commendationem parant et lectorem, aliud acturum, si per cotidiana duceretur, miraculo excitant; quidam creduli, quidam neglegentes sunt; quibusdam mendacium obrepit, quibusdam placet; illi non euitant, hi appetunt.",quidam incredibilium relatu commendationem parant et lectorem aliud acturum si per cotidiana duceretur miraculo excitant quidam creduli quidam neglegentes sunt quibusdam mendacium obrepit quibusdam placet illi non euitant hi appetunt,quidam incredibilium relatu commendationem parant et lectorem aliud acturum si per cotidiana duceretur miraculo excitant quidam creduli quidam neglegentes sunt quibusdam mendacium obrepit quibusdam placet illi non euitant hi appetunt
12196,body,1034,0,False,,"Haec in commune de tota natione, quae approbari opus suum et fieri populare non putat posse, nisi illud mendacio aspersit.",haec in commune de tota natione quae approbari opus suum et fieri populare non putat posse nisi illud mendacio aspersit,haec in commune de tota natione quae approbari opus suum et fieri populare non putat posse nisi illud mendacio aspersit
12196,body,1034,1,True,,"Ephorus uero non est religiosissimae fidei: saepe decipitur, saepius decipit, sicut hunc cometen, qui omnium mortalium oculis custoditus est, quia ingentis rei traxit euentum, cum Helicen et Burin ortu suo merserit, ait illum discessisse in duas stellas, quod praeter illum nemo tradidit.",ephorus uero non est religiosissimae fidei saepe decipitur saepius decipit sicut hunc cometen qui omnium mortalium oculis custoditus est quia ingentis rei traxit euentum cum helicen et burin ortu suo merserit ait illum discessisse in duas stellas quod praeter illum nemo tradidit,ephorus uero non est religiosissimae fidei saepe decipitur saepius decipit sicut hunc cometen qui omnium mortalium oculis custoditus est quia ingentis rei traxit euentum cum helicen et burin ortu suo merserit ait illum discessisse in duas stellas quod praeter illum nemo tradidit
12196,body,1035,0,False,,Quis enim posset obseruare illud momentum quo cometes solutus et in duas partes redactus est?,quis enim posset obseruare illud momentum quo cometes solutus et in duas partes redactus est,quis enim posset obseruare illud momentum quo cometes solutus et in duas partes redactus est
12196,body,1035,1,False,,"Quomodo autem, si est qui uiderit cometen in duas dirimi, nemo uidit fieri ex duabus?",quomodo autem si est qui uiderit cometen in duas dirimi nemo uidit fieri ex duabus,quomodo autem si est qui uiderit cometen in duas dirimi nemo uidit fieri ex duabus
12196,body,1035,2,True,,"Quare autem non adiecit in quas stellas diuisus sit, cum aliqua ex quinque stellis esse debuerit?",quare autem non adiecit in quas stellas diuisus sit cum aliqua ex quinque stellis esse debuerit,quare autem non adiecit in quas stellas diuisus sit cum aliqua ex quinque stellis esse debuerit
12196,head,1036,0,True,,CAPUT 17,caput,caput
12196,body,1037,0,False,,Apollonius Myndius in diuersa opinione est: ait enim cometen non unum ex multis erraticis effici sed multos cometas erraticos esse.,apollonius myndius in diuersa opinione est ait enim cometen non unum ex multis erraticis effici sed multos cometas erraticos esse,apollonius myndius in diuersa opinione est ait enim cometen non unum ex multis erraticis effici sed multos cometas erraticos esse
12196,body,1037,1,False,,"Non est, inquit, species falsa nec duarum stellarum confinio ignis extentus, sed proprium sidus cometae est, sicut solis ac lunae.",non est inquit species falsa nec duarum stellarum confinio ignis extentus sed proprium sidus cometae est sicut solis ac lunae,non est inquit species falsa nec duarum stellarum confinio ignis extentus sed proprium sidus cometae est sicut solis ac lunae
12196,body,1037,2,True,,"Talis illi forma est, non in rotundum restricta sed procerior et in longum producta.",talis illi forma est non in rotundum restricta sed procerior et in longum producta,talis illi forma est non in rotundum restricta sed procerior et in longum producta
12196,body,1038,0,False,,Ceterum non est illi palam cursus: altiora mundi secat et tunc demum apparet cum in imum cursus sui uenit.,ceterum non est illi palam cursus altiora mundi secat et tunc demum apparet cum in imum cursus sui uenit,ceterum non est illi palam cursus altiora mundi secat et tunc demum apparet cum in imum cursus sui uenit
12196,body,1038,1,True,,"Nec est quod putemus eundem uisum esse sub Claudio quem sub Augusto uidimus, nec hunc qui sub Nerone Caesare apparuit et cometis detraxit infamiam illi similem fuisse qui post excessum diui Iulii ludis Ueneris Genetricis circa undecimam horam diei emersit.",nec est quod putemus eundem uisum esse sub claudio quem sub augusto uidimus nec hunc qui sub nerone caesare apparuit et cometis detraxit infamiam illi similem fuisse qui post excessum diui iulii ludis ueneris genetricis circa undecimam horam diei emersit,nec est quod putemus eundem uisum esse sub claudio quem sub augusto uidimus nec hunc qui sub nerone caesare apparuit et cometis detraxit infamiam illi similem fuisse qui post excessum diui iulii ludis ueneris genetricis circa undecimam horam diei emersit
12196,body,1039,0,False,,"Multi uariique sunt, dispares magnitudine, dissimiles colore: aliis rubor est sine ulla luce, aliis candor et purum liquidumque lumen, aliis flamma et haec non sincera nec tenuis sed multum circa se uoluens fumidi ardoris; cruenti quidam minaces, qui omen post se futuri sanguinis ferunt.",multi uariique sunt dispares magnitudine dissimiles colore aliis rubor est sine ulla luce aliis candor et purum liquidumque lumen aliis flamma et haec non sincera nec tenuis sed multum circa se uoluens fumidi ardoris cruenti quidam minaces qui omen post se futuri sanguinis ferunt,multi uariique sunt dispares magnitudine dissimiles colore aliis rubor est sine ulla luce aliis candor et purum liquidumque lumen aliis flamma et haec non sincera nec tenuis sed multum circa se uoluens fumidi ardoris cruenti quidam minaces qui omen post se futuri sanguinis ferunt
12196,body,1039,1,True,,"Hi minuunt augentque lumen suum quemadmodum alia sidera, quae clariora cum descendere sunt maioraque, quia ex loco propiore uisuntur, minora cum redeunt et obscuriora, quia abducunt se longius.",hi minuunt augentque lumen suum quemadmodum alia sidera quae clariora cum descendere sunt maioraque quia ex loco propiore uisuntur minora cum redeunt et obscuriora quia abducunt se longius,hi minuunt augentque lumen suum quemadmodum alia sidera quae clariora cum descendere sunt maioraque quia ex loco propiore uisuntur minora cum redeunt et obscuriora quia abducunt se longius
12196,head,1040,0,True,,CAPUT 18,caput,caput
12196,body,1041,0,False,,Aduersus haec protinus respondetur non idem accidere in cometis quod in ceteris.,aduersus haec protinus respondetur non idem accidere in cometis quod in ceteris,aduersus haec protinus respondetur non idem accidere in cometis quod in ceteris
12196,body,1041,1,False,,"Cometae enim quo primum die apparuerunt, maximi sunt; atqui deberent crescere, quo propius accederent: nunc autem manet illis prima facies, donec incipiant extingui.",cometae enim quo primum die apparuerunt maximi sunt atqui deberent crescere quo propius accederent nunc autem manet illis prima facies donec incipiant extingui,cometae enim quo primum die apparuerunt maximi sunt atqui deberent crescere quo propius accederent nunc autem manet illis prima facies donec incipiant extingui
12196,body,1041,2,True,,"Deinde quod aduersus priores, etiam aduersus hunc dicitur: si erraret cometes essetque sidus, intra signiferi terminos moueretur, intra quos omne sidus cursus suos colligit.",deinde quod aduersus priores etiam aduersus hunc dicitur si erraret cometes essetque sidus intra signiferi terminos moueretur intra quos omne sidus cursus suos colligit,deinde quod aduersus priores etiam aduersus hunc dicitur si erraret cometes essetque sidus intra signiferi terminos moueretur intra quos omne sidus cursus suos colligit
12196,body,1042,0,True,,"Numquam apparet stella per stellam; acies nostra non potest per medium sidus exire, ut per illud superiora perspiciat; per cometen autem non aliter quam per nubem ulteriora cernuntur: ex quo apparet illum non esse sidus sed leuem ignem ac tumultuarium.",numquam apparet stella per stellam acies nostra non potest per medium sidus exire ut per illud superiora perspiciat per cometen autem non aliter quam per nubem ulteriora cernuntur ex quo apparet illum non esse sidus sed leuem ignem ac tumultuarium,numquam apparet stella per stellam acies nostra non potest per medium sidus exire ut per illud superiora perspiciat per cometen autem non aliter quam per nubem ulteriora cernuntur ex quo apparet illum non esse sidus sed leuem ignem ac tumultuarium
12196,head,1043,0,True,,CAPUT 19,caput,caput
12196,body,1044,0,False,,Zenon noster in illa sententia est: congruere iudicat stellas et radios inter se committere; hac societate luminis existere imaginem stellae longioris.,zenon noster in illa sententia est congruere iudicat stellas et radios inter se committere hac societate luminis existere imaginem stellae longioris,zenon noster in illa sententia est congruere iudicat stellas et radios inter se committere hac societate luminis existere imaginem stellae longioris
12196,body,1044,1,True,,Ergo quidam nullos esse cometas existimant sed speciem illorum per repercussionem uicinorum siderum aut per coniunctionem cohaerentium reddi;,ergo quidam nullos esse cometas existimant sed speciem illorum per repercussionem uicinorum siderum aut per coniunctionem cohaerentium reddi,ergo quidam nullos esse cometas existimant sed speciem illorum per repercussionem uicinorum siderum aut per coniunctionem cohaerentium reddi
12196,body,1045,0,True,,"quidam aiunt esse quidem sed habere cursus suos et post certa lustra in conspectum mortalium exire; quidam esse quidem sed non quibus siderum nomen imponas, quia dilabuntur nec diu durant et exigui temporis mora dissipantur.",quidam aiunt esse quidem sed habere cursus suos et post certa lustra in conspectum mortalium exire quidam esse quidem sed non quibus siderum nomen imponas quia dilabuntur nec diu durant et exigui temporis mora dissipantur,quidam aiunt esse quidem sed habere cursus suos et post certa lustra in conspectum mortalium exire quidam esse quidem sed non quibus siderum nomen imponas quia dilabuntur nec diu durant et exigui temporis mora dissipantur
12196,head,1046,0,True,,CAPUT 20,caput,caput
12196,body,1047,0,False,,In hac sententia sunt plerique nostrorum nec id putant ueritati repugnare.,in hac sententia sunt plerique nostrorum nec id putant ueritati repugnare,in hac sententia sunt plerique nostrorum nec id putant ueritati repugnare
12196,body,1047,1,False,,"Videmus enim in sublimi uaria ignium concipi genera et modo caelum ardere, modo ""longos a tergo flammarum albescere tractus,"" modo faces cum igne uasto rapi.",videmus enim in sublimi uaria ignium concipi genera et modo caelum ardere modo longos a tergo flammarum albescere tractus modo faces cum igne uasto rapi,uidemus enim in sublimi uaria ignium concipi genera et modo caelum ardere modo longos a tergo flammarum albescere tractus modo faces cum igne uasto rapi
12196,body,1047,2,True,,"Iam ipsa fulmina, etiamsi uelocitate mira simul et praestringunt aciem et relinquunt, ignes sunt aeris triti et impetu inter se maiore collisi: ideo ne resistunt quidem sed expressi fluunt et protinus pereunt.",iam ipsa fulmina etiamsi uelocitate mira simul et praestringunt aciem et relinquunt ignes sunt aeris triti et impetu inter se maiore collisi ideo ne resistunt quidem sed expressi fluunt et protinus pereunt,iam ipsa fulmina etiamsi uelocitate mira simul et praestringunt aciem et relinquunt ignes sunt aeris triti et impetu inter se maiore collisi ideo ne resistunt quidem sed expressi fluunt et protinus pereunt
12196,body,1048,0,False,,Alii uero ignes diu manent nec ante discedunt quam consumptum est omne quo pascebantur alimentum.,alii uero ignes diu manent nec ante discedunt quam consumptum est omne quo pascebantur alimentum,alii uero ignes diu manent nec ante discedunt quam consumptum est omne quo pascebantur alimentum
12196,body,1048,1,True,,"Hoc loco sunt illa a Posidonio scripta miracula, columnae clipeique flagrantes aliaeque insigni nouitate flammae, quae non aduerterent animos, si ex consuetudine et lege decurrerent: ad haec stupent omnes, quae repentinum ex alto ignem efferunt, siue emicuit aliquid et fugit siue compresso aere et in ardorem coacto loco miraculi stetit.",hoc loco sunt illa a posidonio scripta miracula columnae clipeique flagrantes aliaeque insigni nouitate flammae quae non aduerterent animos si ex consuetudine et lege decurrerent ad haec stupent omnes quae repentinum ex alto ignem efferunt siue emicuit aliquid et fugit siue compresso aere et in ardorem coacto loco miraculi stetit,hoc loco sunt illa a posidonio scripta miracula columnae clipeique flagrantes aliaeque insigni nouitate flammae quae non aduerterent animos si ex consuetudine et lege decurrerent ad haec stupent omnes quae repentinum ex alto ignem efferunt siue emicuit aliquid et fugit siue compresso aere et in ardorem coacto loco miraculi stetit
12196,body,1049,0,False,,Quid ergo?,quid ergo,quid ergo
12196,body,1049,1,False,,Non aliquando lacuna secedentis retro aeris patuit et uastum in concauo lumen?,non aliquando lacuna secedentis retro aeris patuit et uastum in concauo lumen,non aliquando lacuna secedentis retro aeris patuit et uastum in concauo lumen
12196,body,1049,2,False,,"Exclamare posses: ""quid hoc est?",exclamare posses quid hoc est,exclamare posses quid hoc est
12196,body,1049,3,False,,"Medium uideo discedere caelum palantesque polo stellas"", quae aliquando non expectata nocte fulserunt et per medium eruperunt diem.",medium uideo discedere caelum palantesque polo stellas quae aliquando non expectata nocte fulserunt et per medium eruperunt diem,medium uideo discedere caelum palantesque polo stellas quae aliquando non expectata nocte fulserunt et per medium eruperunt diem
12196,body,1049,4,True,,"Sed alia huius rei ratio est, quare alieno tempore appareant in aere, quas esse, etiam cum latent, constat.",sed alia huius rei ratio est quare alieno tempore appareant in aere quas esse etiam cum latent constat,sed alia huius rei ratio est quare alieno tempore appareant in aere quas esse etiam cum latent constat
12196,body,1050,0,True,,"Multos cometas non uidemus, quia obscurantur radiis solis: quo deficiente quondam cometen apparuisse, quem sol uicinus obtexerat, Posidonius tradit; saepe autem cum occidit sol, sparsi ignes non procul ab eo uidentur: uidelicet ipsa stella sole perfunditur et ideo aspici non potest, comae autem radios solis effugiunt.",multos cometas non uidemus quia obscurantur radiis solis quo deficiente quondam cometen apparuisse quem sol uicinus obtexerat posidonius tradit saepe autem cum occidit sol sparsi ignes non procul ab eo uidentur uidelicet ipsa stella sole perfunditur et ideo aspici non potest comae autem radios solis effugiunt,multos cometas non uidemus quia obscurantur radiis solis quo deficiente quondam cometen apparuisse quem sol uicinus obtexerat posidonius tradit saepe autem cum occidit sol sparsi ignes non procul ab eo uidentur uidelicet ipsa stella sole perfunditur et ideo aspici non potest comae autem radios solis effugiunt
12196,head,1051,0,True,,CAPUT 21,caput,caput
12196,body,1052,0,False,,"Placet ergo nostris cometas, sicut faces, sicut tubas trabesque et alia ostenta caeli, denso aere creari.",placet ergo nostris cometas sicut faces sicut tubas trabesque et alia ostenta caeli denso aere creari,placet ergo nostris cometas sicut faces sicut tubas trabesque et alia ostenta caeli denso aere creari
12196,body,1052,1,True,,"Ideo circa septentrionem a frequentissime apparent, quia illic plurimum est aeris pigri.",ideo circa septentrionem a frequentissime apparent quia illic plurimum est aeris pigri,ideo circa septentrionem a frequentissime apparent quia illic plurimum est aeris pigri
12196,body,1053,0,False,,Quare ergo non stat cometes sed procedit?,quare ergo non stat cometes sed procedit,quare ergo non stat cometes sed procedit
12196,body,1053,1,False,,"Dicam: ignium modo alimentum suum sequitur; quamuis enim illi ad superiora nisus sit, tamen deficiente materia retro iens ipse descendit.",dicam ignium modo alimentum suum sequitur quamuis enim illi ad superiora nisus sit tamen deficiente materia retro iens ipse descendit,dicam ignium modo alimentum suum sequitur quamuis enim illi ad superiora nisus sit tamen deficiente materia retro iens ipse descendit
12196,body,1053,2,True,,"In aere quoque non dextram laeuamque premit partem (nulla est enim illi uia), sed, qua illum uena pabuli sui duxit, illa repit nec ut stella procedit sed ut ignis pascitur.",in aere quoque non dextram laeuamque premit partem nulla est enim illi uia sed qua illum uena pabuli sui duxit illa repit nec ut stella procedit sed ut ignis pascitur,in aere quoque non dextram laeuamque premit partem nulla est enim illi uia sed qua illum uena pabuli sui duxit illa repit nec ut stella procedit sed ut ignis pascitur
12196,body,1054,0,False,,Quare ergo per longum tempus apparet et non cito extinguitur?,quare ergo per longum tempus apparet et non cito extinguitur,quare ergo per longum tempus apparet et non cito extinguitur
12196,body,1054,1,True,,"Sex enim mensibus hic quem nos Neronis principatu laetissimo uidimus spectandum se praebuit, in diuersum illi Claudiano circumactus: ille enim a septentrione in uerticem surgens orientem petiit semper obscurior, hic ab eadem parte coepit sed in occidentem tendens ad meridiem flexit et ibi se subduxit oculis.",sex enim mensibus hic quem nos neronis principatu laetissimo uidimus spectandum se praebuit in diuersum illi claudiano circumactus ille enim a septentrione in uerticem surgens orientem petiit semper obscurior hic ab eadem parte coepit sed in occidentem tendens ad meridiem flexit et ibi se subduxit oculis,sex enim mensibus hic quem nos neronis principatu laetissimo uidimus spectandum se praebuit in diuersum illi claudiano circumactus ille enim a septentrione in uerticem surgens orientem petiit semper obscurior hic ab eadem parte coepit sed in occidentem tendens ad meridiem flexit et ibi se subduxit oculis
12196,body,1055,0,False,,"Videlicet ille fumidiora habuit et aptiora ignibus, quae persecutus est; huic rursus uberior fuit et plenior regio, huc itaque descendit inuitante materia, non itinere.",videlicet ille fumidiora habuit et aptiora ignibus quae persecutus est huic rursus uberior fuit et plenior regio huc itaque descendit inuitante materia non itinere,uidelicet ille fumidiora habuit et aptiora ignibus quae persecutus est huic rursus uberior fuit et plenior regio huc itaque descendit inuitante materia non itinere
12196,body,1055,1,True,,"Quod apparet duobus quos spectauimus fuisse diuersum, cum hic in dextrum motus sit, ille in sinistrum; omnibus autem stellis in eandem partem cursus est, id est contrarius mundo (hic enim ab ortu uoluitur in occasum, illae ab occasu in ortum eunt), et ob hoc duplex his motus est: ille quo eunt, et hic quo auferuntur.",quod apparet duobus quos spectauimus fuisse diuersum cum hic in dextrum motus sit ille in sinistrum omnibus autem stellis in eandem partem cursus est id est contrarius mundo hic enim ab ortu uoluitur in occasum illae ab occasu in ortum eunt et ob hoc duplex his motus est ille quo eunt et hic quo auferuntur,quod apparet duobus quos spectauimus fuisse diuersum cum hic in dextrum motus sit ille in sinistrum omnibus autem stellis in eandem partem cursus est id est contrarius mundo hic enim ab ortu uoluitur in occasum illae ab occasu in ortum eunt et ob hoc duplex his motus est ille quo eunt et hic quo auferuntur
12196,head,1056,0,True,,CAPUT 22,caput,caput
12196,body,1057,0,False,,Ego nostris non assentior: non enim existimo cometen subitaneum ignem sed inter aeterna opera naturae.,ego nostris non assentior non enim existimo cometen subitaneum ignem sed inter aeterna opera naturae,ego nostris non assentior non enim existimo cometen subitaneum ignem sed inter aeterna opera naturae
12196,body,1057,1,False,,"Primum, quaecumque aer creat, breuia sunt: nascuntur enim in re fugaci et mutabili.",primum quaecumque aer creat breuia sunt nascuntur enim in re fugaci et mutabili,primum quaecumque aer creat breuia sunt nascuntur enim in re fugaci et mutabili
12196,body,1057,2,False,,"Quomodo potest aliquid in aere idem diu permanere, cum ipse aer numquam idem diu maneat?",quomodo potest aliquid in aere idem diu permanere cum ipse aer numquam idem diu maneat,quomodo potest aliquid in aere idem diu permanere cum ipse aer numquam idem diu maneat
12196,body,1057,3,False,,"Fluit semper, et breuis illi quies est; intra exiguum momentum in alium quam in quo fuerat statum uertitur, nunc pluuius, nunc serenus, nunc inter utrumque uarius.",fluit semper et breuis illi quies est intra exiguum momentum in alium quam in quo fuerat statum uertitur nunc pluuius nunc serenus nunc inter utrumque uarius,fluit semper et breuis illi quies est intra exiguum momentum in alium quam in quo fuerat statum uertitur nunc pluuius nunc serenus nunc inter utrumque uarius
12196,body,1057,4,False,,"Nubes, quae illi familiarissimae sunt, in quas coit et ex quibus soluitur, modo congregantur, modo digeruntur, numquam immotae iacent.",nubes quae illi familiarissimae sunt in quas coit et ex quibus soluitur modo congregantur modo digeruntur numquam immotae iacent,nubes quae illi familiarissimae sunt in quas coit et ex quibus soluitur modo congregantur modo digeruntur numquam immotae iacent
12196,body,1057,5,True,,"Fieri non potest ut ignis certus in corpore uago sedeat et tam pertinaciter haereat quam quem natura, ne umquam excuteretur, aptauit.",fieri non potest ut ignis certus in corpore uago sedeat et tam pertinaciter haereat quam quem natura ne umquam excuteretur aptauit,fieri non potest ut ignis certus in corpore uago sedeat et tam pertinaciter haereat quam quem natura ne umquam excuteretur aptauit
12196,body,1058,0,True,,"Deinde, si alimento suc, haereret, semper descenderet (eo enim crassior est aer quo terris propior): numquam cometes in imum usque demittitur neque appropinquat solo.",deinde si alimento suc haereret semper descenderet eo enim crassior est aer quo terris propior numquam cometes in imum usque demittitur neque appropinquat solo,deinde si alimento suc haereret semper descenderet eo enim crassior est aer quo terris propior numquam cometes in imum usque demittitur neque appropinquat solo
12196,head,1059,0,True,,CAPUT 23,caput,caput
12196,body,1060,0,True,,"Etiamnunc ignis aut it quo illum natura sua ducit, id est sursum, aut eo quo trahit materia cui adhaesit et quam depascitur: nullis ignibus ordinariis et caelestibus iter flexum est; sideris proprium est ducere orbem: atqui hoc an cometae alii fecerint nescio, duo nostra aetate fecerunt.",etiamnunc ignis aut it quo illum natura sua ducit id est sursum aut eo quo trahit materia cui adhaesit et quam depascitur nullis ignibus ordinariis et caelestibus iter flexum est sideris proprium est ducere orbem atqui hoc an cometae alii fecerint nescio duo nostra aetate fecerunt,etiamnunc ignis aut it quo illum natura sua ducit id est sursum aut eo quo trahit materia cui adhaesit et quam depascitur nullis ignibus ordinariis et caelestibus iter flexum est sideris proprium est ducere orbem atqui hoc an cometae alii fecerint nescio duo nostra aetate fecerunt
12196,body,1061,0,False,,"Deinde omne quod causa temporalis accendit cito intercidit: sic faces ardent, dum transeunt, sic fulmina in unum ualent ictum, sic quae transuersae dicuntur stellae et cadentes praeteruolant et secant aera: nullis ignibus nisi in suo mora est, illis dico diuinis quos habet mundus aeternos, quia partes eius sunt et opera.",deinde omne quod causa temporalis accendit cito intercidit sic faces ardent dum transeunt sic fulmina in unum ualent ictum sic quae transuersae dicuntur stellae et cadentes praeteruolant et secant aera nullis ignibus nisi in suo mora est illis dico diuinis quos habet mundus aeternos quia partes eius sunt et opera,deinde omne quod causa temporalis accendit cito intercidit sic faces ardent dum transeunt sic fulmina in unum ualent ictum sic quae transuersae dicuntur stellae et cadentes praeteruolant et secant aera nullis ignibus nisi in suo mora est illis dico diuinis quos habet mundus aeternos quia partes eius sunt et opera
12196,body,1061,1,False,,Hi autem agunt aliquid et uadunt et tenorem suum seruant paresque sunt.,hi autem agunt aliquid et uadunt et tenorem suum seruant paresque sunt,hi autem agunt aliquid et uadunt et tenorem suum seruant paresque sunt
12196,body,1061,2,False,,"Non alternis diebus maiores minoresue fierent, si ignis esset collecticius et ex aliqua causa repentinus?",non alternis diebus maiores minoresue fierent si ignis esset collecticius et ex aliqua causa repentinus,non alternis diebus maiores minoresue fierent si ignis esset collecticius et ex aliqua causa repentinus
12196,body,1061,3,True,,"Minor enim esset ac maior, prout plenius aleretur aut malignius.",minor enim esset ac maior prout plenius aleretur aut malignius,minor enim esset ac maior prout plenius aleretur aut malignius
12196,body,1062,0,True,,"Dicebam modo nihil diuturnum esse quod exarsit aeris uitio; nunc amplius adicio: morari ac stare nullo modo potest; nam et fax et fulmen et stella transcurrens et quisquis alius est ignis aere expressus in fuga est nec apparet, nisi dum cadit: cometes habet suam sedem et ideo non cito expellitur sed emetitur spatium suum, nec extinguitur sed excedit.",dicebam modo nihil diuturnum esse quod exarsit aeris uitio nunc amplius adicio morari ac stare nullo modo potest nam et fax et fulmen et stella transcurrens et quisquis alius est ignis aere expressus in fuga est nec apparet nisi dum cadit cometes habet suam sedem et ideo non cito expellitur sed emetitur spatium suum nec extinguitur sed excedit,dicebam modo nihil diuturnum esse quod exarsit aeris uitio nunc amplius adicio morari ac stare nullo modo potest nam et fax et fulmen et stella transcurrens et quisquis alius est ignis aere expressus in fuga est nec apparet nisi dum cadit cometes habet suam sedem et ideo non cito expellitur sed emetitur spatium suum nec extinguitur sed excedit
12196,head,1063,0,True,,CAPUT 24,caput,caput
12196,body,1064,0,False,,"Si erratica, inquit, stella esset, in signifero esset.",si erratica inquit stella esset in signifero esset,si erratica inquit stella esset in signifero esset
12196,body,1064,1,False,,Quis unum stellis limitem ponit?,quis unum stellis limitem ponit,quis unum stellis limitem ponit
12196,body,1064,2,False,,Quis in angustum diuina compellit?,quis in angustum diuina compellit,quis in angustum diuina compellit
12196,body,1064,3,False,,"Nempe haec ipsa sidera quae sola moueri creditis, alios et alios circulos habent; quare ergo non aliqua sint quae in proprium iter et ab istis remotum secesserint?",nempe haec ipsa sidera quae sola moueri creditis alios et alios circulos habent quare ergo non aliqua sint quae in proprium iter et ab istis remotum secesserint,nempe haec ipsa sidera quae sola moueri creditis alios et alios circulos habent quare ergo non aliqua sint quae in proprium iter et ab istis remotum secesserint
12196,body,1064,4,True,,Quid est quare in aliqua parte caeli peruium non sit?,quid est quare in aliqua parte caeli peruium non sit,quid est quare in aliqua parte caeli peruium non sit
12196,body,1065,0,False,,"Quod si iudicas non posse ullam stellam, nisi signiferum attigit, uadere, cometes potest sic alium habere circulum ut in hunc tamen parte aliqua sui incidat, quod fieri non est necessarium sed potest.",quod si iudicas non posse ullam stellam nisi signiferum attigit uadere cometes potest sic alium habere circulum ut in hunc tamen parte aliqua sui incidat quod fieri non est necessarium sed potest,quod si iudicas non posse ullam stellam nisi signiferum attigit uadere cometes potest sic alium habere circulum ut in hunc tamen parte aliqua sui incidat quod fieri non est necessarium sed potest
12196,body,1065,1,True,,"Vide ne hoc magis deceat magnitudinem mundi, ut in multa itinera diuisus circumeat nec unam deterat semitam, ceteris partibus torpeat.",vide ne hoc magis deceat magnitudinem mundi ut in multa itinera diuisus circumeat nec unam deterat semitam ceteris partibus torpeat,uide ne hoc magis deceat magnitudinem mundi ut in multa itinera diuisus circumeat nec unam deterat semitam ceteris partibus torpeat
12196,body,1066,0,True,,"Credis autem in hoc maximo et pulcherrimo corpore, inter innumerabiles stellas quae noctem decore uario distinguunt, quae minime uacuam et inertem esse patiuntur, quinque solas esse quibus exercere se liceat, ceteras stare fixum et immobilem populum?",credis autem in hoc maximo et pulcherrimo corpore inter innumerabiles stellas quae noctem decore uario distinguunt quae minime uacuam et inertem esse patiuntur quinque solas esse quibus exercere se liceat ceteras stare fixum et immobilem populum,credis autem in hoc maximo et pulcherrimo corpore inter innumerabiles stellas quae noctem decore uario distinguunt quae minime uacuam et inertem esse patiuntur quinque solas esse quibus exercere se liceat ceteras stare fixum et immobilem populum
12196,head,1067,0,True,,CAPUT 25,caput,caput
12196,body,1068,0,False,,"Si quis hoc loco me interrogauerit: Quare ergo non, quemadmodum quinque stellarum, ita harum obseruatus est cursus?",si quis hoc loco me interrogauerit quare ergo non quemadmodum quinque stellarum ita harum obseruatus est cursus,si quis hoc loco me interrogauerit quare ergo non quemadmodum quinque stellarum ita harum obseruatus est cursus
12196,body,1068,1,True,,", huic ego respondebo: multa sunt quae esse concedimus, qualia sint ignoramus.",huic ego respondebo multa sunt quae esse concedimus qualia sint ignoramus,huic ego respondebo multa sunt quae esse concedimus qualia sint ignoramus
12196,body,1069,0,True,,"Habere nos animum, cuius imperio et impellimur et reuocamur, omnes fatebuntur; quid tamen sit animus ille rector dominusque nostri, non magis tibi quisquam expediet quam ubi sit: alius illum dicet spiritum esse, alius concentum quendam, alius uim diuinam et dei partem, alius tenuissimum animae, alius incorporalem potentiam; non deerit qui sanguinem dicat, qui calorem: adeo anime, non potest liquere de ceteris rebus ut adhuc ipse se quaerat.",habere nos animum cuius imperio et impellimur et reuocamur omnes fatebuntur quid tamen sit animus ille rector dominusque nostri non magis tibi quisquam expediet quam ubi sit alius illum dicet spiritum esse alius concentum quendam alius uim diuinam et dei partem alius tenuissimum animae alius incorporalem potentiam non deerit qui sanguinem dicat qui calorem adeo anime non potest liquere de ceteris rebus ut adhuc ipse se quaerat,habere nos animum cuius imperio et impellimur et reuocamur omnes fatebuntur quid tamen sit animus ille rector dominusque nostri non magis tibi quisquam expediet quam ubi sit alius illum dicet spiritum esse alius concentum quendam alius uim diuinam et dei partem alius tenuissimum animae alius incorporalem potentiam non deerit qui sanguinem dicat qui calorem adeo anime non potest liquere de ceteris rebus ut adhuc ipse se quaerat
12196,body,1070,0,False,,"Quid ergo miramur cometas, tam rarum mundi spectaculum, nondum teneri legibus certis nec initia illorum finesque notescere, quorum ex ingentibus interuallis recursus est?",quid ergo miramur cometas tam rarum mundi spectaculum nondum teneri legibus certis nec initia illorum finesque notescere quorum ex ingentibus interuallis recursus est,quid ergo miramur cometas tam rarum mundi spectaculum nondum teneri legibus certis nec initia illorum finesque notescere quorum ex ingentibus interuallis recursus est
12196,body,1070,1,True,,"Nondum sunt anni mille quingenti, ex quo Graecia ""stellis numeros et nomina fecit"", multaeque hodie sunt gentes quae facie tantum nouerunt caelum, quae nondum sciunt cur luna deficiat, quare obumbretur: haec apud nos quoque nuper ratio ad certum perduxit.",nondum sunt anni mille quingenti ex quo graecia stellis numeros et nomina fecit multaeque hodie sunt gentes quae facie tantum nouerunt caelum quae nondum sciunt cur luna deficiat quare obumbretur haec apud nos quoque nuper ratio ad certum perduxit,nondum sunt anni mille quingenti ex quo graecia stellis numeros et nomina fecit multaeque hodie sunt gentes quae facie tantum nouerunt caelum quae nondum sciunt cur luna deficiat quare obumbretur haec apud nos quoque nuper ratio ad certum perduxit
12196,body,1071,0,False,,"Veniet tempus quo ista quae nunc latent in lucem dies extrahat et longioris aeui diligentia; ad inquisitionem tantorum aetas una non sufficit, ut tota caelo uacet: quid, quod tam paucos annos inter studia ac uitia non aequa portione diuidimus?",veniet tempus quo ista quae nunc latent in lucem dies extrahat et longioris aeui diligentia ad inquisitionem tantorum aetas una non sufficit ut tota caelo uacet quid quod tam paucos annos inter studia ac uitia non aequa portione diuidimus,ueniet tempus quo ista quae nunc latent in lucem dies extrahat et longioris aeui diligentia ad inquisitionem tantorum aetas una non sufficit ut tota caelo uacet quid quod tam paucos annos inter studia ac uitia non aequa portione diuidimus
12196,body,1071,1,True,,Itaque per successiones ista longas explicabuntur.,itaque per successiones ista longas explicabuntur,itaque per successiones ista longas explicabuntur
12196,body,1072,0,False,,Veniet tempus quo posteri nostri tam aperta nos nescisse mirentur.,veniet tempus quo posteri nostri tam aperta nos nescisse mirentur,ueniet tempus quo posteri nostri tam aperta nos nescisse mirentur
12196,body,1072,1,True,,"Harum quinque stellarum, quae se ingerunt nobis, quae alio atque alio occurrentes loco curiosos nos esse cogunt, qui matutini uespertinique ortus sint, quae stationes, quando in rectum ferantur, quare agantur retro, modo coepimus scire; utrum mergeretur Iupiter an occideret an retrogradus esset (nam hoc illi nomen imposuere cedenti), ante paucos annos didicimus.",harum quinque stellarum quae se ingerunt nobis quae alio atque alio occurrentes loco curiosos nos esse cogunt qui matutini uespertinique ortus sint quae stationes quando in rectum ferantur quare agantur retro modo coepimus scire utrum mergeretur iupiter an occideret an retrogradus esset nam hoc illi nomen imposuere cedenti ante paucos annos didicimus,harum quinque stellarum quae se ingerunt nobis quae alio atque alio occurrentes loco curiosos nos esse cogunt qui matutini uespertinique ortus sint quae stationes quando in rectum ferantur quare agantur retro modo coepimus scire utrum mergeretur iupiter an occideret an retrogradus esset nam hoc illi nomen imposuere cedenti ante paucos annos didicimus
12196,body,1073,0,False,,"Inuenti sunt qui nobis dicerent: ""Erratis, quod ullam stellam aut supprimere cursum iudicatis aut uertere.",inuenti sunt qui nobis dicerent erratis quod ullam stellam aut supprimere cursum iudicatis aut uertere,inuenti sunt qui nobis dicerent erratis quod ullam stellam aut supprimere cursum iudicatis aut uertere
12196,body,1073,1,False,,"Non licet stare caelestibus nec auerti; prodeunt omnia: ut semel missa sunt, uadunt; idem erit illis cursus qui sui finis.",non licet stare caelestibus nec auerti prodeunt omnia ut semel missa sunt uadunt idem erit illis cursus qui sui finis,non licet stare caelestibus nec auerti prodeunt omnia ut semel missa sunt uadunt idem erit illis cursus qui sui finis
12196,body,1073,2,True,,"Opus hoc aeternum irreuocabiles habet motus: qui si quando constiterint, alia aliis incident, quae nunc tenor et aequalitas seruat"".",opus hoc aeternum irreuocabiles habet motus qui si quando constiterint alia aliis incident quae nunc tenor et aequalitas seruat,opus hoc aeternum irreuocabiles habet motus qui si quando constiterint alia aliis incident quae nunc tenor et aequalitas seruat
12196,body,1074,0,False,,Quid est ergo cur aliqua redire uideantur?,quid est ergo cur aliqua redire uideantur,quid est ergo cur aliqua redire uideantur
12196,body,1074,1,False,,"Solis occursus speciem illis tarditatis imponit et natura uiarum circulorumque sic positorum ut certo tempore intuentes fallant: sic naues, quamuis plenis uelis eant, uidentur tamen stare.",solis occursus speciem illis tarditatis imponit et natura uiarum circulorumque sic positorum ut certo tempore intuentes fallant sic naues quamuis plenis uelis eant uidentur tamen stare,solis occursus speciem illis tarditatis imponit et natura uiarum circulorumque sic positorum ut certo tempore intuentes fallant sic naues quamuis plenis uelis eant uidentur tamen stare
12196,body,1074,2,False,,"Erit qui demonstret aliquando in quibus cometae partibus currant, cur tam seducti a ceteris errent, quanti qualesque sint.",erit qui demonstret aliquando in quibus cometae partibus currant cur tam seducti a ceteris errent quanti qualesque sint,erit qui demonstret aliquando in quibus cometae partibus currant cur tam seducti a ceteris errent quanti qualesque sint
12196,body,1074,3,True,,Contenti simus inuentis: aliquid ueritati et posteri conferant.,contenti simus inuentis aliquid ueritati et posteri conferant,contenti simus inuentis aliquid ueritati et posteri conferant
12196,head,1075,0,True,,CAPUT 26,caput,caput
12196,body,1076,0,False,,"Per stellas, inquit, ulteriora non cernimus, per cometas aciem transmittimus.",per stellas inquit ulteriora non cernimus per cometas aciem transmittimus,per stellas inquit ulteriora non cernimus per cometas aciem transmittimus
12196,body,1076,1,True,,"Primum si fit istud, non in ea parte fit qua sidus ipsum est spissi ignis ac solidi, sed qua rarus splendor excurrit et in crimes dispergitur: per interualla ignium, non per ipsos uides.",primum si fit istud non in ea parte fit qua sidus ipsum est spissi ignis ac solidi sed qua rarus splendor excurrit et in crimes dispergitur per interualla ignium non per ipsos uides,primum si fit istud non in ea parte fit qua sidus ipsum est spissi ignis ac solidi sed qua rarus splendor excurrit et in crimes dispergitur per interualla ignium non per ipsos uides
12196,body,1077,0,False,,"Stellae, inquit, omnes rotundae sunt, cometae porrecti, ex quo apparet stellas non esse.",stellae inquit omnes rotundae sunt cometae porrecti ex quo apparet stellas non esse,stellae inquit omnes rotundae sunt cometae porrecti ex quo apparet stellas non esse
12196,body,1077,1,False,,Quis enim tibi concedit cometas longos esse?,quis enim tibi concedit cometas longos esse,quis enim tibi concedit cometas longos esse
12196,body,1077,2,False,,"Quorum natura quidem, ut ceterorum siderum, globus est, ceterum fulgor extenditur.",quorum natura quidem ut ceterorum siderum globus est ceterum fulgor extenditur,quorum natura quidem ut ceterorum siderum globus est ceterum fulgor extenditur
12196,body,1077,3,True,,"Quemadmodum sol radios suos longe lateque dimittit, ceterum ipsi alia est forma, alia ei quod ex ipso fluit lumini, sic cometarum corpus ipsum corrotundatur, splendor autem longior quam ceterorum siderum apparet.",quemadmodum sol radios suos longe lateque dimittit ceterum ipsi alia est forma alia ei quod ex ipso fluit lumini sic cometarum corpus ipsum corrotundatur splendor autem longior quam ceterorum siderum apparet,quemadmodum sol radios suos longe lateque dimittit ceterum ipsi alia est forma alia ei quod ex ipso fluit lumini sic cometarum corpus ipsum corrotundatur splendor autem longior quam ceterorum siderum apparet
12196,head,1078,0,True,,CAPUT 27,caput,caput
12196,body,1079,0,False,,Quare? inquis.,quare inquis,quare inquis
12196,body,1079,1,True,,"Dic tu mihi prius quare luna dissimillimum soli lumen accipiat, cum accipiat a sole; quare modo rubeat, modo palleat; quare liuidus illi et ater color sit, cum conspectu solis excluditur.",dic tu mihi prius quare luna dissimillimum soli lumen accipiat cum accipiat a sole quare modo rubeat modo palleat quare liuidus illi et ater color sit cum conspectu solis excluditur,dic tu mihi prius quare luna dissimillimum soli lumen accipiat cum accipiat a sole quare modo rubeat modo palleat quare liuidus illi et ater color sit cum conspectu solis excluditur
12196,body,1080,0,False,,"Dic mihi quare omnes stellae inter se dissimilem habeant aliquatenus faciem, diuersissimam soli.",dic mihi quare omnes stellae inter se dissimilem habeant aliquatenus faciem diuersissimam soli,dic mihi quare omnes stellae inter se dissimilem habeant aliquatenus faciem diuersissimam soli
12196,body,1080,1,True,,"Quomodo nihil prohibet ista sidera esse, quamuis similia non sint, sic nihil prohibet cometas aeternos esse et sortis eiusdem cuius cetera, etiamsi faciem illis non habent similem.",quomodo nihil prohibet ista sidera esse quamuis similia non sint sic nihil prohibet cometas aeternos esse et sortis eiusdem cuius cetera etiamsi faciem illis non habent similem,quomodo nihil prohibet ista sidera esse quamuis similia non sint sic nihil prohibet cometas aeternos esse et sortis eiusdem cuius cetera etiamsi faciem illis non habent similem
12196,body,1081,0,False,,Quid porro?,quid porro,quid porro
12196,body,1081,1,False,,"Mundus ipse, si consideres illum, nonne ex diuersis compositus est?",mundus ipse si consideres illum nonne ex diuersis compositus est,mundus ipse si consideres illum nonne ex diuersis compositus est
12196,body,1081,2,False,,"Quid est quare in Leone sol semper ardeat et terras aestibus torreat, in Aquario astringat hiemem, flumina gelu claudat?",quid est quare in leone sol semper ardeat et terras aestibus torreat in aquario astringat hiemem flumina gelu claudat,quid est quare in leone sol semper ardeat et terras aestibus torreat in aquario astringat hiemem flumina gelu claudat
12196,body,1081,3,False,,"Et hoc tamen et illud sidus eiusdem condicionis est, cum effectu et natura dissimile sit.",et hoc tamen et illud sidus eiusdem condicionis est cum effectu et natura dissimile sit,et hoc tamen et illud sidus eiusdem condicionis est cum effectu et natura dissimile sit
12196,body,1081,4,True,,"Intra breuissimum tempus Aries extollitur, Libra tardissime emergit: et hoc tamen sidus et illud eiusdem naturae est, cum illud exiguo tempore ascendat, illud diu proferatur.",intra breuissimum tempus aries extollitur libra tardissime emergit et hoc tamen sidus et illud eiusdem naturae est cum illud exiguo tempore ascendat illud diu proferatur,intra breuissimum tempus aries extollitur libra tardissime emergit et hoc tamen sidus et illud eiusdem naturae est cum illud exiguo tempore ascendat illud diu proferatur
12196,body,1082,0,False,,Non uides quam contraria inter se elementa sint?,non uides quam contraria inter se elementa sint,non uides quam contraria inter se elementa sint
12196,body,1082,1,False,,"Grauia et leuia sunt, frigida et calida, umida et sicca; tota haec mundi concordia ex discordibus constat: negas cometen stellam esse, quia forma eius non respondeat ad exemplar nec sit ceteris similis?",grauia et leuia sunt frigida et calida umida et sicca tota haec mundi concordia ex discordibus constat negas cometen stellam esse quia forma eius non respondeat ad exemplar nec sit ceteris similis,grauia et leuia sunt frigida et calida umida et sicca tota haec mundi concordia ex discordibus constat negas cometen stellam esse quia forma eius non respondeat ad exemplar nec sit ceteris similis
12196,body,1082,2,True,,Vides enim: simillima est illa quae tricesimo anno reuertitur ad locum suum huic quae intra annum reuisit sedem suam.,vides enim simillima est illa quae tricesimo anno reuertitur ad locum suum huic quae intra annum reuisit sedem suam,uides enim simillima est illa quae tricesimo anno reuertitur ad locum suum huic quae intra annum reuisit sedem suam
12196,body,1083,0,False,,"Non ad unam natura formam opus suum praestat sed ipsa uarietate se iactat: alia maiora, alia uelociora aliis fecit, alia ualidiora, alia temperatiora, quaedam eduxit a turba, ut singula et conspicua procederent, quaedam in gregem misit.",non ad unam natura formam opus suum praestat sed ipsa uarietate se iactat alia maiora alia uelociora aliis fecit alia ualidiora alia temperatiora quaedam eduxit a turba ut singula et conspicua procederent quaedam in gregem misit,non ad unam natura formam opus suum praestat sed ipsa uarietate se iactat alia maiora alia uelociora aliis fecit alia ualidiora alia temperatiora quaedam eduxit a turba ut singula et conspicua procederent quaedam in gregem misit
12196,body,1083,1,True,,"Ignorat naturae potentiam qui illi non putat aliquando licere, nisi quod saepius fecit:",ignorat naturae potentiam qui illi non putat aliquando licere nisi quod saepius fecit,ignorat naturae potentiam qui illi non putat aliquando licere nisi quod saepius fecit
12196,body,1084,0,False,,"cometas non frequenter ostendit, attribuit illis alium locum, alia tempora, dissimiles ceteris motus; uoluit et his magnitudinem operis sui colere.",cometas non frequenter ostendit attribuit illis alium locum alia tempora dissimiles ceteris motus uoluit et his magnitudinem operis sui colere,cometas non frequenter ostendit attribuit illis alium locum alia tempora dissimiles ceteris motus uoluit et his magnitudinem operis sui colere
12196,body,1084,1,True,,"Quorum formosior facies est quam ut fortuitam putes, siue amplitudinem eorum consideres siue fulgorem, qui maior est ardentiorque quam ceteris; facies uero habet insigne quiddam et singulare, non in angustum coniecta et artata sed dimissa liberius et multarum stellarum amplexa regionem.",quorum formosior facies est quam ut fortuitam putes siue amplitudinem eorum consideres siue fulgorem qui maior est ardentiorque quam ceteris facies uero habet insigne quiddam et singulare non in angustum coniecta et artata sed dimissa liberius et multarum stellarum amplexa regionem,quorum formosior facies est quam ut fortuitam putes siue amplitudinem eorum consideres siue fulgorem qui maior est ardentiorque quam ceteris facies uero habet insigne quiddam et singulare non in angustum coniecta et artata sed dimissa liberius et multarum stellarum amplexa regionem
12196,head,1085,0,True,,CAPUT 28,caput,caput
12196,body,1086,0,False,,Aristoteles ait cometas significare tempestatem et uentorum intemperantiam atque imbrium.,aristoteles ait cometas significare tempestatem et uentorum intemperantiam atque imbrium,aristoteles ait cometas significare tempestatem et uentorum intemperantiam atque imbrium
12196,body,1086,1,False,,Quid ergo?,quid ergo,quid ergo
12196,body,1086,2,False,,Non iudicas sidus esse quod futura denuntiat?,non iudicas sidus esse quod futura denuntiat,non iudicas sidus esse quod futura denuntiat
12196,body,1086,3,True,,"Non enim sic hoc tempestatis signum est quomodo futurae pluuiae ""scintillare oleum et putres concrescere fungos,"" aut quomodo indicium est saeuituri maris, si ""marinae in sicco ludunt fulicae notasque paludes deserit atque altam supra uolat ardea nubem,"" sed sic quomodo aequinoctium in calorem frigusque flectentis anni, quomodo illa quae Chaldaei a canunt, quid stella nascentibus triste laetumue constituat.",non enim sic hoc tempestatis signum est quomodo futurae pluuiae scintillare oleum et putres concrescere fungos aut quomodo indicium est saeuituri maris si marinae in sicco ludunt fulicae notasque paludes deserit atque altam supra uolat ardea nubem sed sic quomodo aequinoctium in calorem frigusque flectentis anni quomodo illa quae chaldaei a canunt quid stella nascentibus triste laetumue constituat,non enim sic hoc tempestatis signum est quomodo futurae pluuiae scintillare oleum et putres concrescere fungos aut quomodo indicium est saeuituri maris si marinae in sicco ludunt fulicae notasque paludes deserit atque altam supra uolat ardea nubem sed sic quomodo aequinoctium in calorem frigusque flectentis anni quomodo illa quae chaldaei a canunt quid stella nascentibus triste laetumue constituat
12196,body,1087,0,True,,"Hoc ut scias ita esse, non statim cometas ortus uentos et pluuias minatur, ut Aristoteles ait, sed annum totum suspectum facit; ex quo apparet illum non ex proximo quae in proximum daret signa traxisse, sed habere reposita et comprensa legibus mundi.",hoc ut scias ita esse non statim cometas ortus uentos et pluuias minatur ut aristoteles ait sed annum totum suspectum facit ex quo apparet illum non ex proximo quae in proximum daret signa traxisse sed habere reposita et comprensa legibus mundi,hoc ut scias ita esse non statim cometas ortus uentos et pluuias minatur ut aristoteles ait sed annum totum suspectum facit ex quo apparet illum non ex proximo quae in proximum daret signa traxisse sed habere reposita et comprensa legibus mundi
12196,body,1088,0,True,,"Fecit hic cometes, qui Paterculo et Vopisco consulibus apparuit, quae ab Aristotele Theophrastoque sunt praedicta; fuerunt enim maximae et continuae tempestates ubique, at in Achaia Macedoniaque urbes terrarum motibus prorutae sunt.",fecit hic cometes qui paterculo et vopisco consulibus apparuit quae ab aristotele theophrastoque sunt praedicta fuerunt enim maximae et continuae tempestates ubique at in achaia macedoniaque urbes terrarum motibus prorutae sunt,fecit hic cometes qui paterculo et uopisco consulibus apparuit quae ab aristotele theophrastoque sunt praedicta fuerunt enim maximae et continuae tempestates ubique at in achaia macedoniaque urbes terrarum motibus prorutae sunt
12196,head,1089,0,True,,CAPUT 29,caput,caput
12196,body,1090,0,False,,"Tarditas, inquit, illorum argumentum est grauiores esse multumque in se habere terreni.",tarditas inquit illorum argumentum est grauiores esse multumque in se habere terreni,tarditas inquit illorum argumentum est grauiores esse multumque in se habere terreni
12196,body,1090,1,False,,Ipse praeterea cursus: fere enim compelluntur in cardines.,ipse praeterea cursus fere enim compelluntur in cardines,ipse praeterea cursus fere enim compelluntur in cardines
12196,body,1090,2,False,,Utrumque falsum est.,utrumque falsum est,utrumque falsum est
12196,body,1090,3,False,,De priore dicam prius: Omnia quae tardius feruntur grauia sunt.,de priore dicam prius omnia quae tardius feruntur grauia sunt,de priore dicam prius omnia quae tardius feruntur grauia sunt
12196,body,1090,4,False,,Quid ergo?,quid ergo,quid ergo
12196,body,1090,5,False,,"Stella Saturni, quae ex omnibus iter suum lentissime efficit, grauis est?",stella saturni quae ex omnibus iter suum lentissime efficit grauis est,stella saturni quae ex omnibus iter suum lentissime efficit grauis est
12196,body,1090,6,True,,Atqui leuitatis argumentum habet quod supra ceteras est.,atqui leuitatis argumentum habet quod supra ceteras est,atqui leuitatis argumentum habet quod supra ceteras est
12196,body,1091,0,False,,"Sed maiore, inquis, ambitu circuit nec tardius it quam ceterae sed longius.",sed maiore inquis ambitu circuit nec tardius it quam ceterae sed longius,sed maiore inquis ambitu circuit nec tardius it quam ceterae sed longius
12196,body,1091,1,False,,"Succurrat tibi idem me de cometis posse dicere, etiamsi segnior illis cursus sit.",succurrat tibi idem me de cometis posse dicere etiamsi segnior illis cursus sit,succurrat tibi idem me de cometis posse dicere etiamsi segnior illis cursus sit
12196,body,1091,2,True,,"Sed mendacium est ire eos tardius: nam intra sextum mensem dimidiam partem caeli transcurrit hic proximus, prior intra pauciores menses recepit se.",sed mendacium est ire eos tardius nam intra sextum mensem dimidiam partem caeli transcurrit hic proximus prior intra pauciores menses recepit se,sed mendacium est ire eos tardius nam intra sextum mensem dimidiam partem caeli transcurrit hic proximus prior intra pauciores menses recepit se
12196,body,1092,0,False,,"Sed quia graues sunt, inferius deferuntur.",sed quia graues sunt inferius deferuntur,sed quia graues sunt inferius deferuntur
12196,body,1092,1,False,,Primum non defertur quod circumfertur.,primum non defertur quod circumfertur,primum non defertur quod circumfertur
12196,body,1092,2,False,,"Deinde hic proximus a septentrione motus sui initium facit et per occidentem in meridiana peruertit erigensque cursum suum oblituit, alter ille Claudianus, a septentrione primum uisus, non desiit in rectum assidue celsior ferri, donec excessit.",deinde hic proximus a septentrione motus sui initium facit et per occidentem in meridiana peruertit erigensque cursum suum oblituit alter ille claudianus a septentrione primum uisus non desiit in rectum assidue celsior ferri donec excessit,deinde hic proximus a septentrione motus sui initium facit et per occidentem in meridiana peruertit erigensque cursum suum oblituit alter ille claudianus a septentrione primum uisus non desiit in rectum assidue celsior ferri donec excessit
12196,body,1092,3,True,,"Haec sunt quae aut alios mouere ad cometas pertinentia aut me: quae an uera sint, dii sciunt, quibus est scientia ueri; nobis rimari illa et coniectura ire in occulta tantum licet, nec cum fiducia inueniendi nec sine spe.",haec sunt quae aut alios mouere ad cometas pertinentia aut me quae an uera sint dii sciunt quibus est scientia ueri nobis rimari illa et coniectura ire in occulta tantum licet nec cum fiducia inueniendi nec sine spe,haec sunt quae aut alios mouere ad cometas pertinentia aut me quae an uera sint dii sciunt quibus est scientia ueri nobis rimari illa et coniectura ire in occulta tantum licet nec cum fiducia inueniendi nec sine spe
12196,head,1093,0,True,,CAPUT 30,caput,caput
12196,body,1094,0,False,,Egregie Aristoteles ait numquam nos uerecundiores esse debere quam cum de diis agitur.,egregie aristoteles ait numquam nos uerecundiores esse debere quam cum de diis agitur,egregie aristoteles ait numquam nos uerecundiores esse debere quam cum de diis agitur
12196,body,1094,1,True,,"Si intramus templa compositi, si ad sacrificium accessuri uultum submittimus, togam adducimus, si in omne argumentum modestiae fingimur, quanto hoc magis facere debemus, cum de sideribus de stellis de deorum natura disputamus, ne quid temere, ne quid impudenter aut ignorantes afirmemus aut scientes mentiamur!",si intramus templa compositi si ad sacrificium accessuri uultum submittimus togam adducimus si in omne argumentum modestiae fingimur quanto hoc magis facere debemus cum de sideribus de stellis de deorum natura disputamus ne quid temere ne quid impudenter aut ignorantes afirmemus aut scientes mentiamur,si intramus templa compositi si ad sacrificium accessuri uultum submittimus togam adducimus si in omne argumentum modestiae fingimur quanto hoc magis facere debemus cum de sideribus de stellis de deorum natura disputamus ne quid temere ne quid impudenter aut ignorantes afirmemus aut scientes mentiamur
12196,body,1095,0,False,,Nec miremur tam tarde erui quae tam alte iacent.,nec miremur tam tarde erui quae tam alte iacent,nec miremur tam tarde erui quae tam alte iacent
12196,body,1095,1,True,,"Panaetio et his qui uideri uolunt cometen non esse ordinarium sidus sed falsam sideris faciem, diligenter tractandum est an aeque omnis pars anni edendis cometis satis apta sit, an omnis caeli regio idonea in qua creentur, an quacumque ire ibi etiam concipi possint, et cetera: quae uniuersa tolluntur, cum dico illos non fortuitos esse ignes, sed intextos mundo, quos non frequenter educit sed in occulto mouet.",panaetio et his qui uideri uolunt cometen non esse ordinarium sidus sed falsam sideris faciem diligenter tractandum est an aeque omnis pars anni edendis cometis satis apta sit an omnis caeli regio idonea in qua creentur an quacumque ire ibi etiam concipi possint et cetera quae uniuersa tolluntur cum dico illos non fortuitos esse ignes sed intextos mundo quos non frequenter educit sed in occulto mouet,panaetio et his qui uideri uolunt cometen non esse ordinarium sidus sed falsam sideris faciem diligenter tractandum est an aeque omnis pars anni edendis cometis satis apta sit an omnis caeli regio idonea in qua creentur an quacumque ire ibi etiam concipi possint et cetera quae uniuersa tolluntur cum dico illos non fortuitos esse ignes sed intextos mundo quos non frequenter educit sed in occulto mouet
12196,body,1096,0,False,,Quam multa praeter hos per secretum eunt numquam humanis oculis orientia!,quam multa praeter hos per secretum eunt numquam humanis oculis orientia,quam multa praeter hos per secretum eunt numquam humanis oculis orientia
12196,body,1096,1,False,,Neque enim omnia deus homini fecit.,neque enim omnia deus homini fecit,neque enim omnia deus homini fecit
12196,body,1096,2,False,,Quota pars operis tanti nobis committitur?,quota pars operis tanti nobis committitur,quota pars operis tanti nobis committitur
12196,body,1096,3,True,,"Ipse, qui ista tractat, qui condidit, qui totum hoc fundauit deditque circa se, maiorque est pars sui operis ac melior, effugit oculos:",ipse qui ista tractat qui condidit qui totum hoc fundauit deditque circa se maiorque est pars sui operis ac melior effugit oculos,ipse qui ista tractat qui condidit qui totum hoc fundauit deditque circa se maiorque est pars sui operis ac melior effugit oculos
12196,body,1097,0,False,,cogitatione uisendus est.,cogitatione uisendus est,cogitatione uisendus est
12196,body,1097,1,False,,"Multa praeterea cognata numini summo et uicinam sortita potentiam obscura sunt aut fortasse, quod magis mireris, oculos nostros et implent et effugiunt, siue illis tanta subtilitas est quantam consequi acies humana non possit, siue in sanctiore secessu maiestas tanta delituit et regnum suum, id est se, regit nec ulli dat aditum nisi animo.",multa praeterea cognata numini summo et uicinam sortita potentiam obscura sunt aut fortasse quod magis mireris oculos nostros et implent et effugiunt siue illis tanta subtilitas est quantam consequi acies humana non possit siue in sanctiore secessu maiestas tanta delituit et regnum suum id est se regit nec ulli dat aditum nisi animo,multa praeterea cognata numini summo et uicinam sortita potentiam obscura sunt aut fortasse quod magis mireris oculos nostros et implent et effugiunt siue illis tanta subtilitas est quantam consequi acies humana non possit siue in sanctiore secessu maiestas tanta delituit et regnum suum id est se regit nec ulli dat aditum nisi animo
12196,body,1097,2,True,,"Quid sit hoc sine quo nihil est, scire non possumus: et miramur si quos igniculos parum nouimus, cum maxima pars mundi, deus, lateat!",quid sit hoc sine quo nihil est scire non possumus et miramur si quos igniculos parum nouimus cum maxima pars mundi deus lateat,quid sit hoc sine quo nihil est scire non possumus et miramur si quos igniculos parum nouimus cum maxima pars mundi deus lateat
12196,body,1098,0,False,,"Quam multa animalia hoc primum cognouimus saeculo, quam multa negotia ne hoc quidem!",quam multa animalia hoc primum cognouimus saeculo quam multa negotia ne hoc quidem,quam multa animalia hoc primum cognouimus saeculo quam multa negotia ne hoc quidem
12196,body,1098,1,True,,"Multa uenientis aeui populus ignota nobis sciet; multa saeculis tunc futuris, cum memoria nostri exoleuerit, reseruantur: pusilla res mundus est, nisi in illo quod quaerat omnis mundus habeat.",multa uenientis aeui populus ignota nobis sciet multa saeculis tunc futuris cum memoria nostri exoleuerit reseruantur pusilla res mundus est nisi in illo quod quaerat omnis mundus habeat,multa uenientis aeui populus ignota nobis sciet multa saeculis tunc futuris cum memoria nostri exoleuerit reseruantur pusilla res mundus est nisi in illo quod quaerat omnis mundus habeat
12196,body,1099,0,False,,Non semel quaedam sacra traduntur: Eleusin seruat quod ostendat reuisentibus.,non semel quaedam sacra traduntur eleusin seruat quod ostendat reuisentibus,non semel quaedam sacra traduntur eleusin seruat quod ostendat reuisentibus
12196,body,1099,1,True,,"Rerum natura sacra sua non semel tradit; initiatos nos credimus: in uestibulo eius haeremus; illa arcana non promiscue nec omnibus patent: reducta et interiore sacrario clausa sunt, ex quibus aliud haec aetas, aliud quae post nos subibit aspiciet.",rerum natura sacra sua non semel tradit initiatos nos credimus in uestibulo eius haeremus illa arcana non promiscue nec omnibus patent reducta et interiore sacrario clausa sunt ex quibus aliud haec aetas aliud quae post nos subibit aspiciet,rerum natura sacra sua non semel tradit initiatos nos credimus in uestibulo eius haeremus illa arcana non promiscue nec omnibus patent reducta et interiore sacrario clausa sunt ex quibus aliud haec aetas aliud quae post nos subibit aspiciet
12196,head,1100,0,True,,CAPUT 31,caput,caput
12196,body,1101,0,False,,Quando ergo ista in notitiam nostram perducentur?,quando ergo ista in notitiam nostram perducentur,quando ergo ista in notitiam nostram perducentur
12196,body,1101,1,False,,"Tarde magna proueniunt, utique si labor cessat.",tarde magna proueniunt utique si labor cessat,tarde magna proueniunt utique si labor cessat
12196,body,1101,2,True,,"Id quod unum toto agimus animo, nondum perfecimus, ut pessimi essemus: adhuc in processu uitia sunt; inuenit luxuria aliquid noui, in quod insaniat, inuertit impudicitia nouam contumeliam sibi, inuertit deliciarum dissolutio et tabes aliquid adhuc tenerius molliusque, quo pereat.",id quod unum toto agimus animo nondum perfecimus ut pessimi essemus adhuc in processu uitia sunt inuenit luxuria aliquid noui in quod insaniat inuertit impudicitia nouam contumeliam sibi inuertit deliciarum dissolutio et tabes aliquid adhuc tenerius molliusque quo pereat,id quod unum toto agimus animo nondum perfecimus ut pessimi essemus adhuc in processu uitia sunt inuenit luxuria aliquid noui in quod insaniat inuertit impudicitia nouam contumeliam sibi inuertit deliciarum dissolutio et tabes aliquid adhuc tenerius molliusque quo pereat
12196,body,1102,0,False,,Nondum satis robur omne proiecimus: adhuc quicquid est boni moris extinguimus.,nondum satis robur omne proiecimus adhuc quicquid est boni moris extinguimus,nondum satis robur omne proiecimus adhuc quicquid est boni moris extinguimus
12196,body,1102,1,True,,"Leuitate et politura corporum muliebres munditias antecessimus, colores meretricios matronis quidem non induendos uiri sumimus, tenero et molli ingressu suspendimus gradum (non ambulamus sed incedimus, exornamus anulis digitos, in omni articulo gemma disponitur;",leuitate et politura corporum muliebres munditias antecessimus colores meretricios matronis quidem non induendos uiri sumimus tenero et molli ingressu suspendimus gradum non ambulamus sed incedimus exornamus anulis digitos in omni articulo gemma disponitur,leuitate et politura corporum muliebres munditias antecessimus colores meretricios matronis quidem non induendos uiri sumimus tenero et molli ingressu suspendimus gradum non ambulamus sed incedimus exornamus anulis digitos in omni articulo gemma disponitur
12196,body,1103,0,True,,"cotidie comminiscimur per quae uirilitati fiat iniuria, ut traducatur, quia non potest exui: alius genitalia excidit, alius in obscenam ludi partem fugit et locatus ad mortem infame armaturae genus, in quo morbum suum exerceat, legit.",cotidie comminiscimur per quae uirilitati fiat iniuria ut traducatur quia non potest exui alius genitalia excidit alius in obscenam ludi partem fugit et locatus ad mortem infame armaturae genus in quo morbum suum exerceat legit,cotidie comminiscimur per quae uirilitati fiat iniuria ut traducatur quia non potest exui alius genitalia excidit alius in obscenam ludi partem fugit et locatus ad mortem infame armaturae genus in quo morbum suum exerceat legit
12196,head,1104,0,True,,CAPUT 32,caput,caput
12196,body,1105,0,False,,Miraris si nondum sapientia omne opus suum impleuit?,miraris si nondum sapientia omne opus suum impleuit,miraris si nondum sapientia omne opus suum impleuit
12196,body,1105,1,False,,"Nondum tota se nequitia protulit: adhuc nascitur, et huic omnes operam damus, huic oculi nostri, huic manus seruiunt.",nondum tota se nequitia protulit adhuc nascitur et huic omnes operam damus huic oculi nostri huic manus seruiunt,nondum tota se nequitia protulit adhuc nascitur et huic omnes operam damus huic oculi nostri huic manus seruiunt
12196,body,1105,2,False,,Ad sapientiam quis accedit?,ad sapientiam quis accedit,ad sapientiam quis accedit
12196,body,1105,3,False,,Quis dignam iudicat nisi quam in transitu nouerit?,quis dignam iudicat nisi quam in transitu nouerit,quis dignam iudicat nisi quam in transitu nouerit
12196,body,1105,4,True,,"Quis philosophum aut ullum liberale respicit studium, nisi cum ludi intercalantur, cum aliquis pluuius interuenit dies quem perdere libet?",quis philosophum aut ullum liberale respicit studium nisi cum ludi intercalantur cum aliquis pluuius interuenit dies quem perdere libet,quis philosophum aut ullum liberale respicit studium nisi cum ludi intercalantur cum aliquis pluuius interuenit dies quem perdere libet
12196,body,1106,0,False,,Itaque tot familiae philosophorum sine successore deficiunt: Academici et ueteres et minores nullum antistitem reliquerunt; quis est qui tradat praecepta Pyrrhonis?,itaque tot familiae philosophorum sine successore deficiunt academici et ueteres et minores nullum antistitem reliquerunt quis est qui tradat praecepta pyrrhonis,itaque tot familiae philosophorum sine successore deficiunt academici et ueteres et minores nullum antistitem reliquerunt quis est qui tradat praecepta pyrrhonis
12196,body,1106,1,True,,"Pythagorica illa inuidiosa turbae schola praeceptorem non inuenit; Sextiorum noua et Romani roboris secta inter initia sua, cum magno impetu coepisset, extincta est.",pythagorica illa inuidiosa turbae schola praeceptorem non inuenit sextiorum noua et romani roboris secta inter initia sua cum magno impetu coepisset extincta est,pythagorica illa inuidiosa turbae schola praeceptorem non inuenit sextiorum noua et romani roboris secta inter initia sua cum magno impetu coepisset extincta est
12196,body,1107,0,False,,"At quanta cura laboratur, ne cuius pantomimi nomen intercidat!",at quanta cura laboratur ne cuius pantomimi nomen intercidat,at quanta cura laboratur ne cuius pantomimi nomen intercidat
12196,body,1107,1,False,,"Stat per successores Pyladis et Bathylli domus, harum artium multi discipuli sunt multique doctores; priuatum urbe tota sonat pulpitum; in hoc mares, in hoc feminae tripudiant: mares inter se uxoresque contendunt uter det latus mollius.",stat per successores pyladis et bathylli domus harum artium multi discipuli sunt multique doctores priuatum urbe tota sonat pulpitum in hoc mares in hoc feminae tripudiant mares inter se uxoresque contendunt uter det latus mollius,stat per successores pyladis et bathylli domus harum artium multi discipuli sunt multique doctores priuatum urbe tota sonat pulpitum in hoc mares in hoc feminae tripudiant mares inter se uxoresque contendunt uter det latus mollius
12196,body,1107,2,True,,"Deinde sub persona cum diu trita frons est, transitur ad galeam.",deinde sub persona cum diu trita frons est transitur ad galeam,deinde sub persona cum diu trita frons est transitur ad galeam
12196,body,1108,0,False,,Philosophiae nulla cura est.,philosophiae nulla cura est,philosophiae nulla cura est
12196,body,1108,1,False,,"Itaque adeo nihil inuenitur ex his que parum inuestigata antiqui reliquerunt, ut multa quae inuenta erant oblitterentur.",itaque adeo nihil inuenitur ex his que parum inuestigata antiqui reliquerunt ut multa quae inuenta erant oblitterentur,itaque adeo nihil inuenitur ex his que parum inuestigata antiqui reliquerunt ut multa quae inuenta erant oblitterentur
12196,body,1108,2,True,,"At mehercule, si hoc totis membris premeremus, si in hoc iuuentus sobria incumberet, hoc maiores docerent, hoc minores addiscerent, uix ad fundum ueniretur, in quo ueritas posita est, quam nunc in summa terra et leui manu quaerimus.",at mehercule si hoc totis membris premeremus si in hoc iuuentus sobria incumberet hoc maiores docerent hoc minores addiscerent uix ad fundum ueniretur in quo ueritas posita est quam nunc in summa terra et leui manu quaerimus,at mehercule si hoc totis membris premeremus si in hoc iuuentus sobria incumberet hoc maiores docerent hoc minores addiscerent uix ad fundum ueniretur in quo ueritas posita est quam nunc in summa terra et leui manu quaerimus
